"V1","V2","V3","V4"
-0.982981020858264,-0.442388056339965,-0.120217113961634,0.00752461578057578
-1.47528106110235,-0.612128860804076,-0.098507658690515,0.141444103926553
-1.34194145122898,-1.10202927934584,-0.985347532152054,-0.995331395784527
-1.3807679837548,-1.0551999988596,-0.845697004507722,-0.753227670801266
-1.44519235585636,-1.05374077853798,-0.777158261751896,-0.613769217004798
-1.61022310634327,-0.942692780589546,-0.572644177634052,-0.432466099454283
-1.23965321357752,-0.534289756393693,-0.150065053088791,-0.042782925950463
-1.47360176752224,-0.888362591584506,-0.539104617939036,-0.382013023464637
-1.13624662623595,-0.813879984795393,-0.628238010622125,-0.564997152742663
-1.58191232959539,-1.16957354086511,-0.914599651134889,-0.791131730934777
-0.911090100699722,-0.511478955875774,-0.290541546235089,-0.20886386968315
-0.622775546661035,-0.0788529333191719,0.273201691512669,0.416295268951109
-1.43131525993998,-0.889767443185699,-0.605919143088296,-0.525465056715985
-1.55597276767778,-0.767169357814606,-0.331665963105092,-0.178320120516563
-0.349348582818983,0.133002040548128,0.38294754366865,0.429795470270996
-0.800624777922837,-0.376879958843972,-0.133382200853398,-0.0582685541920753
-1.39850902669487,-0.672151186471059,-0.28345717147029,-0.152898396528529
-1.71475830347046,-1.17966885002949,-0.883745087556378,-0.766148930622751
-1.26209618770297,-0.634848881722857,-0.276888474440727,-0.13570100442149
-1.27785264568999,-0.67459510997324,-0.332747354579354,-0.204398325193899
-1.55056936380464,-0.950728414250698,-0.538010305898586,-0.295181598493669
-1.76657107990599,-1.26579457760323,-0.953868422652151,-0.817262250224706
-1.22804709032045,-0.82141479109881,-0.527133327572849,-0.344716965892457
-2.03496161343048,-1.62904056062477,-1.34211424893954,-1.18237343529431
-0.522356562421002,-0.345453385824089,-0.273778665907053,-0.309809767671647
-1.10834224320171,-0.699405038519539,-0.462297639563756,-0.382067603132984
-1.06475051251122,-0.758087840696576,-0.598518289801788,-0.586763494586924
-1.90261896942843,-1.44739280357596,-1.13771458355163,-0.965007014315504
-1.44521161802187,-0.766891836171413,-0.3710257104847,-0.221845593006215
-1.32726666825455,-0.693101573613868,-0.20508114586011,0.130613798936171
-1.30147698623573,-0.757432393325627,-0.402569705447667,-0.224069314190708
-0.919585176733109,-0.706475884495476,-0.615275691486818,-0.623886083782979
-1.59186740761989,-1.11846171564576,-0.745909164608929,-0.481656256958012
-1.43947545585211,-1.17259918546236,-1.03535280724406,-1.01879239626557
-1.03620467164071,-0.470675713518196,-0.0940991324504124,0.125670507230167
-0.686480790534555,-0.26630404663219,-0.0740479449743181,-0.0741377239862148
-0.692872850980876,-0.191974854543772,0.101665054489663,0.212725102172495
-0.890563420740292,-0.463388436038165,-0.156695942208957,0.0144315712606627
-1.59554466178098,-0.825529656349273,-0.379499833237661,-0.178328659502653
-1.56731643756824,-1.19648277792535,-0.936118094447044,-0.790137286267997
-1.20488181980048,-0.599212764983199,-0.195518308643039,0.0151348312102695
-2.19124874840305,-1.52931437252053,-1.1298733313862,-0.944463618330195
-1.63285568345076,-1.15859527906283,-0.862149360709511,-0.728519424753886
-1.19669574884884,-0.617643741505838,-0.334514399900675,-0.289744526304522
-1.3662502107123,-0.781430748362678,-0.486757121203993,-0.393431725157824
-0.54455351090888,-0.175624205750275,0.0264481883640281,0.0894449786461744
-1.8168215882915,-1.28365310876519,-0.986161894682305,-0.877629127346787
-1.08203967189735,-0.787579397863496,-0.571472678237443,-0.441899694223123
-0.997898180254302,-0.728922277078083,-0.55733889040043,-0.496574614113608
-0.694867563477138,-0.13265515654948,0.166218201911738,0.237283138194941
-0.688548388543273,-0.601724650265942,-0.56260894501465,-0.591556208598215
-1.28025153344799,-0.758311117576669,-0.479729338036233,-0.40777800898731
-1.55931727615172,-0.538624264412043,0.0647602841045187,0.302832464551787
-1.83699238499833,-1.26046174985256,-0.887947892996888,-0.709992261515247
-1.58672638900809,-1.07984413848089,-0.74512290451839,-0.565410072076568
-1.24466659849727,-0.628263812110231,-0.183865375017304,0.0848260583696618
-0.782714832164008,-0.452290529534024,-0.218495746186999,-0.0829683007434705
-2.32122204060762,-1.53725477247289,-1.04031518044986,-0.809219481254699
-1.18793231523118,-0.598116084650442,-0.361154606392341,-0.34456664737538
-1.85477119416409,-1.38816693477761,-1.10472450663767,-0.986420028250494
-1.20474679572515,-0.80141010193412,-0.530081859338231,-0.381505163434457
-1.11293035706972,-0.224022017697111,0.279561200182616,0.500933871639544
-1.0389036079215,-0.488466996736959,-0.134374993535496,0.0568931219948057
-1.15107469897924,-0.515995214946765,-0.184799132470371,-0.0946734962312351
-1.45632590612776,-1.02544391629786,-0.757181952287499,-0.650524006835027
-1.19932684704914,-0.936740747430235,-0.754286703504504,-0.647279034071367
-1.67225473146861,-1.09791779184449,-0.743166722620817,-0.588113798947155
-0.711706657586782,-0.36960220723303,-0.189653044429401,-0.172245687394129
-1.79223772754128,-1.00810634508858,-0.580620749231235,-0.448858229915929
-0.674031763612138,-0.254236886898418,-0.05365439486894,-0.0253939624115659
-0.961269169382577,-0.483010855625669,-0.14484964580651,0.0383235960488469
-0.954380018882574,-0.438969025113616,-0.101874545135237,0.0438754088810783
-0.809864265893905,-0.35075046217711,-0.139877054840549,-0.156913009038355
-1.1417136656235,-0.579586294788001,-0.300108682388755,-0.219553558105066
-2.13658603017721,-1.67423222251349,-1.34679215024101,-1.18824000944356
-1.51692724818912,-0.982323640400176,-0.676814864928799,-0.54877503401605
-1.6177095587518,-1.17103007429268,-0.885974068565405,-0.765836677699028
-1.32731089426722,-1.09249096922724,-0.972661371509388,-0.952106770424824
-1.08583526506033,-0.848225746509325,-0.740148766259492,-0.755448519897729
-1.7211122371664,-1.10271614292808,-0.670841466980848,-0.43063898881365
-1.15325760278482,-0.682795697425688,-0.414329901273842,-0.333078055072071
-0.700828033428214,-0.04721610577787,0.291734008932207,0.35007773795631
-0.621112971208006,-0.105611740421883,0.177506395833349,0.244925665009584
-1.09562330576253,-0.412454369551432,0.0161021976025707,0.24689749413128
-0.907950662752124,-0.360182278982288,-0.0485729836583477,0.0601571718601822
-1.36440670255817,-1.06049105293724,-0.852242554693166,-0.737281604243944
-1.00370041897287,-0.371584234231878,-0.0891616419785382,-0.0471345952181889
-2.50283645933804,-1.96459700599982,-1.56582203784197,-1.32019959980492
-1.04556241039838,-0.638365219727409,-0.395715026527617,-0.290173824297488
-1.15671661068257,-0.641757185958887,-0.384719552807563,-0.338210636893607
-0.869420986209897,-0.542297881520818,-0.307652247790905,-0.164741069295159
-1.7970399978024,-1.13948868452997,-0.668514513143476,-0.370181407378308
-1.83111971515963,-1.40978373675549,-1.14047511482683,-1.02997986723403
-1.20556140124325,-0.797993044251146,-0.566635943208536,-0.495619190209396
-0.879411557364297,-0.463900935572516,-0.238884596633944,-0.176948715460663
-1.72117022931386,-1.34379193159303,-1.110835647566,-1.01989852846606
-1.07090386728621,-0.52906299111685,-0.160255407253489,0.0368444667254146
-1.51052358932597,-1.06455803024146,-0.840663802147691,-0.800394577022303
-0.478802928908862,-0.185024401224362,-0.0135597851745613,0.0192057507480109
-1.71877854552718,-1.23117322799247,-0.89240076745236,-0.713182714403023
-0.177404880958714,0.273376755095216,0.551232534391835,0.640110912577704
-0.342981384500215,0.112671397182346,0.385682582370381,0.474996711051478
-1.07645539534141,-0.73190341015685,-0.510928868998373,-0.419266223734777
-0.261760006309012,-0.014631538732701,0.0826763448703518,0.0623865154778311
-1.06758407632715,-0.505686724556477,-0.154882151856581,-0.00537144675921175
-1.03622304697258,-0.753088744943675,-0.572616039165843,-0.482993721700048
-0.797343759865764,-0.514206335552677,-0.337156483765998,-0.268598344731085
-0.813374956166849,-0.437881642396404,-0.183101319159397,-0.0553072082709736
-2.57400129740123,-1.88057145479489,-1.43176034946954,-1.21235485013943
-1.56936943948135,-0.951117701200685,-0.550233519625149,-0.347976609994233
-1.00425598725266,-0.628235578223767,-0.407253659507105,-0.31408375000752
-1.36986374723764,-0.661338851865449,-0.203918148606373,0.00316423975102365
-1.10774007217842,-0.638576923866442,-0.344770206183396,-0.208507714816437
-1.47928148742974,-0.827728787789532,-0.472351631614185,-0.332764925512081
-1.12032531560564,-0.502157294815118,-0.129695831169926,0.0435185821421423
-1.11032778205403,-0.48011393383816,-0.106704528487778,0.0436460375618064
-0.519699375915329,-0.0212769151410262,0.21988720258575,0.26012097083391
-1.24803968996638,-0.79666940038151,-0.524934155800603,-0.396451076203049
-1.06817581343856,-0.639770673261442,-0.365935594345857,-0.212501287386178
-1.03281969738204,-0.727756388085852,-0.545217999329761,-0.479052584844807
-1.16390045623347,-0.797739079365187,-0.599030490248261,-0.529602865943721
-1.29822032220711,-0.760381946952198,-0.36892030179822,-0.133947178645497
-0.922291732077717,-0.189920876808464,0.234738058438785,0.408162846530975
-1.47757040065954,-0.942559008772398,-0.595222983714229,-0.432903237796629
-1.10449221196284,-0.782735892934566,-0.612442541307681,-0.589583543150218
-1.22242139947179,-0.60162780331416,-0.221119329983778,-0.0451884787146776
-1.1742080744988,-0.364795155445803,0.113105847073768,0.286156028435222
-1.20039436010879,-0.512645478260407,-0.11797586263686,0.0556546241554218
-1.12879472183185,-0.284450999762992,0.1995997389739,0.407726372020133
-1.24298283901422,-0.72606837948103,-0.425065172761157,-0.308031448627698
-1.82999220770063,-1.14912308304546,-0.711012631587136,-0.513919766186916
-1.40171971038941,-0.903810606927908,-0.546425295407467,-0.328214079445171
-1.54070368319911,-0.831923732518028,-0.339454771116491,-0.0430937909761316
-0.717649425467417,-0.300074870865186,-0.0691766587434381,0.011852381884927
-1.23078667054757,-0.779520186599882,-0.514571140571531,-0.411140226921396
-1.61312502993288,-1.3409393833153,-1.13538222332497,-0.998686275438325
-1.16702857180786,-0.543769785949975,-0.182260411941269,-0.0415606997028726
-1.91061874517009,-1.45109117351897,-1.14672255134223,-1.01050623551274
-2.00845979345338,-1.36001789371195,-0.92608974356201,-0.685803436563286
-1.50307674577963,-1.09071150768362,-0.868385131528137,-0.818500066367315
-1.59397048528162,-1.0061603516765,-0.650499317865753,-0.49965006079088
-1.49672981508829,-0.67027358739628,-0.0988981014206417,0.225211578486948
-1.55867707570791,-1.27697065574483,-1.09585042952906,-0.997376593207403
-0.71076709262433,-0.355052209159242,-0.167666438607821,-0.117638602722612
-0.654332101311361,-0.194460068345507,0.051886140073078,0.11199532356623
-1.90426945078871,-1.24330475545372,-0.758835335758593,-0.439062317699778
-1.23629523756354,-0.847506203123047,-0.620919205475442,-0.534517815739332
-1.6605716632261,-1.09756855223725,-0.806471328990202,-0.726129748299432
-1.13371228894773,-0.473411390922315,-0.0054746832049192,0.272577738698391
-0.782352111120123,-0.257185758454003,0.0098043173254462,0.0767773022936828
-1.65558827601077,-1.2884523460484,-1.09065422121984,-1.03807941910235
-1.27083512021483,-0.749369741254628,-0.378802620273907,-0.153973101535394
-0.88228111404787,-0.485536455944699,-0.20151570486412,-0.00234149085104488
-1.18024873695361,-0.616014967965097,-0.286190853946106,-0.169422032129627
-0.874566297609741,-0.262718886365909,0.123249180335445,0.293181595017925
-1.73399175129241,-1.27769880294328,-0.945134568788224,-0.734497597823252
-1.12621848005786,-0.599613513604749,-0.248477394009854,-0.070087049658338
-1.67774445553721,-0.936237562662881,-0.485959060840979,-0.292348490459743
-1.31161566743767,-0.806070880644957,-0.498863621791079,-0.3691382352613
-1.17702355684486,-0.733755580501419,-0.472025137580985,-0.368249993501361
-1.11939729206273,-0.623380351424803,-0.302608067790934,-0.148328095314899
-0.847207561672449,-0.477350703772507,-0.326519927492783,-0.330441065696204
-0.986920162236813,-0.492996896718633,-0.187789106887468,-0.0820976939761583
-0.85625801876378,-0.401355893636685,-0.143418745605575,-0.0763200934285355
-1.33101515626033,-0.826844536978198,-0.545746616245497,-0.432927752599811
-0.220774319218299,-0.0658027335040658,0.0189404179331239,0.0104127635342196
-1.01832335080545,-0.692772531888374,-0.522418303285711,-0.502375870917751
-0.177458897277428,-0.0152900802871876,0.0189426408393848,-0.0772065036691157
-1.92430054748032,-1.38124301800506,-1.02458442716307,-0.824498070430763
-1.106119507768,-0.57935548419611,-0.306847063217745,-0.228218186335677
-1.55909309463507,-1.0583629556538,-0.704970153424889,-0.508553842581736
-0.978082962579732,-0.551727717073821,-0.312873085650913,-0.248147395924536
-0.991155239843703,-0.30848340842175,0.081638164745773,0.217314487546352
-2.10801744845085,-1.48083990574399,-1.0497361739967,-0.811333563407447
-1.3604743052761,-0.956614398120419,-0.686958804212167,-0.557918185360113
-1.08384417126697,-0.522698953897784,-0.21506863961415,-0.115347078638454
-1.08819159710391,-0.626141181053709,-0.319413955106728,-0.179008348329651
-1.25250914425362,-0.863659470721252,-0.653755719926111,-0.60603579646323
-0.196828482842725,0.384637023810649,0.731448974370624,0.852150809362624
-1.18827181512357,-0.687831400443117,-0.384157216771477,-0.262602682113052
-1.07921311168539,-0.604164502493296,-0.274085970248503,-0.0885248164990979
0.107732048793389,0.29951278504813,0.391384999336939,0.37023198280046
-0.734909737133314,-0.481326677123319,-0.362090925041318,-0.342089446024268
-1.79713133542835,-1.10641671298668,-0.614424872194095,-0.307607459989198
-0.996637316581722,-0.737423244781728,-0.568342176712533,-0.49359796431175
-0.858082065485155,-0.468905067066054,-0.222540624965811,-0.128477983900541
-0.569350502015011,-0.0451914613125469,0.138222095124643,0.114527319861891
-1.30956053966487,-0.506657935986318,-0.0558159191021883,0.122840724677269
-1.58345264560054,-0.750807379539363,-0.236323213391528,0.0228361957554706
-1.31146963481315,-0.769172361366693,-0.446649593445762,-0.315842393613642
-2.01802710689615,-1.47789946786167,-1.09461799576664,-0.876765196659217
-1.42966834682516,-0.941211482268711,-0.666097598525491,-0.570171645375001
-1.61783052841375,-0.853405697992817,-0.312703237944336,0.0156808500561337
-0.995826137781659,-0.260480927967827,0.212831678342739,0.467171006602614
-0.763680781107387,-0.376302829249571,-0.112679527724898,0.024262322977275
-1.43390842761878,-1.11103000407643,-0.882773842563826,-0.738671126396879
-1.57119511236218,-1.09805477031564,-0.87302919360317,-0.835152711013536
-0.718111214296485,-0.235206506993855,0.0856245764060579,0.234262899281493
-1.16090755404472,-0.548242281809353,-0.133946882159577,0.104179335479407
-0.998867957224818,-0.509602290888824,-0.198440878988767,-0.0650943185811694
-1.04895092934187,-0.655530851181063,-0.403223775297016,-0.298206132854544
-0.695008130438753,-0.132054784075468,0.244429033577589,0.423479285846635
-1.15382748746996,-0.640307696463863,-0.351931837947944,-0.232150088548303
-1.02481288839099,-0.3739100334589,0.0156929988077673,0.183515659288523
-1.28103030585724,-0.633591396956328,-0.238498014829683,-0.0576850875993317
-1.88204596696848,-0.902695895225721,-0.356993912234285,-0.122876822152444
-1.39850902669487,-0.672151186471059,-0.28345717147029,-0.152898396528529
-1.69277534419638,-1.28162732428205,-0.990466408941109,-0.828590251415142
-0.992459545223875,-0.616375151917639,-0.375523776193833,-0.242583451551363
-1.03808704864531,-0.474918690438405,-0.162602276468726,-0.061451489017087
-1.38216273913879,-0.744688255271807,-0.368081134194022,-0.179156835818988
-1.55188876181624,-0.7337882476336,-0.252139601586311,-0.0243475534326502
-0.498451877538464,-0.0929921737604462,0.15366063946463,0.242629154685017
-1.78960987627599,-1.19379039015412,-0.763664480482839,-0.51083217080034
-1.89745642310052,-1.47572719640647,-1.20827738355869,-1.06461022203394
-2.35079566696597,-1.79211557222019,-1.4467324482706,-1.30896343600239
-1.56534041818876,-0.949849578100699,-0.54033804574568,-0.331528714891073
-0.893577154599771,-0.786781668527668,-0.751931550685814,-0.803649432221615
-1.57701059323797,-1.15027464477017,-0.874088207278141,-0.721248131374846
-0.904399985203442,-0.39521605352421,-0.0484354722807607,0.128785737721465
-1.29974608968324,-0.776172812293307,-0.443912614616385,-0.281048235030238
-0.880859339340877,-0.569144507047554,-0.3816098795091,-0.317163744154518
-0.78727610929279,-0.31647523110411,-0.106840104701227,-0.0645915105753027
-1.17606944802864,-0.926436553192712,-0.753819112075605,-0.656940219727666
-0.81352990229052,-0.390462276981078,-0.15150246828125,-0.108681965279658
-1.0779044752732,-0.544789893752254,-0.264951517039115,-0.16996321380225
-0.959146765975482,-0.324643001556408,-0.00455183808809784,0.0710772553440039
-1.61503005601062,-0.953251149526285,-0.565041157837629,-0.369905801023518
-1.68589330991043,-1.22013242306966,-0.899578620684036,-0.71285083137984
-1.89139091588747,-1.22839774501468,-0.794295997366413,-0.569393788592049
-1.07814843123815,-0.335672442378298,0.108175843978601,0.299520478077522
-1.21692463876945,-0.865289901722704,-0.709990751007732,-0.714972968771995
-0.742383544731578,-0.521223866172667,-0.375291448274105,-0.316247035444019
-1.24459549182733,-0.648167873497092,-0.274043894562292,-0.100048031037419
-2.17591918885008,-1.83407761053506,-1.57249053715919,-1.41607554253068
-0.915794449537311,-0.641058120198719,-0.516228384579998,-0.522476838598177
0.123302219128212,0.24237987081454,0.291149029230737,0.236678665916561
-1.43842126340088,-0.607877507230515,-0.0521971118049676,0.247461171577389
-2.37910026873087,-1.82259210351278,-1.45621077535533,-1.27231827043728
-0.819561036153571,-0.534570537256517,-0.341860626888364,-0.252537016868201
-1.69232621872707,-1.02474085995492,-0.568745201482489,-0.325930591587993
-0.874362741205621,-0.352523285763658,-0.0485264733331513,0.0615600807508774
-0.998124779202643,-0.588954221718957,-0.366967760821601,-0.288109734191023
-1.41734120663767,-0.499473336611802,0.169405457662155,0.581887949364419
-1.85814742430713,-1.21498573612585,-0.825457752986504,-0.666368513774968
-1.28266621094881,-0.624833177944692,-0.248901331469198,-0.113069813108803
-1.03333935725442,-0.454529511124575,-0.117701457639853,0.0144408517584945
-2.03129164498866,-1.36303493362083,-0.933815406107195,-0.70738084603371
-1.17593867468165,-0.555623999128483,-0.133010263640952,0.0915852952765059
-0.755459356282634,-0.116089025071731,0.283112125000456,0.477503555822554
-1.69508547874971,-1.37226514625747,-1.16064862419523,-1.05459303802614
-0.608865964639533,-0.177571611416043,0.126270231741605,0.285489374714985
-2.15105374525772,-1.7714162017261,-1.54431456593561,-1.45066630991641
-1.3876909320548,-0.639825075463092,-0.190941683174483,-0.00459863821717732
-1.76342017676636,-1.17498308339268,-0.785389822522384,-0.585050217564789
-0.618666113377093,-0.00904659988806643,0.355654920511333,0.520868611656519
-0.943216857182544,-0.636844875585365,-0.488701950026834,-0.483845760141572
-1.36846566910801,-1.04188992111835,-0.848293905798215,-0.772125174822582
-0.930970995514437,-0.805846551926891,-0.72041098329845,-0.684767506370383
-1.08537064171076,-0.706596240603022,-0.426151992787725,-0.251971620554397
-0.913522882844752,-0.491251272763215,-0.270872444937062,-0.19385059655404
-0.793850417299092,-0.68590683084665,-0.632585380333405,-0.651726973472326
-2.14173703875294,-1.66143886278544,-1.39307025823205,-1.3041387549399
-1.28161806378787,-0.823555618559867,-0.593726340805096,-0.557719854327379
-1.17683207109848,-0.637962178959232,-0.333628630011656,-0.240969421848345
-0.876302213869677,-0.471632636947274,-0.251114182582342,-0.211210481851865
-1.16525470014219,-0.672579928820313,-0.368134806222534,-0.246305928381966
-1.13119434323478,-0.713226387371738,-0.470139035579338,-0.397741317380925
-0.223637395370166,0.0674465950984763,0.241798008734558,0.290346351730781
-0.444196739344411,0.00644643896497053,0.267286155848245,0.345483394839262
-1.51147941307059,-1.04910551253776,-0.746259108480405,-0.597272179813081
-0.514409797411656,-0.198220496711268,-0.000422425399335152,0.0750028316358938
-0.048918988090579,0.298536533314123,0.475308210724416,0.46422430422126
-0.730498992228271,-0.358790002304008,-0.137930711860515,-0.0609714961459083
-1.19102667508543,-0.699341934105172,-0.37613241080177,-0.219755950181139
-2.14417181767438,-1.44885779679089,-0.989751100078382,-0.746955045302994
-1.76283248458714,-1.26268023688581,-0.945259686340251,-0.781651592041997
-1.2392642786936,-0.837584438691712,-0.596224785954864,-0.491286705286613
-1.65536090527117,-1.00549875061258,-0.607478074125416,-0.418195884819635
-1.08209216862269,-0.649443665464497,-0.382125436858601,-0.279331144637187
-1.29575652126268,-1.04597557765391,-0.885259912883291,-0.800997166879009
-0.817124565943025,-0.32393765707317,0.00208288239474017,0.163653052491646
-0.568138319852466,-0.20755034087511,0.00366977594295025,0.0531366035444095
-0.914390054997344,-0.231194497617863,0.166154355641668,0.293222511732102
-1.30963175247534,-1.13406994443782,-1.01004971730806,-0.944674368029092
-1.39811562508753,-0.853209261204497,-0.551992308917673,-0.445357848255645
-0.966184054593123,-0.652233755616778,-0.503659953364494,-0.514633360893615
-0.971218841039123,-0.331668631932779,0.0245633579611088,0.147550494704097
-0.725226728834167,-0.267669288124221,-0.0169159618940237,0.0533547069069079
-1.77014025003361,-1.21771290756611,-0.809288595626879,-0.55334552974546
-0.769688205980623,-0.513671363651883,-0.362933403205188,-0.31815909736016
-1.56985882373585,-0.92473246052696,-0.523265580006104,-0.336251967560489
-1.80240910597081,-1.47818295861541,-1.25970732968524,-1.13895360751378
-0.859970365312506,-0.665701057918998,-0.594361846574836,-0.646344156653348
-1.99146856795076,-1.31226648699234,-0.979991309867305,-0.919266881015213
-0.843624040974568,-0.312981551355825,-0.0712383401038256,-0.0655392915237356
-0.303832756228887,-0.0327657889574293,0.0797407810703134,0.0508808646307533
-1.01822753680887,-0.523163429843475,-0.175135210753167,0.0200494940297957
-1.70141860663015,-1.04580924376213,-0.637337805812257,-0.441527355620466
-1.47182328445629,-0.88693270463484,-0.519209774266405,-0.351356478439003
-0.779304974517994,-0.394083950498251,-0.218514096101186,-0.219278359328868
-1.15029419614562,-0.600451222793492,-0.275173688771254,-0.146096055407155
-1.82969090011584,-1.1915012239416,-0.837524512925744,-0.669979103185029
-1.03665653179644,-0.326726021387346,0.0354176205621038,0.132925814248309
-0.55007522470492,-0.0937808635193111,0.158359508718215,0.221122833525548
-1.14164199353205,-0.512662352578604,-0.0915389135423621,0.136619885463017
-0.292621876300801,0.0687666445404493,0.254801824499809,0.273552291456542
-1.39099519035332,-0.811142149810575,-0.449109993303827,-0.279443978464925
-1.16086513413986,-0.684595383647108,-0.371673141392331,-0.21862213215638
-0.60707335123489,-0.315283034976232,-0.15051512980533,-0.114010440933626
-1.99529166728846,-1.56558225052487,-1.24610647750411,-1.03492236961092
-1.35967043203043,-1.12374043007849,-0.980712678461426,-0.926473917753905
-1.35494344527191,-0.853703039011105,-0.573259170683524,-0.477679465046078
-1.06219703082923,-0.532188664533972,-0.206527154162055,-0.0638897890662683
-1.3799098677322,-1.01313302792521,-0.815363816549282,-0.772110732793116
-1.28772606428329,-0.768157819689165,-0.490236268517149,-0.433430427944309
-1.97031541955717,-1.35016225669252,-0.896392526383208,-0.621817333992032
-1.5369965850758,-1.08016801800361,-0.832097368323355,-0.735890293919436
-1.97389976613916,-1.53638794434807,-1.25155548038725,-1.10213921628528
-1.04789893852554,-0.376556681653288,-0.036021168452213,0.0450031769989771
-1.65585207681322,-1.08448353174562,-0.730437621469955,-0.578167297843065
-1.85751064697383,-1.31944560137185,-0.950822588201273,-0.74785334581073
-1.7338135583204,-1.36351105290756,-1.12677299513976,-1.04100357048905
-1.14198109672528,-0.72044460477294,-0.451663142307062,-0.325467395209534
-1.3408757545462,-0.781766133696954,-0.444542823344507,-0.32750460873354
0.039052441878244,0.256998322379957,0.373979490373346,0.373710140951748
-1.24609387722558,-0.597119525646991,-0.204214179090393,-0.0556463309508176
-0.927372800557744,-0.617144974880769,-0.427412675081095,-0.355564974956224
-1.45577987653006,-1.01477732043454,-0.704930938299883,-0.523274069634729
-0.756019335100789,-0.342662643005056,-0.0812735051783595,0.0312813401142942
-0.792843964592771,-0.327881156578717,-0.0389699978129021,0.0921238143274517
-1.85171661738984,-1.34894020258177,-1.01309157120887,-0.848320827438213
-1.17911808966168,-0.683006947718015,-0.40892757001673,-0.337131702878293
-1.0758851610263,-0.413691636628788,-0.0327112908582353,0.127372837210277
-1.20574092318488,-0.595438055079306,-0.212628121106841,-0.0282414544838515
-1.48376453397034,-0.858188048263456,-0.486227786107636,-0.342561713420858
-0.415663409051485,0.0533387765334314,0.313022522715781,0.366955250004462
-1.09972633579841,-0.389291432733892,0.0793650705532027,0.333423539468553
-0.815142102630504,-0.116042114480343,0.249699141571029,0.374286805191033
-1.47931916290266,-0.876542922422485,-0.467624633673196,-0.241679815236541
-0.960309657881482,-0.301547645670394,0.141973350623932,0.360724326647856
-0.899561460881673,-0.454403001219004,-0.23028927673712,-0.201565845397618
-0.890921948733002,-0.28441176232918,0.0710901206823094,0.197282118432507
-1.97725960129693,-1.54597371396978,-1.26445158382342,-1.12533850035978
-1.44803589493972,-0.928709405319822,-0.596490241056798,-0.409700672151918
-0.723366970998679,-0.403479327156085,-0.312870039145138,-0.434287291694598
-1.749080436438,-1.3138631314756,-1.02685117096228,-0.874507804441878
-1.50890004420774,-1.29163286579296,-1.11638824683162,-0.993407162323668
-2.05127475588368,-1.26461304664932,-0.736850245428226,-0.435273624038776
-1.27788322348046,-1.13636459317524,-1.02776870586307,-0.949734387274323
-1.3230510100452,-0.953565586514034,-0.694879476318465,-0.540101956166199
-0.542134170550517,-0.340821750493449,-0.219240114181679,-0.191262846198811
-3.07616320006476,-2.83576453027802,-2.66742316386319,-2.56022529482752
-2.29885313913856,-1.35871510340314,-0.75601752078651,-0.435099606168604
-1.24826588912551,-0.68518846567412,-0.351407644172003,-0.256924392908848
-1.29636128622811,-0.671754224049659,-0.312405546012958,-0.155661394192858
-0.720156233034162,-0.237100351203851,-0.0283221364339244,-0.0509893729600731
-0.574313356809712,-0.505187710322732,-0.48633225644513,-0.529195477910119
-0.860071613983896,-0.258228117883691,0.0497108586417286,0.134645524683509
-1.20736600023953,-0.823892252297808,-0.531115212434469,-0.328600740541857
-1.95853665279538,-1.44566665952145,-1.1375110944022,-1.00158981926742
-1.01126563070667,-0.683730713434577,-0.491609668597678,-0.452990335790086
-1.03721119594683,-0.644378190265058,-0.401061025420035,-0.296114347338009
-1.60579154094907,-1.12440695997472,-0.803188992523171,-0.6292197809369
-1.66252942106441,-1.28198227684927,-1.03800073205787,-0.937701702074588
-0.984953176092673,-0.672289274150607,-0.530250246206363,-0.533497137886779
-1.80950910335192,-1.05509036859633,-0.595315815536634,-0.377086338509979
-1.08097846134609,-0.677688798518421,-0.404102981240663,-0.2608069716666
-1.50150043252366,-0.796543127773839,-0.327321982628157,-0.0990349451549752
-1.17155751666114,-0.693438198322224,-0.388437246450724,-0.253750134730529
-1.9141954236818,-1.35602107184467,-0.964545339958138,-0.735456621402462
-0.0635895387814339,-0.110900807639298,-0.150807215268109,-0.234557162834622
-1.48839717183913,-0.828132040011011,-0.460132527283102,-0.333046531909044
-1.09781734936981,-0.410411898777013,-0.0594552047174464,0.0373153883810086
-0.315519723823932,-0.220612816703808,-0.151891419584589,-0.138412621462873
-1.04926779456472,-0.612047260190488,-0.37598136733883,-0.310152764624629
-0.938304913466601,-0.545674584500304,-0.293784620263039,-0.190216635313545
-1.85029744699421,-1.41853457273942,-1.14348125558528,-0.997688452881699
-1.13893697838533,-0.821297721885359,-0.632414053514368,-0.580783336110193
-0.916201396748244,-0.620546263267976,-0.490417890682697,-0.474536023646885
-2.04506367164173,-1.1438552658211,-0.54710806613581,-0.231323939038429
-0.907708836639653,-0.747923060654811,-0.656900369146617,-0.64372313643297
-0.690095686711389,-0.476021757049452,-0.359278665467547,-0.337866872679353
-0.722929122198998,-0.556776062747295,-0.495934682020785,-0.547407662095821
-1.17481695652308,-1.15975723485531,-1.15596753702169,-1.18458939705912
-1.54504384719352,-0.703214807991636,-0.116682250054548,0.22982970972006
-1.92908009015998,-1.38966719007864,-1.08796123188996,-0.97438576989072
-1.7650590374398,-1.28581663264875,-0.940915495650714,-0.732570196120397
-0.652213826196242,-0.00679066462491261,0.39187767740658,0.573007328445175
-1.33040846813492,-0.563552024579425,-0.0401345630540555,0.233126485084786
-0.804806021626422,-0.284195424768542,-0.0301633258534262,0.0216828411669667
-0.838077640951951,-0.327594001343522,0.00164961286955879,0.169493378575799
-0.854488052148979,-0.612412625945556,-0.459104550522288,-0.406297626870552
-1.22476906238021,-0.854885502605634,-0.593591480564929,-0.446855071926617
-1.49195406538715,-0.924676714019247,-0.633087212017112,-0.581024589101106
-0.451301542241677,-0.184424824407293,-0.0256652584266721,0.015958401243743
-0.135848607424744,0.0261315058278512,0.113563760385193,0.104353249054527
-0.986510006605044,-0.440602717601582,-0.147966659945938,-0.0671520883145078
-0.911111933024586,-0.248031808004341,0.119325571913306,0.226941677871963
-1.10470308594295,-0.752183974738207,-0.527708896803255,-0.428283148860782
-1.47686156276354,-1.12131965731287,-0.913310316518542,-0.841090389003159
-0.851397067183471,-0.719390931395556,-0.646060064371257,-0.647267957186275
-1.12867621628513,-0.521981248554499,-0.18712225647966,-0.0792393667966378
-1.00450022601213,-0.22719237795923,0.259956098178647,0.495113532131602
-0.879520071839376,-0.375634831758645,-0.0889977604543628,-0.0133300595669167
-1.43044005499996,-0.778894942264521,-0.344040361181936,-0.115913765827664
-1.39446417622777,-0.970584289572324,-0.695001676819384,-0.561986088004764
-0.8850166765137,-0.429678390897527,-0.160007689081926,-0.0535445824017058
-1.40589648860672,-0.717968299768618,-0.272827101309046,-0.0593554155330901
-0.964786815033106,-0.68415458568197,-0.536129369727946,-0.505292471354243
-1.3227210527473,-0.879706466514004,-0.595250523764778,-0.471182033063314
-1.6792997446783,-0.996150357041705,-0.560130899682312,-0.352306890241171
-1.40841849487549,-0.950393877666058,-0.68663822919749,-0.613091840334341
-0.861934787363026,-0.357769629641376,-0.0478487610985705,0.0703452913110593
-0.370760017044314,-0.233979079704771,-0.170714104795908,-0.183950461568859
-1.76135637516877,-1.30794540965224,-1.02896480465243,-0.913498518095648
-1.0136397153034,-0.610121704264037,-0.352235901049687,-0.23891497460989
-1.41483897089118,-0.870409690455377,-0.562759588077169,-0.428024343217266
-0.865025522321009,-0.499304894911836,-0.308954733149585,-0.280813306616584
-0.978380591868005,-0.652807766472045,-0.467422615553107,-0.409478541405221
-1.32675749396945,-0.751754302668238,-0.416920342076663,-0.277828370848451
-0.398057626025245,0.0600431020822657,0.336405502080328,0.437029995435334
-0.847328802492437,-0.584975676161656,-0.45588160737249,-0.44979394947525
-0.940175534814055,-0.504722863773646,-0.248109622163834,-0.1691826309282
-0.772147750119393,-0.4406538794368,-0.320691295968193,-0.378628435420512
-0.534143049782498,-0.195709304104303,0.0368851444420844,0.158233966566001
-2.22103017766886,-1.39462639598234,-0.9710583124167,-0.813214026348749
-1.00338195774587,-0.611923227562587,-0.351886057972867,-0.230111385243538
-0.704680544147194,-0.198997010765648,0.125792929589135,0.271739861284178
-0.145250612008577,0.0150720151843368,0.0787236798839128,0.0397853549182774
-1.04191481253194,-0.438774670787202,-0.0751822319512197,0.0838677914112512
-1.5798439523749,-1.07525119717097,-0.770705639286836,-0.612633485137156
-1.96148319108076,-1.05953326041006,-0.466504089609716,-0.143653782838119
-1.4708008466768,-0.745154164692399,-0.335115845725075,-0.166689909768254
-0.4890351786705,-0.0615988087429113,0.166205554960859,0.222401733988008
-0.968691144878636,-0.461772154782013,-0.142493098256521,-0.00377329215292771
-1.28645851490614,-0.693527417646442,-0.327978824874386,-0.174755248073272
-1.26319458596605,-0.760186297626563,-0.468692982589144,-0.35529991825536
-1.01665268390416,-0.429414906643467,-0.0700051663896967,0.0806057654949147
-0.894736570746935,-0.54288789258619,-0.351584882815699,-0.311531878403897
-1.19894718353703,-0.642123086081658,-0.249902297632983,-0.0348861048429102
-0.93127278819479,-0.462565068957951,-0.20123506429585,-0.129429490875936
-1.51980281115069,-0.787398441524526,-0.295209899381165,-0.0298395951763748
-1.09503330508665,-0.296332751592539,0.162390886143186,0.352379996953421
-0.99447822632432,-0.933194078247737,-0.904571454001094,-0.927767709848296
-1.95659004744628,-1.43252149909099,-1.04920780325958,-0.810135375347708
-1.04574925667289,-0.840069150920362,-0.695208583789808,-0.622162708127085
-0.876472457631381,-0.551301475080145,-0.387849802933671,-0.35186634698179
-1.70147220885263,-1.03371772423526,-0.646653130540285,-0.482540138814873
-0.185627457078084,-0.0598077594646934,-0.0121163879905906,-0.0727139871240722
-1.58327434386715,-1.09071353877345,-0.778221128694288,-0.642682770077856
-0.501144746151831,0.043706158020072,0.302551899077865,0.324978563312326
-1.5561518487201,-0.922339348080114,-0.543872530803532,-0.395041543417057
-1.44092570423343,-0.885292409479922,-0.501413050068623,-0.291850155664634
-1.24256210057344,-0.609943843360125,-0.233371501371509,-0.0655130127804056
-1.49838906126817,-1.12322621559592,-0.890134334491364,-0.783749658081746
-0.990539015254105,-0.660192696138533,-0.50504626278409,-0.505081274192949
-0.377414997853341,0.0577726394446707,0.266015490770078,0.29919875451992
-2.08356210568589,-1.60852576499584,-1.33772286745937,-1.23869564166742
-1.33275804482482,-0.537001277986706,-0.0315604720878596,0.228109633904151
-0.746711987122937,-0.383992786393684,-0.0974350926769623,0.0951655170806405
-1.27648347161209,-0.482951344902267,-0.0686490296775171,0.047352445755329
-1.33857430660291,-0.995435196501285,-0.770020768175589,-0.673855726433024
-0.970762754650592,-0.627200977774012,-0.397741548607462,-0.272303317327926
-1.32136681383052,-0.859392572465332,-0.601826921660427,-0.524822708846078
-0.938421478957675,-0.490617693100142,-0.233792489017122,-0.134882690775843
-1.4415248083982,-1.11559334032867,-0.944055461310434,-0.904901470141661
-1.85747447453766,-0.785400416673811,-0.0985778335269896,0.255841095329823
-1.60607914051967,-1.12929332951125,-0.837549462164129,-0.719596323088529
-1.49584572935955,-0.893250542927984,-0.555412364018874,-0.419581512754157
-0.793638407293952,-0.381873232877564,-0.119962081977097,-0.00904176202741258
-1.22560339846342,-0.77228484689444,-0.454336985988325,-0.282514254176761
-1.66023098832566,-1.18991303493043,-0.862117396359794,-0.682210147045833
-1.92987232356298,-1.36252449372999,-0.991755547257502,-0.787802516543732
-1.49906420770793,-1.04662278661683,-0.765795296467522,-0.657536858203478
-1.40548501302009,-0.908613048317288,-0.627673913257163,-0.552006778655522
-1.15368619244811,-0.731779142389152,-0.456477205194566,-0.329744428436848
-0.605657637257442,-0.347720750954699,-0.251014860004615,-0.302101553382185
-1.83618255891646,-1.18217933970245,-0.79313346023431,-0.599903368451856
-1.01877713637055,-0.903413109539189,-0.819411724274548,-0.785086075456948
-1.46251481077622,-0.943490116009595,-0.601359847472451,-0.413430589737193
-1.53274805223892,-0.745099317049589,-0.259012010095621,-0.0112032713216485
-0.952721716645369,-0.518934927646402,-0.266239979868454,-0.172062505905018
-0.47942016487412,-0.115697123692127,0.0839803113887978,0.129657528312155
-1.40344580063322,-0.712017036354589,-0.296059063335022,-0.119768896394033
-0.52640202134307,0.091073590498,0.477320336613026,0.645877609363747
-0.642821162465426,-0.234155749363854,0.0199776648423368,0.128181912997378
-1.70000742589609,-1.22610136605164,-0.919331979465578,-0.756293894717451
-0.835205535899935,-0.402628324522394,-0.11921667765151,0.00394491696852506
-1.40008665638652,-0.909259060829614,-0.629975735306028,-0.529071132115767
-1.07266666258,-0.521730878554218,-0.188474218706753,-0.0354770238699322
-0.364488853112135,-0.0196406119069408,0.153396661454466,0.180127225480106
-1.09581066749425,-0.757455866033331,-0.570537035929047,-0.528771369140978
-1.75635298140852,-1.13626836260645,-0.739362701847132,-0.536313414256411
-1.66061619442172,-1.11536847429549,-0.740289594073434,-0.523641741761629
-0.260936312769521,-0.047157041701234,0.0539222482153812,0.044787310054145
-1.69159388758737,-1.22855939619656,-0.948878772139009,-0.803431771309372
-1.31143274594647,-1.01240546093987,-0.849113799102703,-0.812001978529023
-0.767304058978716,-0.410028750190302,-0.182261760749146,-0.0941128860333543
-2.18307333134946,-1.616129270307,-1.24655380182567,-1.07691305676296
-0.981046117730868,-0.422246651641473,-0.135609299689004,-0.0612052780486537
-0.711937708679056,-0.277342332825352,0.0149465581182463,0.163685178901834
-1.41359716363979,-0.924375344934156,-0.630775439265157,-0.519839724099324
-1.15121084225281,-0.500425102812081,-0.150206171491186,-0.0505535059738523
-0.950447142966784,-0.560104943021619,-0.349227238095904,-0.28952623703247
-1.76042742207654,-1.06716593835128,-0.615749711925115,-0.384871777001107
-0.362333799458436,-0.116028600308135,-0.00127129334532755,-0.00954221850879683
-1.28829602771098,-0.74559830801556,-0.465605662245301,-0.401250202077386
-1.5447178243555,-1.04976794453968,-0.743817043460207,-0.601589102391038
-1.54440348036332,-0.969414767295531,-0.583479211722788,-0.359119764198529
-1.81979192145411,-1.22133342048577,-0.853079255487308,-0.655533573812626
-1.50896329694786,-0.912160135776321,-0.467354868441426,-0.158965068864172
-1.31671650967282,-0.840653084880242,-0.578497394177901,-0.497396116801978
-0.96120170431307,-0.420646565917314,-0.1209528495248,-0.0371469604106953
-1.78983392057053,-1.08137866834384,-0.592666043729456,-0.296670820192131
-0.92553584224064,-0.640919249915134,-0.490546717808101,-0.46261547138522
-0.595478271924002,-0.390528989193691,-0.256402217332987,-0.208885253419219
-2.20790037116874,-1.54637707576532,-1.12069744145457,-0.89646152560349
-1.37724877342413,-0.836215999448436,-0.496685965451419,-0.345106688171505
-1.29873624737567,-0.820417742950918,-0.511997756654891,-0.359023533060176
-1.20387848159928,-0.735464563990663,-0.500625997368236,-0.475773589406226
-2.34531891428138,-1.56791072248866,-1.06279921791538,-0.780690939586947
-1.80372444109822,-1.51232798535095,-1.32052389893893,-1.23985920641679
-1.34274319141973,-0.4919103052199,-0.00976188635365571,0.166024836361228
-0.762228531747297,-0.219780842824652,0.0984627266067096,0.208183573207721
-0.94187600754595,-0.440211069277403,-0.110122574795998,0.052494770287971
-1.5194221947832,-0.987401593637372,-0.631519232089594,-0.460849390677673
-0.117047898193735,0.023116537926171,0.112291467730137,0.11646862036259
-1.43131632389902,-1.17964731399362,-1.05044846309557,-1.02897815261723
-0.914669434897069,-0.409961691208843,-0.0523044736582456,0.162285264107045
-1.60724484974772,-0.862797763330587,-0.447882035414457,-0.272063753434844
-1.43702651052021,-0.829141659793718,-0.434744076792047,-0.244859823218976
-1.35237164079667,-1.25411815438819,-1.18538788248145,-1.14767412416559
-1.62259843166675,-0.91900888651483,-0.540496731307181,-0.363961432262951
-1.64541580613756,-1.04118668213504,-0.62765202344989,-0.391801802618602
-1.35207039769418,-0.608083024086733,-0.209350510686459,-0.078048515606413
-1.12124015262368,-0.667484751203791,-0.420963474164842,-0.336048095758126
-1.74512816000898,-1.25551523320273,-0.930632035160676,-0.766585834743623
-2.02773001498121,-1.33263915849353,-0.859376500632146,-0.613721346888981
-0.815886445640172,-0.663826777904409,-0.554452817016885,-0.514004023640928
-1.40950763477019,-0.956426474760172,-0.661486846965618,-0.517535005410269
-0.865424275641305,-0.479829021908036,-0.249640738498316,-0.165705329222355
-1.03825142652837,-0.496753571174593,-0.135741137393166,0.0644271792394529
-1.30159541938504,-0.671706104489677,-0.283673589576244,-0.112678667767191
-0.600151772424858,-0.0175233885781279,0.272839848894525,0.349319137649758
-1.58823949698402,-1.03670350093567,-0.660447408264354,-0.448331593481311
-1.85481542798559,-1.42871767443839,-1.12305500566992,-0.937944714412841
-1.53577929870193,-1.14601483333203,-0.902101398475433,-0.77443482099784
-0.69124646841217,-0.437722877895108,-0.304534004917159,-0.295129079529236
-1.49225539485127,-1.22497837832352,-1.0930603218988,-1.08897756537499
-2.19729539005734,-1.40236647375183,-0.814130934472576,-0.44523940887607
-0.727823794369971,-0.242632255189004,0.0613267345794703,0.193674353338407
-0.753282054989469,-0.496981927090699,-0.407404198378419,-0.45456712361299
-0.973605167329695,-0.395606617359888,-0.0546560542107694,0.0940757590332805
-1.32318520970978,-0.660616238000808,-0.234588301178884,-0.0138658032671024
-1.15011645219802,-0.695989994860096,-0.41015514162734,-0.312446544149958
-1.62308221144804,-0.875730413086522,-0.514819705472738,-0.439492703731097
-0.378414829385091,0.0507788200341515,0.304880415135803,0.377961602023498
-1.50193059283009,-0.756287592248591,-0.341492763354263,-0.177487051218094
-0.931881939016575,-0.51870463037021,-0.351942420182639,-0.339215331152289
-1.21300179111208,-0.862915178794573,-0.638185349265516,-0.518433375876838
-1.12400223216208,-0.785348268996398,-0.569765266480438,-0.480699220167165
-1.16560969877689,-0.526370329966829,-0.117846576541307,0.100835594669267
-1.68003257147341,-0.927309624391088,-0.444178529452159,-0.191670762270492
-0.828437132458048,-0.0530572977042905,0.438380531153721,0.66037262099086
-1.44068764634597,-1.12088393962592,-0.888986943355212,-0.748679075034007
-0.933299479881018,-0.412778474432865,-0.105380596107757,0.00664169545669346
-2.09153161184139,-1.74761931813849,-1.51683181731162,-1.39615940264836
-0.825727745623434,-0.164445721043193,0.237425270195709,0.387488346742226
-2.18400448676712,-1.22771630595914,-0.606063831214957,-0.275699499248591
-1.20752364403675,-0.682684947396618,-0.350787720564636,-0.210714417946051
-1.87675916013032,-1.40477075498972,-1.11144266898714,-0.998555143630011
-1.22340899962847,-0.794914279656306,-0.552346782406224,-0.462093573543856
-1.15328678363904,-0.893258563726932,-0.763682483890091,-0.75401087842805
-0.935614234376655,-0.366863207189453,-0.047205924574044,0.0779668695258397
-1.13360971157984,-0.438293111890019,-0.0223708786304476,0.138267725303071
-1.28223775676452,-0.788166166530296,-0.480639737125499,-0.350373554230262
-0.986418436567136,-0.646477897775763,-0.45892230233436,-0.386846709418459
-1.60236546043099,-1.0947044991027,-0.786890268177795,-0.642590373431704
-1.62340759236438,-1.21329275592193,-0.939752933344581,-0.782240939996228
-1.73367610632247,-0.988625836226407,-0.503920457718771,-0.231479023803436
-0.841908550617256,-0.587722562910024,-0.429131530901353,-0.376312714136552
-0.420115693282282,0.0125726057555509,0.227955642899595,0.278513655790109
-0.424004925507919,-0.140906522420609,0.00633207408122058,0.0143026672224225
-0.969406618108124,-0.387372246211809,-0.0358760937107064,0.0905066776558045
-1.95659750388314,-1.46965871695135,-1.17434578838434,-1.05512180001076
-1.24827795661162,-0.976931848644788,-0.836236109101686,-0.825000438744731
-1.34684350640858,-0.859511342908307,-0.566836251060592,-0.445034174733406
-0.980255372322722,-0.516983505433586,-0.208360064093053,-0.071838852892211
-0.566664280322239,-0.211821774949551,0.0274990859597624,0.14504492657088
-1.10723114478352,-0.692966829114239,-0.430044183131625,-0.312088007991716
-0.637602605391158,-0.273799533031407,-0.114886882955226,-0.129814982481109
-1.34937597847237,-0.784395476254553,-0.512591555923594,-0.462186328782016
-2.09882210839201,-1.16832841746689,-0.475066155730904,-0.0199593518098799
-1.21354852932004,-0.712739663211112,-0.401915880465067,-0.284533348471039
-1.56542762466062,-0.989269819966121,-0.623642454703287,-0.466474339870023
-0.501721412605247,-0.142305749180616,0.0464252622017096,0.0733124219037843
-0.93133346465546,-0.378208632479118,-0.0824343764134337,0.00215019004328842
-0.976608357552573,-0.650853367694345,-0.425263900737561,-0.303013058772253
-0.878663808990907,-0.365962167387974,-0.0534181787905964,0.0894604957706559
-1.06397984445808,-0.555214547447027,-0.250900369988421,-0.112212959392883
-1.2704925279565,-0.901642896330056,-0.702339444638769,-0.646404900086004
-0.735357936376402,-0.349112799792446,-0.128280438431784,-0.0598666947334701
-1.21355665983133,-0.694640656930532,-0.406761286894495,-0.329804843977076
-1.567783570612,-0.935704855072896,-0.528958140445883,-0.32181792184196
-0.87340715672694,-0.278165041385872,0.135917901390709,0.363631202426557
-1.0503204578497,-0.706750523025628,-0.481233899768504,-0.371951048084624
-1.42518054294469,-0.834108680927278,-0.491150881349684,-0.371923364383531
-0.821178414981768,-0.290421601797457,0.00211283719837621,0.0994192189306789
-1.0925685842139,-0.685589101357776,-0.468024388520558,-0.416502442954907
-1.57999817590931,-0.915803571999246,-0.49190510285416,-0.29076488046983
-0.730408352886086,-0.200232295925439,0.0873949099004095,0.173841330096372
-1.73051502376803,-1.26506923477633,-0.942141941369204,-0.76218826549726
-1.42750802005919,-0.638328487399825,-0.251135586188236,-0.161946194506692
-1.25278712695451,-0.868354956441199,-0.638823393029328,-0.54145917341805
-1.14736009104932,-0.635258894781528,-0.349953671649238,-0.245140359699458
-1.0413090789418,-0.528209422299258,-0.199147283722825,-0.0684207828969997
-1.39185924618054,-0.842322952897988,-0.482237065096888,-0.308090044696645
-0.819165951786589,-0.61522556602021,-0.525774253357294,-0.558428204638562
-2.60780628448978,-2.05669109997105,-1.67860642550662,-1.45026427992783
-1.31965815204601,-0.719985133423875,-0.328364013010414,-0.128019962652695
-0.744954417167553,-0.386096557945481,-0.18980635676133,-0.132898222601198
-1.1275657234905,-0.404338672536484,0.0722590653981199,0.319935495625388
-0.737264476985982,-0.455655337807734,-0.346626648115317,-0.384958894652734
-0.871762906786509,-0.5144752000453,-0.306937556461303,-0.235076170732451
-1.03559582890297,-0.458590593940259,-0.113841123607407,0.0172161945186963
-1.47681142296656,-0.908888454416987,-0.54675349701458,-0.401581642192728
-0.360236635910456,-0.00488214022643519,0.140809231085754,0.117806696134128
-0.785150750632984,-0.366846018830181,-0.084198270410303,0.0487953369756451
-1.96967583544105,-1.49200719002648,-1.16451286937783,-0.994610290928959
-1.11612451339554,-0.565820936535373,-0.249472737836213,-0.116507016100466
-1.62995869285851,-1.1111340829988,-0.747722482450453,-0.554250525233699
-1.37724891027587,-0.828588863342696,-0.486643290390194,-0.3299858932848
-1.30624303474145,-0.789942442241962,-0.44554662585362,-0.280844612890772
-1.02534866283641,-0.499597936420035,-0.2362304640946,-0.174033461784626
-0.688443198092431,-0.348078625956982,-0.198494027035967,-0.210302618587175
-1.53932981479214,-1.4101505998805,-1.34161088605356,-1.32513233503303
-0.332428469400389,0.183860032271657,0.521732560085484,0.686084063127457
0.0626541426574517,0.370178739320242,0.516708000455976,0.506924089136294
-0.835011981469491,-0.0216378571319425,0.330797877432464,0.377599190239755
-1.21647446281789,-0.640872802527252,-0.293273979300909,-0.13424595042365
-1.02369708559655,-0.597414700369564,-0.333528486791876,-0.222358795322499
-0.690268954176944,-0.318335187717112,-0.119079856239714,-0.0770126811020561
-0.364661115548292,-0.236187913251084,-0.205478895132124,-0.272152640472255
-0.95840242098395,-0.387670372314051,-0.0592415465525501,0.0465398669148094
-0.670558494558373,-0.203130032790671,0.0962036430572832,0.218625734196639
-0.695062633051414,-0.118467887387846,0.200572689745405,0.305300463925936
-1.13599342297409,-0.556551639742779,-0.183929149994415,-0.00988870969392106
-0.912401288957969,-0.364933957917262,0.0101680555316047,0.225403688946375
-0.761112851231283,-0.278490340004611,-0.0454084487834058,0.0274510697707403
-1.08153426464939,-0.447023439023818,-0.0409169514204988,0.162219807067896
-2.00073763628199,-1.45462504013641,-1.10987823154295,-0.949359052462958
-2.18542889813068,-1.5747720639138,-1.16989854126769,-0.954297361985861
-1.3669630111695,-0.794349839785762,-0.445021908112097,-0.303084716655343
-0.360074647540575,0.0619545300273366,0.264104422913948,0.257241223238419
-1.85883574927057,-1.01545734199644,-0.510102875712979,-0.280333258124323
-1.04760325629105,-0.424508754590256,-0.0430644674112076,0.141847758428977
-0.674193574844757,-0.508205788705925,-0.416920065369287,-0.40568401406718
-0.601654590928475,-0.0926146744307283,0.194333972092823,0.289367564529539
-0.81717730140282,-0.478421537854594,-0.233134503919301,-0.0777167878595321
-1.4251544210808,-0.91034939622684,-0.611135885135142,-0.492973458853244
-0.329540152603719,0.0274523819096828,0.240380113173116,0.314063949412728
-1.22539587094161,-0.942407840767767,-0.782028029477113,-0.741285635377878
-1.22740194792559,-0.839858972492504,-0.630488752191093,-0.572515101707826
-0.95623680825159,-0.659294241392338,-0.497978660525054,-0.467084138244145
-1.2065007960711,-0.762659479131867,-0.512640552150533,-0.443001521102708
-1.34268586022458,-0.966628654933414,-0.731892439280848,-0.649848590996836
-1.03955549080722,-0.331853018174166,0.0490504466806472,0.155650552012485
-1.57448598122836,-1.01463573912328,-0.628181394798612,-0.395581816835999
-2.30916610582665,-1.59019667349563,-1.07206023642905,-0.77497338318616
-1.05783550739047,-0.573737733768011,-0.297764173028991,-0.208520770203632
-0.383895787712022,-0.0500442339427571,0.0848110398789324,0.0648984146111064
-2.11468608255974,-1.56203843653948,-1.17583288983832,-0.950224049944118
-2.29116802787702,-1.76052717827484,-1.35799419648898,-1.09263854829704
-2.43752397881391,-1.80640132934477,-1.3224938438815,-1.00107765225008
-1.88211754894425,-1.45732797512663,-1.16166864432045,-1.00024724587611
-0.863395426517296,-0.358737080039171,-0.0643550570883947,0.0561754910318794
-0.87310475503742,-0.430030909135803,-0.149752046207106,-0.022650693270139
-2.53364294972102,-1.57582301105502,-0.945681365710641,-0.581033186756558
-1.0332614234366,-0.79143492719047,-0.683399286324744,-0.695027123049104
-0.989097574438083,-0.40874447357328,-0.0437312926458343,0.124275722362585
-1.27791936763024,-0.467914948370638,0.0480739564717619,0.293759335596456
-1.55388832109572,-0.884776197426553,-0.450643485050033,-0.213822856727661
-0.52006792900238,-0.0431357301059205,0.204873080046295,0.249569363086587
-0.613980096949465,-0.100747307790309,0.217768230780742,0.357062697965542
-1.90496434638255,-1.18135143431327,-0.73960837633226,-0.528129405973363
-1.05773752577867,-0.594046352068814,-0.308628182973648,-0.196593238743779
-1.01163835947361,-0.727044664081982,-0.605029936591848,-0.633695935381402
-1.14432465604936,-0.684322765574548,-0.390384614301591,-0.254784172717687
-0.8418418596617,-0.30808615488956,0.03882179451745,0.200470413172207
-1.60292476986858,-1.01994519864657,-0.650686989158974,-0.480861452346006
-0.754092045970377,-0.437104092585165,-0.259332985542343,-0.205285517225469
-1.73269309685546,-1.40030556508463,-1.24081197946675,-1.24483966418176
-1.03981928545249,-0.650989615191975,-0.482473683611247,-0.473517785917669
-1.02766075101952,-0.650687500012616,-0.442764731299056,-0.381506688708661
-1.23368216306386,-0.537854385780153,-0.0830565899020036,0.146856289606537
-0.935323235719746,-0.629330962583691,-0.451593565799878,-0.405423434724575
-1.33183248309861,-0.495066228998313,0.00965850706201318,0.233916864898352
-1.45834670901257,-0.797318157759681,-0.365638229401441,-0.157334229462573
-2.00393387016588,-1.05667034552313,-0.489588030419736,-0.211464196920812
-0.862365176072331,-0.32058013803002,0.00111965442162623,0.133862298359704
-0.923475482884718,-0.377815292980143,-0.02810326229649,0.137302250987192
-1.51078656262078,-0.846606900125736,-0.4245303312645,-0.250698202765173
-1.23490401440412,-0.882277583027737,-0.6916631082004,-0.655764767546035
-1.1201141267881,-0.650703360675274,-0.3857351285346,-0.300580545259599
-1.12425647540384,-0.828052441918598,-0.67675477577186,-0.68857186393229
-1.93734211785919,-1.48303557542945,-1.20266560665472,-1.08570163856039
-1.55948096728034,-1.03996788130208,-0.754052503025842,-0.661986025988754
-1.47791369378528,-1.06688346085662,-0.814948605137026,-0.715158857381548
-1.64027940376126,-0.870843201936183,-0.390753620746428,-0.154170628122644
-1.85957128487099,-1.41172834467327,-1.09802102441339,-0.914672233552345
-0.853305782842976,-0.476183428107222,-0.243914988901862,-0.145971105584449
-1.67274055198099,-0.854772932738916,-0.437147336500073,-0.292131309080349
-0.171353499610901,0.223370423978771,0.471761465467341,0.562176709668735
-1.28829160452175,-0.943670542533524,-0.686000777062375,-0.524345511291203
-1.32007800484138,-0.720682520174992,-0.422474799743144,-0.351227817325158
-1.69323136810294,-1.11738069225557,-0.755135042351789,-0.603745851992647
-0.297565528401582,0.0657640011447412,0.308865213468167,0.421563067226166
-0.460496920309771,-0.00330805014252207,0.295914030708287,0.442755418939847
-1.27823858247823,-0.802917372837482,-0.546033755623001,-0.455487857910999
-2.29271699483362,-1.51933458345467,-0.99512686446201,-0.687537074027585
-0.992885130289624,-0.478816972922858,-0.183789015181429,-0.0602723719573027
-0.46237847070336,-0.219782883536679,-0.0919365706861042,-0.0944350678758157
-1.0799042958968,-0.608323109039311,-0.323769190855415,-0.198194225026969
-1.21766535756312,-0.658505560024172,-0.334341628607575,-0.207896076244903
-0.643503739383373,-0.153960206855893,0.123807254229448,0.208940655690113
-0.766753844449632,-0.350858804700363,-0.0692517188686909,0.0787622640384031
-0.407809727866325,-0.312007673340754,-0.281921320933774,-0.326742742658255
-1.39869721010697,-1.13516467467857,-0.989246076418461,-0.95995773159009
-2.1081567527429,-1.41802797983641,-1.02236140309506,-0.856281704355944
-1.75495885312889,-1.45681460777903,-1.29121292622209,-1.23027467507478
-1.28633317896158,-1.12435318122703,-1.03970655234304,-1.03755724376658
-0.661581528385119,-0.640940128120268,-0.637104465942157,-0.675591220216219
-1.26072026467337,-0.981240494432695,-0.828240347833646,-0.797973794124066
-0.722800584325891,-0.334766766620829,-0.178663034202246,-0.19921768041291
-1.49629522982815,-0.899856306188224,-0.501302450142639,-0.302131047814814
-1.12536961745469,-0.536879012541372,-0.213429651089653,-0.106476347668664
-0.87865240826243,-0.444807973583243,-0.200755071552087,-0.109569739244513
-0.80618508559579,-0.384235474512525,-0.167705846637691,-0.134690228694403
-1.1196312763695,-0.395747523620351,-0.0570881261176606,0.0303185559902838
-1.24982047756507,-0.753834385138051,-0.439001372979182,-0.274753107941229
-0.741725953218815,-0.397712846535022,-0.237715955793013,-0.217810480799106
-1.33192230913719,-0.705589183282744,-0.336783195028868,-0.168866080392655
-1.18802921398582,-0.770039768688092,-0.43678642905202,-0.203210644439008
-1.08554087427241,-0.667377364634211,-0.440226929152973,-0.36844266151534
-1.17867924555071,-0.695900522293551,-0.464585131000235,-0.421202874467513
-0.997494009067265,-0.91704449546262,-0.902710674838335,-0.95981932090901
-1.93461570340074,-1.31874193157141,-0.914256622168957,-0.699302718098843
-1.14370555781661,-0.429103463937927,-0.025223518072438,0.140041829956431
-1.26781543250538,-1.15423813128143,-1.09390756532876,-1.08368423198298
-2.22915786787793,-1.66169901015441,-1.23394740006465,-0.964954209977456
-0.770478716624665,-0.443187998809379,-0.265832586203094,-0.222260451396872
-0.527012630992246,-0.074789344043775,0.257060320629752,0.440762882141773
-2.60417175580579,-2.16020761453566,-1.86679644097697,-1.71528110661044
-0.683534411963901,-0.0877637425310843,0.292083734271346,0.484071309370968
-0.731704092907333,-0.194640976448494,0.141267376230488,0.272580850856671
-1.18233450832528,-0.548370459791369,-0.160187796343944,-0.00450025996182463
-0.707282137957909,-0.219920707310734,0.0189150347965693,0.0596035127042127
-0.593825634098815,-0.0616494233112406,0.209797459053883,0.252410387097912
0.44847515928143,0.418004594108407,0.369510412511154,0.280067568101309
-2.04118136942842,-1.43674278729458,-1.01344493212048,-0.762121477250632
-0.402300653583557,-0.333965268322551,-0.289907048058935,-0.295911328617408
-1.54478710356021,-1.02559481619947,-0.720476511192981,-0.604971102886868
-1.96688198580213,-1.17159458070269,-0.720199232683932,-0.504220172842604
-1.62005569831612,-1.16182756116138,-0.853613746176882,-0.692618088948923
-1.00463248819857,-0.563321038184285,-0.28275801893365,-0.160257243640892
-1.27273149076309,-0.854089849286431,-0.595027237703528,-0.490328231722827
-1.7608107901771,-1.24692050548603,-0.907666117390884,-0.741065977559825
-1.10788505092868,-0.558946790260821,-0.247307446491349,-0.143514186438138
-0.926934295029554,-0.34824943373684,-0.00280800440955624,0.11950035646411
-1.21462832483672,-0.654183882630662,-0.280212592425899,-0.104371641566664
-1.42667229971872,-0.771750121075457,-0.347043351203669,-0.130435239991729
-1.27420084645473,-0.989966458260442,-0.786857595532594,-0.67232292184769
-1.53365991566164,-0.961333203661442,-0.598233834870272,-0.437058219365418
-1.00091622602721,-0.789897106252392,-0.63688980297579,-0.558676193327866
-1.29073964123174,-0.912770058820213,-0.669899763787232,-0.554122291853358
-1.83178083467915,-1.26380234331367,-0.866483400365311,-0.623570336512404
-1.00236601802173,-0.628084472789095,-0.424164202363258,-0.362800043203096
-1.36350828880927,-0.70051226541107,-0.36366470951737,-0.248087541367239
-1.16065836569578,-0.889932772491138,-0.773837147910183,-0.809683785447406
-1.45639043122513,-1.22718157103378,-1.07989294052263,-1.01134681363146
-1.42721389396135,-0.817270470325827,-0.441926049358163,-0.286345781802079
-1.64345068724317,-1.21759677670781,-0.915212087148819,-0.750417331425838
-0.82711604952313,-0.494927000955092,-0.315184735350065,-0.288413387636253
-1.22985090108061,-0.593048386164607,-0.241007285856753,-0.120269415274063
-1.42989272200604,-0.62907386609938,-0.11629096155512,0.146175021648942
-1.1191773858021,-0.747217437937241,-0.512779544100009,-0.425638371360914
-1.88659141189899,-1.36226905849428,-1.02017673134171,-0.84821315379377
-0.93388095699447,-0.500121622681805,-0.251627119229343,-0.177193319247361
-0.291300809152294,0.0286876845247328,0.210098969213364,0.245314073690313
-1.58475683339402,-1.02330494679453,-0.64118926799112,-0.441581930948179
-0.860908175520881,-0.422400064909011,-0.168547406094423,-0.0844305190886962
-0.773794665715812,-0.430815625769454,-0.218217362666189,-0.142860407990649
-0.876590757073565,-0.771285121245068,-0.728666803677771,-0.74875155301055
-0.604921420280618,-0.196581658339628,0.00942973003180361,0.0496217615944234
-1.86079503131445,-1.09653664151412,-0.602166206533808,-0.358498951258459
-0.768285724215946,-0.518231843286578,-0.345671362385647,-0.263684487035439
-0.394895260316513,-0.191755489155663,-0.0678321946127994,-0.0422250870697822
-2.05862916484258,-1.4258941599858,-1.02170465517326,-0.823284530073015
-1.03801763133648,-0.602562240730097,-0.295110778563619,-0.117933318476658
-1.5529424142841,-1.2103401723723,-0.977448163733213,-0.845237909815977
-1.32158025400624,-1.00944695566526,-0.792821125612398,-0.690242742647657
-1.08044370559257,-0.565553107210943,-0.198871020188781,0.0351183317251928
-1.20773070777715,-0.781016851950712,-0.523644080300872,-0.43038780439352
-1.21407024316042,-0.685016686713653,-0.375539330597531,-0.262001481321583
-1.35555205098622,-0.903972874336477,-0.614812837803461,-0.48857320620188
-1.88553940405687,-1.33957384468508,-0.951661083056781,-0.733120063085992
-1.16713170452101,-0.499230931086102,-0.0786132283347206,0.107564273825622
-1.80031419043983,-1.19595336134112,-0.769897071953185,-0.508464502319911
-1.07718733224216,-0.541971260195056,-0.194311701930959,-0.0181708394767643
-2.49919493719176,-1.8986511718664,-1.45291999839505,-1.1585079224033
-2.28364923254952,-1.43866659097278,-0.837255896009876,-0.446734846065003
-1.76604338831615,-1.30034780069257,-1.02856350453287,-0.932957167247148
-0.8507376056889,-0.481311856400422,-0.202643488017164,-0.0318505157366656
-0.357381483083703,-0.0452076919982229,0.154940065655034,0.225828523464359
-0.792898366267324,-0.594746998233434,-0.526796484639792,-0.580833869166336
-1.60595796589642,-0.785654985329771,-0.27110934930132,-0.0184336353188221
-1.14583384850438,-0.504226283022711,-0.0895630351042786,0.127618528300338
-1.5111815858335,-0.692824521324252,-0.249199975817116,-0.0880439240900406
-0.786755322906046,-0.316992272052877,0.0192640241970929,0.216223480991089
-1.06674614241307,-0.402979858233495,-0.0173426738423177,0.148343784760359
-1.20843346778575,-0.989832680763193,-0.857067846385188,-0.812350882775531
-0.217433957547533,0.20659762618003,0.413106886941234,0.418189984674939
-0.677683063117734,-0.34350901440673,-0.193766582155319,-0.19834355067084
-2.16937944688927,-1.48688235439357,-1.07804588865547,-0.906246946963956
-1.29768271566675,-1.12140885315762,-1.03428918577064,-1.02313468715133
-2.06182135068549,-1.32139446668907,-0.802580321680842,-0.491983738287879
-2.62218455384994,-2.24740285918039,-1.99529703347097,-1.87611315838077
-0.812844158404097,-0.334621679569357,-0.0968750089953538,-0.0697648221097976
-1.16533516068294,-0.729574576125509,-0.440595724240179,-0.296641832906563
-0.622720194088851,-0.0842042037032946,0.246611643550566,0.379913610077868
-0.486115577301119,-0.0654863864299515,0.153062495268174,0.209275739273335
-1.28396438616627,-0.951229903851739,-0.767932536222035,-0.715177531888683
-1.21445813608019,-0.653442860417189,-0.237049485362493,0.0220702561407114
-1.08970678855775,-0.375414057316224,-0.0334766715302872,0.0506360632211597
-0.644335993280309,-0.120044789473823,0.115836835409972,0.152246220432682
-1.08007922343642,-0.563812560305178,-0.25570999517204,-0.116265931108625
-0.631130642648019,-0.433359665699913,-0.371996319999979,-0.438075652269901
-1.39257696481669,-0.574158309055641,-0.0472371368646285,0.229023116741895
-1.13518609496788,-0.60946024399725,-0.310728410613591,-0.209774677511922
-0.544708840028007,0.124538985740978,0.612923110451253,0.903780615099024
-0.441965658935815,0.01824006734964,0.221183295045036,0.207265528220331
-1.11910736859717,-0.795101326390618,-0.659091628648054,-0.66709017679024
-2.31457706267131,-1.43306586832154,-0.811357405473105,-0.447835881792145
-1.14164199353205,-0.512662352578604,-0.0915389135423621,0.136619885463017
-1.52072505691831,-0.853540155556303,-0.461242381547991,-0.288388757722331
-0.914778204053159,-0.472199960671174,-0.242390110387202,-0.189366391845035
-1.47327473151953,-0.97648818500262,-0.714310152825077,-0.649193631588888
-0.401506498222099,-0.073238278641257,0.0596937569548776,0.00428262994028222
-2.17278274856756,-1.65171143196532,-1.30781499272464,-1.13320234160348
-1.31509086196869,-0.708011153135066,-0.259975234256069,0.0159590823193975
-0.873510052553004,-0.661219265326902,-0.577145153858587,-0.609581212586962
-1.27117587269739,-0.931280904600396,-0.717381651764569,-0.632244925067435
-1.73425068040848,-1.23469094510435,-0.949984617629773,-0.827597335781332
-1.46319579685955,-0.646550246275491,-0.182950598166845,0.00768937941545392
-1.52504840493024,-0.886943262045717,-0.402761055385063,-0.0674464606919694
-0.835763357097313,-0.15878359985177,0.21103774187357,0.333431819910235
-1.09541352389331,-0.719147122952747,-0.489384230932069,-0.384576086189175
-1.82919308744058,-1.3514788102723,-1.01082357578941,-0.79476513262576
-1.13841210270261,-0.696485149818513,-0.41732861593469,-0.312799868200367
-1.00743279393057,-0.517071498880596,-0.206165910442882,-0.0594712047393926
-0.813140620448877,-0.367049702347227,-0.150036212968456,-0.104898258080823
-1.56127840627862,-0.815102302204153,-0.342219583981512,-0.107669216511365
-1.1034927431739,-0.411473418498003,-0.0338527854792137,0.069571015509236
-1.4289680078195,-0.834219935912564,-0.430901728792796,-0.216311718786588
-0.766556493229378,-0.449560142805143,-0.280499121455003,-0.250322222280264
-0.942854044570845,-0.247443404021587,0.13800836760334,0.274432729756052
-0.948996336726496,-0.682068978953678,-0.534498101302038,-0.517818128594539
-1.66718543663281,-1.19915307362394,-0.864847252148654,-0.671824134916463
-0.989045093640273,-0.603962533059158,-0.430665088743098,-0.446040953951219
-1.87795734117328,-1.10280670766729,-0.643860581467486,-0.431909352009809
-1.77606739747595,-1.03026729954409,-0.563258263596471,-0.332916502919298
-0.899617769937064,-0.241378741783701,0.152255440746368,0.324944140156701
-0.84801314531963,-0.113337298909155,0.362783336116537,0.603567006146452
-0.876002684152736,-0.315011376270426,-0.0288060693171757,0.0369454515428476
-1.18373381801459,-0.385550409588658,-0.0305783965522258,0.0541415405157252
-1.12778139392545,-0.820569727895241,-0.673680099059274,-0.667086777001452
-1.53525440106016,-1.26873069793362,-1.09666889469017,-1.02908499022748
-1.70852862059903,-0.975104327778189,-0.561542569129633,-0.399311815011506
-1.55883194242731,-0.865756732994973,-0.43129013586575,-0.217802326020789
-1.49212293316367,-1.32385150669992,-1.2656400363271,-1.30454625999209
-0.940018337004036,-0.382748920245114,-0.096876290301746,-0.0236170950178571
-2.17498743444134,-1.82540186888673,-1.62444709428243,-1.55760108212793
-1.11040534100902,-0.761705998220234,-0.505862503749433,-0.346230911189964
-1.81123249059687,-1.2689430583025,-0.913974010537189,-0.757583477521846
-1.05942219170878,-0.71057326378254,-0.50255356637084,-0.421492140651482
-0.548552654645406,0.060550802334109,0.427403756316444,0.570236397317132
-1.61289858102595,-1.14280347710204,-0.866131154547622,-0.761300022160918
-0.892676377521201,-0.50348742729586,-0.252161274591565,-0.141254284037234
-1.48870290052626,-0.810748747460218,-0.350022203695999,-0.0833345195303866
-1.2760507797008,-0.633786298456949,-0.235104805680108,-0.0656857450463409
-0.707249750117251,-0.239258508506696,0.0234561612472514,0.0944558739936978
-0.757205352397084,-0.151164359717077,0.266508330782693,0.478483421702137
-1.0566076745869,-0.420357172029742,-0.0627834434940404,0.0592401558107733
-1.37918407836521,-1.14641196596878,-0.971756810370402,-0.867164302442113
-0.943789973463052,-0.474036406375308,-0.208054534929635,-0.112253660114272
-0.574358212071031,-0.353788453674819,-0.230918757869821,-0.217437684896066
-0.865048543447476,-0.600260182531212,-0.457282996427089,-0.42858573525409
-0.761513917056464,-0.410704509831162,-0.24301597281001,-0.244094487042582
-0.66808854409466,-0.452580623503407,-0.320442522446602,-0.268028446069443
-0.826392041427416,0.107234216800713,0.611837080527853,0.802133485544623
-0.156565622888285,0.285294036665972,0.583890562583908,0.732805071410124
-0.918079160891093,-0.515424289205131,-0.263184787447107,-0.143729427032313
-1.2732867986867,-0.634244762292657,-0.229548662512143,-0.0467202768037991
-0.893706901358291,-0.406290823663021,-0.157999038389554,-0.0836389846354692
-1.92768130694529,-1.53796400893754,-1.27431857635818,-1.14268432919562
-1.3207425193371,-0.889218711927962,-0.606329167901207,-0.4748743437569
-1.10172852621627,-0.72672131737404,-0.505961924131043,-0.41149091450957
-1.29044415006933,-0.726621380120035,-0.307739989209333,-0.0408146592232118
-1.36466533845865,-0.719433308376844,-0.275676800551351,-0.0407635934263349
-1.1113295702126,-0.630222817111852,-0.364321122457354,-0.268124238915609
-1.37688284302071,-1.17159063742231,-0.989899141121849,-0.839518751590441
-2.5298582974388,-2.00267263946224,-1.64458807757284,-1.44211129883428
-2.06172948621004,-1.43593297229754,-0.980844671030945,-0.693418895971797
-0.664113928394256,-0.418790852143141,-0.293132351943821,-0.284083607534974
-1.69687759206688,-1.12667137376943,-0.819763434647113,-0.698338074578018
-1.4836282110004,-1.264448235177,-1.11875461077148,-1.04203463544009
-1.36334493047969,-0.874105909690128,-0.547028201713771,-0.374843949749915
-2.32628654817733,-1.93362667058718,-1.65083690197072,-1.47581066093125
-2.02610318245261,-1.41269023439778,-1.03171273912006,-0.85113110705295
-0.54064718402781,0.0499092577200906,0.368457578189072,0.435334834665804
-0.88180885508795,-0.393981972706854,-0.136266466585509,-0.08316931815108
-0.447206637022746,0.112653266537029,0.362149949930441,0.362426462989065
-1.03168182778442,-0.477802723424494,-0.120254694639851,0.0432124291141977
-0.95240580546481,-0.465676686665171,-0.125732784746308,0.0719620849218872
-0.493128923822189,-0.117608081131316,0.057086756385711,0.0657192083156616
-0.939309755706735,-0.604737979841346,-0.39122712541876,-0.301147449020305
-1.61600210143891,-0.997946215121123,-0.670566095744113,-0.568454946841443
-1.62943676255067,-0.963610279123857,-0.568566660130293,-0.420458170459796
-0.458672764072273,-0.0714736841518565,0.0510403386255223,0.0151010295549017
-0.496002435260396,-0.186891269348248,-0.0410064977195385,-0.0481827269446134
-0.573110248805302,-0.195144307836208,0.0183170516423315,0.0569386887252684
-1.19664345659577,-0.738816648078294,-0.473773638163821,-0.384773401751484
-0.600720727326314,-0.0400785971465597,0.217530064382961,0.263671301579436
-1.17911187217272,-0.799450593550643,-0.567258669154452,-0.48020311127503
-1.81250369171121,-1.40522103266424,-1.14905403982545,-1.05234569309725
-1.08388421946656,-0.439085896325948,-0.0700286597572549,0.0573321815722453
-1.01556777242477,-0.506033788506486,-0.135598301311877,0.0886497843452334
-1.4420590167483,-0.718231781579379,-0.27528541820076,-0.0515269501099179
-0.811949546663699,-0.494975898582994,-0.306594259951527,-0.265497097535913
-1.12955409159946,-0.726364164032851,-0.454083617834617,-0.317635589855929
-1.38605860913114,-0.874763267403833,-0.530095624047601,-0.355859052803198
-1.02027067776535,-0.533736263825993,-0.292623859219529,-0.261050340114826
-1.10371150481211,-0.53525644486789,-0.277368245556143,-0.245170076194929
-0.660148336959005,-0.194667276224661,0.0784444358926139,0.194192819357813
-0.357075902136207,-0.0705690961829633,0.111632560322998,0.180604079280084
-0.899868659037919,-0.600564962183346,-0.441419045919467,-0.409650490968257
-1.02570878940924,-0.616589276938616,-0.378325206940742,-0.311009229072665
-0.832690392559612,-0.684568980874735,-0.605070117365848,-0.609412050255556
-1.83017308053694,-1.25861154969666,-0.863111570353311,-0.645659186904072
-1.46545520520144,-0.777694011055884,-0.296319565182608,-0.0126124695743829
-0.761717709907098,-0.190421285754229,0.138596323574126,0.242055001006971
-1.23325455019887,-0.712331693812584,-0.393997312484361,-0.257390755633061
-0.898867311250041,-0.443133308241566,-0.292759464259701,-0.321191539204146
-0.637903101650977,-0.0527840769153725,0.211046553821541,0.221529935962833
-1.2770594335632,-0.557380801626322,-0.16741121309872,-0.0344830185711419
-0.663935919545857,-0.0495914296574834,0.396494970891553,0.652566434499307
-1.48386407022913,-0.897322758319912,-0.575570999305823,-0.494388471905002
-1.26472809361775,-0.737632344911963,-0.402801964320856,-0.245417876992375
-1.48255126732401,-0.844446350096274,-0.441273472150708,-0.245031561120758
-1.95454068165512,-0.959634542325901,-0.322042613005714,0.00196336066494907
-1.46883417466419,-0.862725507892765,-0.528851961765396,-0.422022082512079
-0.902497800226212,-0.311753390172779,0.0149061812191086,0.123541257472205
-1.95173959399955,-1.4627326001537,-1.12567873727807,-0.92357401418277
-0.984917650198703,-0.618071109846894,-0.384975411123992,-0.289205867605248
-0.182850908363892,0.209503780558958,0.427439148583842,0.47177967440151
-0.639979882278406,-0.488738679885016,-0.412826011920796,-0.428555743900391
-0.29525681990552,0.132928190055648,0.375442838885225,0.441512496000569
-0.67034168404454,0.0578618918484894,0.448040636127666,0.596072561936992
-1.59941317497777,-1.12883371485655,-0.841517629421169,-0.723268117879568
-1.3153685364627,-1.10979878956974,-1.00904889582305,-1.01250053792476
-1.29546082716012,-1.03704161266829,-0.878143140906073,-0.814227930297828
-1.1535435778239,-0.831494759788502,-0.647327193310166,-0.606440404604636
-1.44722996462885,-0.782350979269503,-0.419958195293258,-0.318133869433103
-0.695584972957555,-0.41632444599399,-0.271106129868701,-0.245478978484867
-1.52294936508834,-0.971294390606953,-0.673134499402247,-0.604902863255505
-1.59718130181743,-1.16693413411384,-0.852817714651217,-0.654509569051457
-0.983068638634798,-0.607848810837113,-0.396049271995979,-0.323017388538489
-0.59624716930246,-0.41306807702397,-0.290581383745559,-0.240052044697774
-0.879767247843344,-0.538190187980357,-0.334459241819265,-0.271105826913174
-0.970970509434718,-0.529370831710745,-0.279387240448792,-0.190548741971229
-0.641846598933791,-0.162971201894153,0.09543407302872,0.171771391962836
-1.90876097809948,-1.32219801232761,-0.960840504615722,-0.797468662651123
-1.10987900275129,-0.591770548204023,-0.260761568125526,-0.114229406439968
-0.87383351633679,-0.532645631288367,-0.310848835201333,-0.208671918714431
-1.04550942627061,-0.477966151035016,-0.140991602832686,-0.00712229505741024
-1.06062990645403,-0.775114617294883,-0.594133157117921,-0.517517854463358
-1.65471369314433,-1.00186025912855,-0.640409264777395,-0.505606629159816
-1.79222555728834,-1.09343285940979,-0.646883300831042,-0.420721651935846
-1.50603237444763,-1.17800736741306,-0.942019094067424,-0.797094084053648
-0.614257971587775,-0.256806592493843,-0.0289962467861674,0.0726374214083371
-0.946536176214707,-0.562446043478764,-0.357494843279444,-0.30775874718446
-0.304651453144835,0.184518701569694,0.523250499471528,0.692143281269425
-1.52466120565656,-0.968793323924871,-0.646262291433984,-0.519978929787992
-0.769359878963162,-0.386537856951857,-0.188611673730176,-0.125812565337503
-0.523790969950587,0.0502990637566314,0.363845318210534,0.45545113318806
-0.617288336400004,-0.416878908751624,-0.339388563930421,-0.389241133974464
-1.35248625950603,-0.760654754391801,-0.412789495157524,-0.268702028827618
-0.445308842818717,-0.235267677291726,-0.140765011085693,-0.168033332674143
-1.56730331912635,-1.01081662696867,-0.666982821994038,-0.523682020859604
-1.52400826571861,-1.28657388310547,-1.17096970155625,-1.17237369427494
-1.46015132384726,-1.08927845478748,-0.877043093231372,-0.80896608012827
-1.14350887585357,-0.606871769765559,-0.354934892903725,-0.31242693012095
-0.726829166581363,-0.360923754747715,-0.13216243519542,-0.0451069936240739
-2.1098828853142,-1.68020454505738,-1.38940508620455,-1.23936812921497
-1.01789916151404,-0.58749299796894,-0.305465244968321,-0.171907640386311
-0.427487515397195,0.102451792872772,0.330225775997,0.343778240754481
-2.34708253695893,-1.76088568674335,-1.33225496979862,-1.06463383413863
-0.551893309181161,0.0484057233467852,0.41080725587699,0.542379996478358
-0.888464136555643,-0.240756776924565,0.166360031012743,0.362161468407181
-0.74206235199066,-0.253880631345357,0.0287206857519127,0.13029913835364
-1.65368416189942,-1.0976078784301,-0.767654014766081,-0.639178200062545
-0.716083283755137,-0.390342844117114,-0.227233400923234,-0.198157847969027
-2.10249343495027,-1.51546925671956,-1.13711998589369,-0.964866594976419
-2.09563344595729,-1.40949314401714,-0.957822192340403,-0.703636958329262
-0.744805644403818,-0.173931598646849,0.127463752266449,0.208045927053998
-1.8105303722332,-1.28116444564339,-0.945274078060253,-0.77873765741985
-1.46854281476718,-0.930660841084141,-0.566953573816956,-0.375758215808098
-0.869210034569588,-0.521116544149425,-0.329878977615151,-0.277113955015495
-0.744719733296347,-0.57078594067605,-0.513336630104616,-0.571062820066346
-0.970370293636366,-0.930079644679911,-0.904369798741261,-0.90499379392496
-1.51918699173538,-0.83820487341467,-0.392037713265472,-0.14742622750735
-0.322960072029116,-0.347490626052589,-0.37997377781964,-0.451878379279932
-1.32122080349915,-0.750848405688469,-0.480447731263755,-0.449740311911935
-0.758539877431317,-0.35908950024946,-0.105237447311612,0.0038964510653742
-1.09250443815596,-0.552157896920767,-0.218594795619832,-0.0686320464378278
-0.796787252709713,-0.395920079910376,-0.156984070403913,-0.0939509335854608
-1.1763211231241,-0.668176543219572,-0.366573336598543,-0.248815585421005
-1.3790152936722,-0.794133237616089,-0.507914796981789,-0.412515682991367
-0.373941519513837,0.0357804408699073,0.284109087275141,0.360706600924725
-1.39167210130802,-0.92698381278086,-0.624439838315045,-0.486243580032924
-0.969414233832608,-0.572120853560169,-0.273652112299694,-0.086198668114338
-1.71368365035028,-1.28079997405302,-1.00892900408387,-0.875698037655343
-0.942373991041969,-0.763365705996325,-0.669302478334126,-0.65974572558186
-0.961433482499576,-0.341678255205197,0.056178539670763,0.24846315920067
-1.10738079857777,-0.433130905980193,-0.11567104324184,-0.0656840716778208
-0.618612436020096,-0.278000024458325,-0.0856661514883793,-0.0284291442082083
-1.65175838211259,-1.25121921745046,-1.00477708446329,-0.892556975678813
-2.4005111563112,-1.59034713106335,-1.06231878442117,-0.77636087111787
-1.95868582071,-1.18614344831227,-0.716630424874519,-0.497142220098619
-1.25205297605492,-0.346281064130532,0.147565728668156,0.334763779294208
-1.94552829856094,-1.31271022779323,-0.867882967837731,-0.609319292185064
-1.88269588155491,-1.4941156049257,-1.2322049143711,-1.10016626854159
-1.59312952491061,-0.859635541292957,-0.368974627147064,-0.115726789986847
-0.356623849738532,0.246694849313555,0.603555787703245,0.731582586355415
-1.46358460909116,-0.848687837525593,-0.412061787732098,-0.160706142614883
-1.15690387548758,-0.393263729364728,-0.023289172688933,0.067712892213451
-0.958218587353918,-0.542200980008849,-0.320019819451574,-0.279875264363178
-0.79092365511606,-0.264752944357259,0.0403495248901194,0.126459447151747
-1.50066404432908,-0.962026434483967,-0.632880638570491,-0.486776758072733
-0.479240117840626,-0.226877191420377,-0.0726489304550889,-0.0243436573985309
-1.28930974370146,-0.716184391371351,-0.371521102189131,-0.245412989567294
-0.937906456148689,-0.579015316596358,-0.318691002581595,-0.157740134398658
-0.772681232904848,-0.270616578877533,0.00744914849290781,0.0879504686131238
-0.67499302393402,-0.200127722720308,0.0826868687156847,0.186034558235687
-1.01562018772829,-0.687791727552696,-0.496746421648832,-0.450005340048855
-0.891098045077647,-0.170388261298191,0.193604569522665,0.257695724817627
-1.23465625832078,-0.841404498874982,-0.567169849029957,-0.408854394078316
-0.395320638021613,0.0643805848185543,0.302484121671741,0.368994352042965
-0.189008050889478,0.24903545025143,0.504920985585294,0.592108134427344
-1.09663476201985,-0.553377540627136,-0.186770345582569,0.017858425444373
-1.18702359842322,-0.680628512959254,-0.364574862670997,-0.218729781366488
-0.516504710807716,-0.312740857496932,-0.205491567074471,-0.210027027420913
-0.580623827241187,-0.434756831342997,-0.387935468324122,-0.450628581093242
-0.680507600071141,-0.359077124201556,-0.116251915778009,0.0389103718868047
-0.978082962579732,-0.551727717073821,-0.312873085650913,-0.248147395924536
-1.38692790593028,-1.07316396543897,-0.865396867387941,-0.761756218357863
-0.759398474677724,-0.155647469318957,0.256544957746483,0.456232227874479
-1.70568141108189,-1.44524560915936,-1.31028366449045,-1.30132102467579
-1.23579233651477,-0.803846482802715,-0.497474130403566,-0.321093433657067
-1.33207932230282,-0.870701947396675,-0.554114011032498,-0.379000050378449
-0.673100170673701,-0.436573132120078,-0.305864375867498,-0.286339501183593
-1.66147118117164,-1.32392217524648,-1.07672816908851,-0.899025696721137
-1.45475130125877,-0.952063105790751,-0.651241564063488,-0.526429436754528
-0.86127062183563,-0.348197775146971,-0.0388423788937575,0.0742696865916829
-0.845670773419364,-0.243618403670798,0.125969645560845,0.287656917351359
-1.12942671671487,-0.613250100409155,-0.301845971968314,-0.20064222023234
-0.916192924983391,-0.492775311995585,-0.306520300508871,-0.307005187648249
-0.891093668800239,-0.401365486266042,-0.147855147454944,-0.100842513481827
-1.28026017879648,-0.789091538265621,-0.41911938060688,-0.181690745818472
-1.36293798147821,-0.927055034490531,-0.671581257298743,-0.584221690022941
-0.549080951103732,0.0303474451929892,0.411032985624577,0.591182384540746
-2.11400412217625,-1.25605284918931,-0.725623997205496,-0.468019067860631
-1.36071523430507,-0.96051038567837,-0.710299635253712,-0.602185305531456
-1.43558146280256,-1.10699312802502,-0.8967285902067,-0.811557081391343
-1.4263300515424,-0.782114533486815,-0.408182749086965,-0.257472099802857
-0.987816436576031,-0.596664728544553,-0.379493734867467,-0.342897048825502
-1.4611307505692,-0.629284966255685,-0.170338012960507,0.0123509551685168
-0.300813224222154,0.39360370708301,0.705182006386944,0.718451381210635
-0.792051855908821,-0.174114872282228,0.188957647130005,0.313270141472066
-1.21574483408452,-0.604429902679071,-0.212148371569269,-0.00983311539457432
-1.40775411820099,-0.950238303221055,-0.677827899888268,-0.5642451127158
-1.12860215675045,-0.591106415661,-0.282957516091291,-0.191389253285726
-1.75628563194624,-0.850215036296902,-0.245014444241677,0.0848980407855218
-0.897105399396223,-0.375634259746768,-0.125727452858263,-0.109421825397932
-1.56352599676182,-1.11282864915969,-0.840652836990015,-0.738838132076138
-0.966044818719871,-0.548212408789886,-0.330482986044656,-0.306790883664254
-0.867201627049272,-0.244855186129445,0.11237674774069,0.240047385577919
-0.798213806968973,-0.367407291989267,-0.127728452848163,-0.0577138068674299
-0.90002570067105,-0.46595342882986,-0.218597500194004,-0.146200076220636
-0.400767675259739,0.178900778588649,0.509073688889585,0.623271335415667
-2.04949171903101,-1.44017607767173,-1.01837911689817,-0.783661486477342
-0.508076699264047,-0.363335231266224,-0.293610410443652,-0.324886426241684
-0.841268860228909,-0.487619660843992,-0.235044617105421,-0.109825002443232
0.174712383401174,0.509844903292322,0.664587808237724,0.637109485845272
-1.26426228590985,-0.78999540579163,-0.512269107472256,-0.412534222575336
-0.564120419226398,-0.177336821292612,0.0298859112627388,0.0738033900044122
-1.61262852093168,-0.957115197623158,-0.594373451187012,-0.471632193158855
-1.64937338948453,-1.18238007675242,-0.782636821052367,-0.452947292722604
-1.358573933098,-0.553450776587114,0.0120330170096264,0.343314824916312
-1.12699031423909,-0.653986640916746,-0.353062478440461,-0.211218716089589
-1.04222871747991,-0.824387469918452,-0.703132935626593,-0.683493128084297
-0.693969117658736,-0.19561956809407,0.056127270496871,0.103724451808453
-2.68710584849045,-1.77943500244241,-1.18390500058423,-0.883043236805872
-1.82348473632177,-1.02070262891737,-0.539352801721763,-0.313984920082295
-1.0174290334608,-0.474495466217384,-0.166732822230316,-0.0463723589261227
-1.06194121174779,-0.472255277573529,-0.114656330204693,0.013024946057298
-1.80958246469888,-1.21518197690138,-0.775641527119915,-0.487909203151596
-1.08337970579624,-0.579316353410066,-0.304398482828596,-0.241066205527925
-1.40258097624781,-0.792728071626399,-0.362155365634303,-0.11354058652642
-0.0423533684763146,0.274404186608464,0.458107066897077,0.501439427980472
-1.88026498473281,-1.24417476433389,-0.881499999159514,-0.709637702476058
-1.40714372724737,-0.935369132020334,-0.636082761222215,-0.494252033731067
-1.15218615200755,-0.767358424629884,-0.516271296529757,-0.399551607587396
-1.45002470763871,-1.09510526805219,-0.921516421037502,-0.899132436773259
-0.849990544299818,-0.400543920288836,-0.0953615227046727,0.0545618679815732
-1.00113115870026,-0.437878057104666,-0.15860836793882,-0.0762594134801275
-1.49666654588798,-0.935951668611382,-0.629059863538405,-0.511176378748502
-1.89272667947657,-1.53318665752032,-1.28998447542991,-1.15046200142016
-1.63204957172084,-1.09687512137751,-0.775336968910001,-0.612104707393529
-1.94485645926784,-1.36127678062717,-1.00396032549565,-0.835819913613077
-0.797284478265141,-0.201315497789188,0.195508220278836,0.394241283358561
-1.29101453128988,-0.737460151257205,-0.330789841917268,-0.0712682604745328
-0.917945806549362,-0.38830553290037,-0.0937468707799861,0.0197498896758197
-1.41522655161138,-0.678360490158558,-0.223719646824027,-0.0106603015109464
-1.16509983066549,-0.536815572459301,-0.104644639083326,0.139340784305757
-1.40731576378086,-1.12049629615617,-0.915295238954021,-0.804480402524111
-1.34938815413389,-0.669178045082574,-0.222730049419799,0.0170129316979672
-1.08892717298022,-0.324328769000687,0.0798364073862204,0.221937208055015
-1.10848595295218,-0.557409196264113,-0.276616336204332,-0.222697645534936
-1.38945669759159,-0.665397163275664,-0.187132783830958,0.0527324905233784
-1.22047595702759,-0.578674759942364,-0.212933352879618,-0.0711753176996369
-0.623476076116023,-0.156142234452412,0.104377301814012,0.229638636216543
-1.12497100483179,-0.719407850325329,-0.50581785116536,-0.465835430402127
-1.62489778764729,-0.959870620161614,-0.487816829225756,-0.199087753896243
-1.36026299028423,-0.365255805032538,0.22504942618881,0.499171808869549
-0.967104395671099,-0.4504807481275,-0.123159917940373,0.0225891601043696
-1.31084326685218,-0.963592017654923,-0.75160571656511,-0.654092938228057
-1.07509061388065,-0.585349521376863,-0.188768806549265,0.0967783952820177
-1.80263083887302,-0.854035049030353,-0.296050945526064,-0.0223399122839676
-2.02031983467362,-1.35312732912636,-0.926254908677752,-0.72912038059915
-1.00427187928825,-0.346422924316963,-0.0618720800399432,-0.0165718127961204
-0.846152431369333,-0.272072958865351,0.031623288400762,0.157749830590561
-0.708328836841042,-0.284975107826601,-0.03712980681781,0.0756953385667948
-0.37924144986163,-0.131319635950051,0.0357510023495461,0.103286786502798
-0.697982665253768,-0.0660134795902863,0.274214639239668,0.363037359288009
-1.30751948068334,-0.822708012121064,-0.586061641424536,-0.537731988182341
-2.01070887382341,-1.4289132075136,-1.05617355302157,-0.876108873623278
-0.415790093168058,0.0508792395123472,0.251867646054361,0.252565920552086
-0.91591790862124,-0.69698583075591,-0.598208293802392,-0.618197638342492
-1.70559961518607,-0.952511613747861,-0.470098659363126,-0.236754640307415
0.113169609598183,0.472901770411701,0.673148633129918,0.716520589711349
-1.48122799825078,-0.661016556662784,-0.171183262887669,0.0496475903046942
-1.13882598793231,-0.744853878400039,-0.524270906849954,-0.448114063114496
-0.730896393902496,-0.47295504510376,-0.296554517689208,-0.213745008334571
-1.50485838080848,-0.828214885728477,-0.411200494081321,-0.213830923947012
-0.555410256913811,-0.281384193350687,-0.117628073942337,-0.0770110084621084
-1.27705995955088,-0.931908003799208,-0.665137655000334,-0.488039366808416
-0.215552583380407,0.209676885196951,0.49314402594908,0.628848493588757
-1.60384215207232,-1.08209539334849,-0.821264004242562,-0.737161702642975
-1.40837112253451,-0.917646140232776,-0.569645218247101,-0.37470117780453
-1.01929998569772,-0.402177014561664,-0.0191744361816382,0.1642534201753
-1.66625785718799,-1.35660785280244,-1.18988818495139,-1.15985877548768
-2.28247680193341,-1.6191302942887,-1.16355967521819,-0.908179820383491
-1.43499376015228,-1.13851890959181,-0.949135227458643,-0.853271627312203
-1.07992147424402,-0.855736360659598,-0.706456605639784,-0.634028073823821
-1.20267198249388,-0.927715943128077,-0.785263091600679,-0.779826741501493
-1.95547390966786,-1.39528846737859,-0.995486027484576,-0.765111937620505
-0.946551219604185,-0.46495914362164,-0.211698950984484,-0.186840706054919
-1.35905702067152,-0.862951604226047,-0.501243228340971,-0.283189196193741
-1.01156722667403,-0.51449007101996,-0.225259418579376,-0.13587400628507
-0.591911198130428,-0.310201012301729,-0.165527380559335,-0.158979735375342
-0.844560318010391,-0.539776023087412,-0.358498951664517,-0.307659790881976
-0.351270195717463,-0.00543112356809384,0.203992091101319,0.25658172313262
-1.04141597713426,-0.488919535438701,-0.152827663507526,-0.00182799570239339
-1.42129801943306,-1.22621638760733,-1.11418591263474,-1.09363033367179
-1.08601167015985,-0.0998592280208576,0.425307793607169,0.603000643209865
-0.959606385711095,-0.420824491311735,-0.114215741613249,-0.0244180063279943
-1.36463765794858,-0.682892714630005,-0.291696012173467,-0.142201412530779
-1.20584818760194,-0.877588627171631,-0.64889173088088,-0.528447663726401
-1.83460042876082,-1.3288726859425,-1.08333218182012,-1.00610198192867
-0.959818665366827,-0.431373828090263,-0.0922796836021401,0.0644167240702046
-0.473696534195459,-0.0570637556551483,0.18232977578424,0.242550276710187
-0.99303381733727,-0.466246749815971,-0.186393700870143,-0.109486510544302
-1.35790574853001,-0.709745183112642,-0.420876577573634,-0.358408200963845
-2.03982547203775,-1.15386039666738,-0.560161659612166,-0.213537391363481
-1.45609394520184,-0.895889731173192,-0.592136212598088,-0.503809446476115
-0.959673202850634,-0.26757265384681,0.121351705797378,0.246220058638773
-1.04872792299127,-0.488195538088522,-0.144436487616391,-0.0001350405577345
-1.07581164941499,-0.521651459592756,-0.194508079970141,-0.0766387967347511
-1.51010946309187,-0.997286012752548,-0.675821762862868,-0.518451752832005
-1.10137786666908,-0.636947586038277,-0.345695345839848,-0.205648378412713
-2.90701408593842,-2.52576607294017,-2.25852138068063,-2.12393120463158
-1.31471403416208,-0.703197844838535,-0.296710705928275,-0.0886448365267312
-2.14333365759106,-1.56620276598209,-1.18780566674467,-0.994123630795237
-2.23873720899973,-1.66139115177273,-1.23112310950368,-0.952043505039629
-0.93617813181528,-0.321902515938703,0.00137280538874295,0.0993688175099996
-0.973727422549733,-0.717336988970818,-0.581796549358392,-0.566516506938095
-1.28913750263556,-0.891169973687825,-0.66560110795072,-0.589815817316396
-1.80782877062019,-1.17445034095953,-0.816816886252434,-0.695831508275181
-0.898027734116811,-0.65789079096889,-0.530687644293267,-0.520298563310398
-1.85562447184713,-1.38931334469023,-1.0924942057628,-0.956474305075375
-1.10143972574644,-0.633644603855881,-0.329839270385128,-0.178449218717536
-2.00798307587748,-1.45708666116401,-1.12782999801716,-0.975266688808396
-0.73345730712446,-0.722578513534413,-0.736545852562241,-0.79445863727798
-0.579621136008919,-0.0445653439010046,0.157436906076001,0.0950125136860518
-0.74585219655095,-0.41271219972242,-0.194229279166943,-0.0935480525750854
-0.83597326348664,-0.366267211914006,-0.0906867066152603,0.00691503541954633
-1.46254299479152,-0.79204252297916,-0.433052456015356,-0.327492537975167
-1.61620887757392,-0.941299949244752,-0.508270844624962,-0.280212239706569
-0.948843535803988,-0.468382413725383,-0.189401686753112,-0.106278160994174
-1.25982870974248,-0.654933557171722,-0.339999589500014,-0.236652702623574
-1.69174930751124,-1.20762498371987,-0.906246986687491,-0.762657752832283
-1.41842681235047,-0.734243548586518,-0.36121401776875,-0.209654401517837
-1.27891490602867,-0.865955188241968,-0.614151194535093,-0.495744247826082
-0.498154969594497,0.0289507704708572,0.327631119794312,0.446005531471875
-0.6814691363015,-0.209933159841065,0.123980350107315,0.320882902379251
-1.38516195911215,-0.60682642907884,-0.136148419204778,0.0889851613663095
-1.11783602559659,-0.772348635025335,-0.559371322754693,-0.476360886768332
-0.327689798514678,-0.279692781308682,-0.261084598001862,-0.300227691770768
-1.14415889661722,-0.538011340371577,-0.262652563904574,-0.213481781782636
-0.257141271798505,-0.145328107235873,-0.110284247809602,-0.16641284175221
-1.3258077407205,-0.856445266171951,-0.58159849138308,-0.487742441744845
-0.684764043395653,-0.330011996419113,-0.0893199410442144,0.0174512983219462
-1.04875459307796,-0.603684398272522,-0.308788679999108,-0.168288925309377
-1.39888913967229,-0.728162500394871,-0.327437479121705,-0.159854217466935
-2.07166708607155,-1.59547898266451,-1.27571438230793,-1.09546450933079
-1.75321653184498,-1.04955459292607,-0.571981716600657,-0.325796796185831
-0.877203335267672,-0.302329848648482,0.0376722196171353,0.175440606513299
-1.54709032763185,-1.06214708918951,-0.738236830101923,-0.5839930377701
-1.40042973890617,-0.825650634474516,-0.486962081337531,-0.356843706624193
-1.3582793562099,-0.902192448099063,-0.584823010732403,-0.403157782286133
-0.693863278016868,-0.392888853937964,-0.223079528802755,-0.198266508424462
-0.698107916347223,-0.172055195463457,0.0719965301965543,0.115578659065615
-1.06071031760543,-0.513997978642347,-0.161870494419026,0.0163813495529141
-0.634686347000483,-0.0996034649115835,0.183622075197994,0.249182397514347
-0.956080035594987,-0.532259485462719,-0.363646901453411,-0.388523726586915
-1.70495493703218,-1.42136886635147,-1.21840822128334,-1.08583976809398
-0.557876674604472,0.049477210568308,0.404100145185442,0.53406831599269
-1.23515885870393,-0.571119709550136,-0.177716813261103,-0.0040340461247691
-1.53417242117465,-0.99761419991828,-0.6728278440609,-0.531060309662642
-1.41612899063565,-1.08637788825374,-0.877489624034998,-0.785930007535909
-0.669205664234146,-0.137773559332244,0.151952816089242,0.239459844770739
-1.16981287556396,-0.747501282189744,-0.480365268218986,-0.356790311786238
-1.5280808605244,-0.809546383423087,-0.364758310398776,-0.160747944108399
-0.90526603357887,-0.531274219353097,-0.301031524461088,-0.195895140415428
-1.11459409861984,-0.534540109191028,-0.254379282461017,-0.194090236297231
-2.19627412785753,-1.625710627762,-1.25033796102956,-1.05068998544118
-0.764930260119316,-0.656137736175563,-0.620805457290832,-0.667167336282527
-1.50870796132258,-0.879033270564299,-0.435728098104448,-0.186254594529484
-0.770371723970858,-0.455105132478709,-0.318951954810092,-0.322335426440893
-0.888822247613952,-0.650411976260919,-0.51542558435631,-0.485342403632093
-1.67091123968552,-1.2267460732662,-0.935863609937723,-0.785736132427511
-1.63056606735409,-1.0003905287687,-0.61634909979869,-0.441906389661506
-1.68820882329333,-1.40488733522047,-1.23294175981791,-1.15534528705934
-1.01869000503202,-0.446538335289738,-0.0513497175688657,0.167326754296963
-1.23547754937449,-0.77025211300144,-0.525472786808058,-0.439313055800329
-1.43959097071744,-0.984406605616089,-0.692702232282418,-0.553571568385874
-1.74556424521345,-1.13986249948053,-0.773618398287421,-0.607862109191461
-1.12399483837679,-0.675074461078644,-0.391332750276922,-0.263828153105038
-0.725900178363677,-0.395431415117749,-0.19725632233103,-0.150059127168191
-1.5571159880595,-0.897494372921764,-0.462572397464045,-0.214835351594213
-1.75462704422064,-1.27793828977537,-0.930337037063684,-0.715981369713215
-1.05814335023564,-0.577850097321459,-0.265891487332403,-0.137971800408608
-0.744631034311721,-0.345368866719893,-0.144620023652785,-0.135312770510028
-1.91332782943795,-1.11555657970805,-0.586344059272267,-0.282788119474623
-1.57345551733585,-1.21192705360889,-0.977987614679798,-0.879265336387083
-1.24971136519904,-0.890499883256037,-0.730873973910218,-0.736288866675521
-1.67231127166858,-1.11833069560217,-0.809259303502033,-0.678492246399968
-1.33825548176828,-0.867306280413522,-0.573527340846668,-0.423639859227864
-0.477440427762811,-0.147288306957792,0.0310628189753276,0.0762783926702861
-1.15761692459367,-0.419593019355209,0.0133568067532386,0.182838866612402
-1.23471117462214,-0.645353330730225,-0.313241484073014,-0.193313868081478
-1.19137820346393,-0.617600264764869,-0.348783600818476,-0.3225268671834
-0.385514750742438,0.102668796717044,0.29062530931518,0.249923845017659
-0.561934766989233,-0.556768659354595,-0.593802752902542,-0.699460234042003
-1.05072505818861,-0.695516276131562,-0.494776265815453,-0.452731186479566
-1.32333562373058,-0.865376336907898,-0.596182463426042,-0.50272806922859
-1.35087247799423,-0.910963829749452,-0.64093284167828,-0.505918215256543
-1.25561411020434,-1.02947079249629,-0.889093329566159,-0.811069094047466
-0.747514290491714,-0.131538328071083,0.150930642337949,0.205910419038583
-1.27702818718891,-1.00143967312987,-0.84094770803373,-0.801537221491464
-0.954472461348579,-0.449316950276875,-0.190456947254241,-0.117547853748289
-0.696003607924265,-0.326338943528253,-0.133406457332532,-0.103070264056866
-0.909514701584095,-0.149851665863092,0.331151471054993,0.548789283566064
-0.436159061750448,-0.0388368036076253,0.0992523827320749,0.0257589129507586
-1.58251313380592,-0.871518972634492,-0.537297840126141,-0.438464319219285
-1.43498631792966,-0.976327495707178,-0.659807352724587,-0.48004308967323
-1.8761641543861,-1.27711508082673,-0.869291942721613,-0.638725700500938
-1.13064774410708,-0.634489041994931,-0.382385766521139,-0.29116948853423
-1.13210082120713,-0.426837405394555,0.0181276082946784,0.224608726600492
-1.20193245670287,-0.536766218551701,-0.114464641635848,0.0759579019808012
-0.943749254317786,-0.764733725844854,-0.665666335266072,-0.653711636203424
-0.467609621142095,-0.336541193824341,-0.261045368633327,-0.26363323672322
-1.89774231462518,-1.37678865472747,-1.01043529017465,-0.79868003033845
-0.610397565477215,-0.193005510523855,-0.0272055795113703,-0.0635033481475745
-1.35482192901327,-0.906448835623612,-0.650311437803741,-0.541365219439176
-2.09090724110679,-1.15093132252168,-0.549641939742716,-0.224286154808065
-1.4799480075853,-0.635160138146539,-0.129351189284614,0.115043278594619
-1.28664915244894,-0.631938107560868,-0.248196293869295,-0.112305895675153
-1.0931316542842,-0.486529996639009,-0.126710877365544,0.0171770921565297
-1.05517336960648,-0.54977746814499,-0.242961254139643,-0.108377132460907
-2.25032552333173,-2.01007858231009,-1.82855985060352,-1.70669423393779
-0.799872743472845,-0.31584457096311,-0.0368138313603987,0.0589262094069835
-1.20084388326915,-0.751269842722711,-0.529541652683281,-0.499671260807955
-1.13433447401605,-0.664174337442015,-0.418287410565554,-0.358537945725101
-0.90220861578702,-0.479731775670469,-0.210779553917231,-0.0721991204866847
-1.82748437508297,-1.64386112422137,-1.54793072283921,-1.53498933028109
-1.26224310820563,-1.06797740494533,-0.943710820758604,-0.883668492135024
-1.47196915385828,-0.879409038214969,-0.535865352626883,-0.388755497614757
-1.07443880374579,-0.855286465595716,-0.714740648533981,-0.658699888757509
-2.28369440404449,-1.77072446975291,-1.3854450356809,-1.12667179027376
-1.78881894459823,-1.28080720501476,-0.941289048308258,-0.76967778098285
-0.914966339051105,-0.635582510960063,-0.465020269960518,-0.413872735113086
-1.48463599423147,-0.733398461968911,-0.257878068695408,-0.0124658853659814
-0.987728642011154,-0.561715134999074,-0.277502311764399,-0.126141728166508
-1.60329543762334,-0.851764654994034,-0.377088381100197,-0.135874290845056
-0.94034469970428,-0.327348005282584,0.0251175453401108,0.134359867202917
-1.11895501993671,-0.563176582187882,-0.22571516235532,-0.0623370859724633
-1.03791320446475,-0.62202041375452,-0.38760307788127,-0.320828308634837
-0.874624907192654,-0.555637884839249,-0.366317035849416,-0.298004321013127
-1.33430279861224,-0.791965491918912,-0.512805164939368,-0.474712162213213
-1.11221689178567,-0.576770259161751,-0.227174688504201,-0.0584154906765256
-0.651992014544911,-0.334127281763933,-0.190872555289227,-0.178664454712348
-1.27988898742833,-0.6534975810537,-0.294462730216612,-0.159234779449295
-0.587644328239129,-0.204388477138636,0.0104913178035321,0.0728469218504481
-0.316904517204362,-0.113955246805839,-0.0167849070234184,-0.0359743537791535
-1.57737654989307,-0.82384687211,-0.352654835711017,-0.119838332544484
-1.18068708476238,-0.730089743689534,-0.468409320070294,-0.385793254806481
-1.26358633984203,-0.706592695403845,-0.344043745347898,-0.165693068469941
-1.08871021619049,-0.720431768859649,-0.473970198771482,-0.326444449138196
-1.45533779718009,-0.732535386696213,-0.294932373102894,-0.105327698456418
-1.69928905083788,-1.12962687672554,-0.765036459367527,-0.6115360246874
-1.23562524693493,-1.00665507242525,-0.858764762491928,-0.78990739112866
-1.12420850196,-0.540930165362258,-0.167998320564366,0.0155714540357339
-0.952099426851974,-0.686136445855676,-0.509508808752814,-0.421342353596654
-1.08681391460334,-0.401002754422256,0.0279052759263725,0.229462356149605
-1.10706565352874,-0.273313414725582,0.161963842121257,0.286731945465766
-1.69781555785155,-1.21653898848836,-0.926930267125346,-0.803016543272332
-1.54660066633823,-0.996276118441982,-0.649838939050156,-0.494233425316857
-1.63324226504688,-1.08168656821153,-0.735110985524667,-0.584662951202426
-1.74468125777205,-1.07275131937869,-0.600814512063676,-0.317321027655092
-0.984423840972963,-0.494096596373361,-0.205293652584595,-0.094507295650133
-1.27695755575433,-1.16656135657745,-1.07146100489486,-1.00784337897582
-0.381134598137506,-0.0355026490815419,0.18046170353368,0.264402508353772
-1.50076968984745,-1.18656659015735,-0.944408615462455,-0.78033177979218
-1.18545883860481,-0.647809613186964,-0.36671707721567,-0.323363368501545
-0.835903196317025,-0.505227661612699,-0.325767329047657,-0.293471390141238
-1.62889394189887,-1.06785103711517,-0.714384496733831,-0.541096817424817
-1.00792445970215,-0.486437563797846,-0.215843359174363,-0.14208870415177
-1.40267103411867,-0.737689064155885,-0.298999260835594,-0.0601591938010911
-0.904229470238546,-0.229454523322823,0.18326624786441,0.357291958354636
-1.57371403234787,-1.20948928166226,-0.971403957145951,-0.8562359590962
-0.718760659763622,-0.401998351655379,-0.207114035496774,-0.127131815220496
-1.79779410395288,-0.998265117511887,-0.54974074265658,-0.348958730489559
-1.51075103733164,-0.932921761329376,-0.576561045045026,-0.411291232539751
-1.63214965256724,-1.09035844238873,-0.739750494130278,-0.57379891479421
-1.49620291673581,-0.931648913134981,-0.588625766246705,-0.448221571564467
-1.54654002237997,-1.34774946357021,-1.21957947313511,-1.15671840442787
-1.02693075639138,-0.557500994442123,-0.286475171968312,-0.194594700448309
-1.84871865480328,-1.40976991085282,-1.07530863124804,-0.866508353017935
-0.638070049710318,-0.117935182641695,0.140201862376578,0.207709635861516
-1.17325918309529,-0.879982882946785,-0.731285692269554,-0.719645329931006
-2.41007709155142,-1.87742502030972,-1.51042074708023,-1.29238532338373
-1.05747104388853,-0.496106159590404,-0.165688846708176,-0.039595133672386
-1.57208134065497,-0.858737136751952,-0.462795823647939,-0.291014970502563
-1.63912329355586,-1.0136125003151,-0.638961700744506,-0.483951289402231
-1.44624458084209,-1.02175764564314,-0.764229525599638,-0.640650217864368
-1.98742518750968,-1.53290182787286,-1.2121438464559,-1.01691329989457
-0.789651230523903,-0.406185959346414,-0.204903414420441,-0.18542231190964
-1.08039236606616,-0.675009425656866,-0.448052928677942,-0.377941136316837
-1.50600661722612,-0.803485146707292,-0.359273612720116,-0.164207762779227
-1.32472514447137,-1.09581436920074,-0.925879815861026,-0.828200737701103
-1.04177033696169,-0.478875007780193,-0.19924084496453,-0.141536374909395
-0.995498988583373,-0.688966947279818,-0.510274008381694,-0.463474579766521
-1.8232635013203,-1.49659689349826,-1.30784289284745,-1.24996027326407
-0.649859240289614,0.0938865121721912,0.500740161678249,0.650644457955708
-0.99238357521587,-0.508408175663092,-0.239872133413781,-0.163873806386367
-0.887557673528691,-0.597414631185284,-0.395195903962205,-0.29495170593274
-0.929666014003462,-0.421262623694963,-0.0803875124351982,0.0849857363043997
-0.732124645421513,0.0361491577857566,0.540128277500928,0.787065940292902
-1.16910202581976,-0.600329514154113,-0.281646891003932,-0.17389069152148
-1.06567248519231,-0.640118844638513,-0.432021219688111,-0.38030377645553
-0.80607805777807,-0.566236372371925,-0.448930803808507,-0.460641195987033
-0.949410658928544,-0.750277525925658,-0.625685586025981,-0.585309189004894
-0.823949375897904,-0.593681783357285,-0.470601938557494,-0.463500641916418
-1.77280665588124,-1.21328696968122,-0.826695136773889,-0.616028389768179
-1.10017533987665,-0.439137442300551,-0.0631949871833584,0.0854318114877617
-1.37015209645342,-0.83985765403832,-0.583900191626139,-0.561634772426707
-1.0067169093026,-0.742940886338998,-0.601235971421828,-0.582848617780716
-1.75228147399515,-1.15069116103752,-0.729746549935928,-0.477140559070481
-0.488594422723568,0.0113232018638688,0.262033008856922,0.315367900884816
-0.671917141380571,-0.215001065411515,0.0473495864986706,0.146238306557819
-0.69836904799077,-0.225511142857812,0.0967390964578619,0.266905203866496
-0.762052531175259,-0.455825861998447,-0.299450116335902,-0.306679406592016
-0.624233887399407,-0.274815035413884,-0.0645324198385361,0.00993977531775034
-1.51367533758302,-0.978663762039599,-0.67974108136339,-0.56944015125428
-1.76239039535052,-1.0874835050242,-0.660953590617546,-0.450650551012913
-0.46700502889435,-0.263100223406589,-0.164288398789672,-0.189986953213839
-1.00233327386459,-0.249425101078323,0.189528815027675,0.40127216616392
-0.47447236735137,-0.121711281884303,0.0799135505417736,0.125191742432537
-1.11878030320505,-0.790939731951672,-0.644317212800876,-0.626471253205956
-1.8762110298837,-1.42807392460163,-1.13797937025401,-1.00083936481625
-1.12494586935141,-0.787715448568213,-0.582710787064277,-0.501612109322077
-1.90785985194234,-1.35229471934597,-1.04855910871803,-0.925924217837662
-1.18424515356266,-0.732974721412977,-0.45135126230835,-0.308913782602386
-1.64554274797145,-0.954376437322909,-0.485285965357008,-0.221174719992669
-0.655342402516325,-0.336181884102242,-0.191694590559587,-0.198742539560754
-1.23946393183222,-1.17834746702557,-1.16198787088404,-1.20947640700851
-0.287819786746094,0.00394108657938648,0.185746444602154,0.234094450253878
-1.06846144637488,-0.448584750112194,-0.145383642503277,-0.0695543798668489
-1.54511372127972,-0.946826679739544,-0.597108101776871,-0.459336308560229
-0.683798320384783,-0.201977479993655,0.0285307164778436,0.0408405238734211
-2.02836219545239,-1.25711318530949,-0.706780943739653,-0.364997716306762
-1.14302586690521,-0.554189555827107,-0.171441580370568,0.0148566798352219
-1.02440248698069,-0.481334687115791,-0.10468875636196,0.10295397143058
-0.600588903386298,0.0394245392730794,0.445253975531714,0.627268412433374
-1.04823460432257,-0.701431076619794,-0.485304394048478,-0.396245212153538
-0.995087396818953,-0.688547576902598,-0.496341106424384,-0.399872958100184
-1.15691542256191,-0.719549790843976,-0.455234937576848,-0.336405181232706
-1.20975956241104,-0.805091724983429,-0.537607636059162,-0.418732474819183
-0.818155530972492,-0.411896018886048,-0.118362114981121,0.065651239995669
-2.14259553686833,-1.24947726190244,-0.616686220140625,-0.264091696220489
-2.63354758803457,-2.11061931764314,-1.71659671597698,-1.45393702287304
-1.62857333835774,-0.977113942903894,-0.548154741705524,-0.319444983780833
-0.27903181604723,0.0113166729374415,0.135590841368531,0.103475191137319
-1.60245771765267,-1.00779806637932,-0.635608804736611,-0.451354781320114
-1.2845244448531,-0.7807157805131,-0.466843551544116,-0.3408409231324
-1.19053886771623,-0.676404338339715,-0.309162080068848,-0.0776463877297026
-1.06623141254934,-0.600161790655271,-0.326496768208199,-0.220266893500426
-1.70642572429324,-1.15247291450915,-0.818217115487552,-0.651288510784956
-0.783106512092804,-0.692587720657937,-0.675007173397964,-0.742517259261455
-1.15414097270511,-0.615225941306174,-0.290297289396695,-0.158966622772103
-0.846511562494278,-0.420771447596325,-0.157371249616393,-0.0459502045202549
-0.360671881071025,0.328859854203874,0.703881946740032,0.806618193170378
-0.902910403279815,-0.778725676047855,-0.705327662257774,-0.709226953816863
-0.135714667754611,0.115248510929395,0.26455262704213,0.29807323788735
-1.4740339958184,-1.05253471697732,-0.806846988045466,-0.707351065621511
-2.36202747492116,-1.96516355625083,-1.65510497754303,-1.42682960518655
-0.872588364790642,-0.427554311415531,-0.179435157187552,-0.0940552731900959
-1.10068610683631,-0.934483823575112,-0.828826874604001,-0.799189863840631
-1.27442042764999,-0.896383305333622,-0.653763589871165,-0.531060047914513
-1.83525840440902,-1.3070732534302,-0.942704021981248,-0.730305059914268
-1.24904458948705,-0.689508071394575,-0.369961694923019,-0.261663995121308
-1.38629953573341,-0.689459770622542,-0.345948964686271,-0.221866735463917
-1.28114617963693,-0.620425789402333,-0.133377607178156,0.20099478522631
-1.2696986409446,-0.783754348622556,-0.531226751771819,-0.492231655068614
-0.686910548624514,-0.189123632516204,0.00603854344653015,0.00919764716422533
-1.27298001978777,-0.734369773908416,-0.403195471995932,-0.26120296308314
-0.371863132159696,0.0354868413984498,0.243794070548482,0.271289223365422
-1.00507250217759,-0.580667851610981,-0.351395328072651,-0.279838817647426
-1.6352271666789,-1.20981600314437,-0.979222224837715,-0.901387728756758
-1.40731576378086,-1.12049629615617,-0.915295238954021,-0.804480402524111
-0.896186543639526,-0.496854446436428,-0.251915496974205,-0.162267899967912
-1.07902211319736,-0.771668099541425,-0.618203239383824,-0.615990370621176
-1.6142813313316,-1.44068509395732,-1.3378201562625,-1.30523827653551
-0.766656249598118,-0.638570093498527,-0.597721590339061,-0.664454154754054
-0.328606548055162,-0.058825929418957,0.0820617786590212,0.100836810338688
-0.741392853681573,-0.433732282454342,-0.224894777230508,-0.121422380064812
-0.748828101991915,-0.389743777995005,-0.197414356113022,-0.156496936667042
-0.380280919804941,0.0983087494099389,0.276664898036548,0.224240015897079
-2.45528124102844,-1.7334185721904,-1.18097202345398,-0.805795341444117
-1.56591181312134,-1.07364521039164,-0.721197100874765,-0.517323929894692
-1.30147698623573,-0.757432393325627,-0.402569705447667,-0.224069314190708
-1.2309540500243,-0.591658191668188,-0.254022978309919,-0.153256069265526
-2.17690283547539,-1.48753751727538,-1.02598503915264,-0.782691305256387
-1.86169913424644,-1.21530593781151,-0.687612081839784,-0.297571624260653
-1.29298384066159,-0.902623512910151,-0.604879824031188,-0.418307423913725
-1.49924487521965,-0.955194166686423,-0.598949637794314,-0.433071474337661
-1.86634829848594,-1.34458183437079,-0.957457656904223,-0.720866397780801
-1.82885210529071,-1.19726888211606,-0.79516765008407,-0.617738652527053
-1.03193831699112,-0.314759504829162,0.0458416118530586,0.146487559903526
-1.78685395374006,-1.11767676674277,-0.697320567425333,-0.496416327558317
-0.319801078519351,0.010975862223692,0.182117058712723,0.215329709010704
-0.710034779435264,-0.461662021325044,-0.344192292618612,-0.350687647410477
-1.39252078133326,-0.969128177972662,-0.739338824503901,-0.661888901017821
-0.931481726583572,-0.40027313465787,-0.102139399765928,-0.034713057674646
-1.08381791483169,-0.633498215194119,-0.338808477882429,-0.189596602427158
-0.94805175819629,-0.555608113792862,-0.316272630908853,-0.227032326267625
-0.83193272326571,-0.470537073954796,-0.235850217292957,-0.135472284295065
-1.08358075596212,-0.674198587219168,-0.404648014515196,-0.280544208674145
-2.95546863283994,-2.15697247220834,-1.64302113623128,-1.3616925392938
-1.12634154801311,-0.59321234207864,-0.335236424053761,-0.283704799538783
-1.62489778764729,-0.959870620161614,-0.487816829225756,-0.199087753896243
-1.18238734214094,-1.03743797321813,-0.955686867263959,-0.936627989043116
-0.536621249742448,0.0275789502102808,0.277078222417224,0.297957422862243
-0.698570694294826,-0.162575580830129,0.115784434688774,0.182178090103201
-1.12461246004151,-0.80815071539579,-0.595857976050968,-0.498032491873164
-1.72037755402406,-1.19077703595451,-0.87679089474516,-0.732400619575659
-0.429277647283895,-0.0686139434110341,0.158112992561134,0.238992280021476
-0.842381804341548,-0.114500809964551,0.27417263766101,0.413339863219077
-1.59165700345803,-0.799050799737729,-0.359700183563254,-0.189146819041993
-1.17648259441521,-0.691780066911058,-0.445836924777761,-0.344035547665863
-1.69803873497679,-1.07285088368956,-0.642662008615918,-0.394968861598657
-1.11177666010381,-0.823136236797639,-0.718491767690912,-0.748699963023183
-0.455531779389824,-0.0305815953735138,0.201682455703756,0.273296324064587
-0.667638103230792,-0.277972916439148,-0.0599372483349673,-0.00563190900524344
-1.310604888845,-0.714957267942703,-0.35278169250135,-0.183786429443151
-0.868529646327614,-0.32295679961052,0.0341745123482337,0.199019947271858
-0.980610200738697,-0.748719676221601,-0.641311926629285,-0.639488901064472
-0.984008086756654,-0.584627556829468,-0.309200769145874,-0.163888200458256
-0.343196268153223,-0.148868613547867,-0.0398115611230681,-0.0274024474625555
-0.800409562000198,-0.378434120056333,-0.116358405013871,-0.0166546546290229
-0.809893614376709,-0.18081135043991,0.13871665561975,0.231626217439626
-1.07348278055249,-0.292051262411025,0.217833411469216,0.491293992772141
-1.83165435226845,-1.14413079487255,-0.701946674707872,-0.480826351065859
-1.16161067201941,-0.489001125590353,-0.0368802501354761,0.209203588615191
-1.72715801977809,-1.15669423362079,-0.841284152551237,-0.736014031195213
-0.504153987190001,0.13253067356291,0.480421151551913,0.592612715920209
-1.45589974902043,-0.793774185533002,-0.350658991558728,-0.0889470516297835
-0.956976548226719,-0.454891023261181,-0.22409125868956,-0.192438046978666
-0.684613305214531,-0.524127523771371,-0.413889051783535,-0.362478975029182
-0.473333897536102,-0.108778154835919,0.100606663761536,0.151799185128468
-1.84338972338117,-1.36884276224572,-1.08111981253751,-0.935766958719515
-0.92457348507748,-0.609758109813727,-0.440601906329,-0.415438755042499
-0.881415663938314,-0.406790668188317,-0.0883467317391217,0.0677415343892701
-0.654537197308801,-0.148578303058465,0.141108681638679,0.240087876350716
-1.59026344530471,-1.08292712254348,-0.787491638901675,-0.672532576252486
-0.941406365710173,-0.62009177875625,-0.500470056384896,-0.506104547626957
-1.31199237615246,-0.535727182111944,-0.0330250323745306,0.221521483376929
-1.79064159320505,-1.21714519414837,-0.828622033169101,-0.608277642939244
-2.25628031244889,-1.5571005153988,-1.09352321507527,-0.82626435693425
-1.48964412027353,-1.17728642974981,-1.00827605104406,-0.978996192010254
-1.00703494180963,-0.336447350747662,0.0140365085403908,0.0980286296841589
-0.947279764369744,-0.731277099428761,-0.581451152871636,-0.496077832712737
-1.56673960852755,-1.19872944392935,-0.984447158319688,-0.917997238763954
-0.658115510873696,-0.313302521369368,-0.0876919333497769,0.0198066325314855
-1.31828495584584,-0.698312371080465,-0.275314489725995,-0.0522949016622891
-1.34912857788331,-0.803639118457689,-0.593930383683885,-0.612873995362588
-0.589912492850566,-0.150439146989077,0.0840507638099313,0.123595992623138
-0.849379558754959,-0.675725646054423,-0.578607577051137,-0.571956138897462
-1.49424820003554,-0.959603543972246,-0.645824386086996,-0.528856347480745
-1.10504942881947,-0.723336357663074,-0.462999366593685,-0.329978301943976
-1.63286161074262,-0.969823190203839,-0.513749309557567,-0.257085917729252
-0.93122573458423,-0.487316998817409,-0.226338227703233,-0.127503241743629
-0.826203221938617,-0.306993817827088,0.0320094983870854,0.196272851008874
-1.62987015228469,-1.27289308557569,-1.0722320242142,-1.0192604968453
-1.70572989176092,-1.23352046244943,-0.897393268216635,-0.685402884374328
-1.66095899525724,-1.22908913617471,-0.966605353442897,-0.854280610913554
-0.86692352638884,-0.501745960726989,-0.332196263386167,-0.340849414218681
-0.904467929586896,-0.524313618149128,-0.349801843902994,-0.348630114903861
-1.68583561904871,-1.26991850040957,-1.04695334366102,-0.994595479061533
-1.45236332715378,-1.09383910583784,-0.857878142030505,-0.715275802204314
-1.17145301695026,-0.695045529345206,-0.381897922447478,-0.235257244978439
-1.79505149303386,-1.41142597368242,-1.1190397688651,-0.943261465136335
-0.979393187816016,-0.780548518930005,-0.632178740592892,-0.544542459757058
-0.872915143178344,-0.680423489493418,-0.581350125685406,-0.589618186342948
-1.13472509390884,-0.754498810257131,-0.506265381765682,-0.388469391177873
-1.80804326731847,-1.24156586657572,-0.843113877507983,-0.620732375591124
-1.9796472304651,-1.3520130963659,-0.910534757773757,-0.659273907667567
-0.77201948987261,-0.515123181924082,-0.37786826323651,-0.356055846859808
-0.637471670492945,-0.419404911171677,-0.289786879018711,-0.258196102786901
-1.12018612329468,-0.72486674547101,-0.439902220423765,-0.264203246352454
-0.833470501667783,-0.303376569771974,-0.0158005058453848,0.0548007381750259
-1.15007425055109,-0.703930317023794,-0.450833570280229,-0.359173495603011
-0.855465378027921,-0.316042721478072,0.019077853928612,0.166808122114471
-1.02794548140745,-0.4774722962799,-0.183931724766445,-0.128408771819851
-2.21664911213505,-1.40292595505646,-0.831063871596454,-0.507097115043455
-1.4240333416543,-0.853722658450928,-0.505750298704136,-0.338009013920123
-1.9356269051113,-1.39609428256759,-1.01821501720373,-0.804445566094519
-1.32569597667771,-0.751847379342445,-0.380979296355639,-0.186810126646756
-1.37757722412287,-0.946261700602162,-0.665777166301356,-0.528462098184016
-1.1760291945668,-0.643537056707128,-0.246362432047669,-0.019636310342021
-0.909660218782468,-0.618485685313203,-0.425109787506427,-0.335494369534631
-1.37118522651169,-0.910446767958354,-0.633911919966126,-0.506417784846686
-1.12702650506866,-0.549099302560246,-0.225748955340174,-0.128172666241906
-1.02293647479506,-0.272719352986542,0.0961586063126019,0.196753743459069
-0.738480612541979,-0.399862112869485,-0.198553871156475,-0.137189607020882
-1.10610730992285,-0.682495028417814,-0.401356697654094,-0.253648445379123
-1.9266149974489,-1.44961354357423,-1.07168135549849,-0.805121592340267
-0.923743202156426,-0.557200834799152,-0.338034782283711,-0.263829609829384
-0.982176637416817,-0.412176773831062,-0.125107678959653,-0.0671786942605932
-0.306742252925628,0.0959706347156427,0.332594568561282,0.397087871602244
-0.985026368378854,-0.468950527854171,-0.206453558563999,-0.141224364100662
-1.50026746064689,-1.23760497676093,-1.10589866632666,-1.10305698666365
-1.20177712344442,-0.662122958477257,-0.28970199661932,-0.103992589081369
-1.35989156736506,-0.957446050939774,-0.722866959855192,-0.646753220746857
-0.815015037314811,-0.325872979006535,-0.0932302169008796,-0.0437817341698543
-1.68722728917243,-1.35880581504543,-1.17305235206203,-1.10895187611016
-1.14152451487991,-0.731052543859555,-0.500602528572165,-0.440607816285322
-0.714879505508006,-0.355547685811583,-0.150996448642714,-0.103790265588951
-1.47313797672544,-0.601538946748139,-0.0964953012654,0.137720075356065
-1.09060488805181,-0.742990308759545,-0.537778266696686,-0.4722969413868
-0.344033216879822,-0.101931960972717,0.0267075226582647,0.0269420417960134
-1.51457703505297,-1.08645717917381,-0.880732519986322,-0.850083101295818
-0.823962265990558,-0.33024871636127,0.009409400340635,0.172942972274138
-1.06684224997487,-0.611807179821249,-0.351377892596921,-0.273280415911246
-1.02665697440775,-0.584463484001145,-0.371486591873994,-0.339051748644037
-1.00624851159831,-0.321012969910847,0.111130871782896,0.2905049472519
-2.00262845737504,-1.42333139132079,-1.10021465596557,-0.980570584470153
-1.92898656232146,-1.40646361892966,-1.09080625098154,-0.960315543964518
-1.03813629942148,-0.510559331894344,-0.194965354238505,-0.067010685586193
-0.845150934683745,-0.459273063500773,-0.242437108870049,-0.179838914368687
-1.17522786455231,-0.401104959366416,0.0696285489062755,0.284336149036771
-1.50210066282423,-1.22911475141959,-1.0715153418703,-1.02291042702419
-1.04476536412459,-0.469969569595868,-0.102528691220778,0.0700822739114076
-1.37991418566625,-0.880070434532145,-0.595953739601062,-0.470073609068313
-1.39728524035374,-0.938652332436392,-0.685887044278982,-0.606231767699141
-1.36686625178177,-0.931169747411657,-0.677358383659618,-0.573201606605153
-0.520533095715291,-0.168210939396573,0.0403813919482244,0.0891269456832772
-2.07166708607155,-1.59547898266451,-1.27571438230793,-1.09546450933079
-0.912508873743501,-0.49861270661987,-0.295762235334672,-0.285012528560719
-2.04521806836993,-1.42706131775936,-1.02548171684379,-0.808520779797403
-1.05138189164434,-0.707926648968421,-0.527636676802163,-0.483118451326964
-0.814194079531145,-0.232605301613469,0.168033441652542,0.378710803983874
-0.0446758058501234,0.443897261629044,0.765460738534595,0.89867738081428
-1.26251276598255,-0.563417363504403,-0.194708087266175,-0.10198988450399
-1.99100889917609,-1.25327646915172,-0.764631158169632,-0.477031386914581
-1.184681289095,-0.600376345519587,-0.25399465808274,-0.125625901970818
-0.974760878149074,-0.707298800511209,-0.553455148147549,-0.517396916941008
-0.558310368553009,-0.249098341590176,-0.08399061640089,-0.058352840744866
-1.18754455432455,-0.764102929926192,-0.469895770165636,-0.303082646671288
-1.61717864707326,-1.33876177390196,-1.16798744227189,-1.10922870894545
-1.42995072233051,-1.08124722861911,-0.902089061990728,-0.879501888756076
-2.36754618793779,-1.95664947117553,-1.69380198271581,-1.57964835980263
-1.84517459009652,-1.28784907980346,-0.917766792492509,-0.719172053084671
-0.905198661105416,-0.466560753465632,-0.210325443197078,-0.115772080049463
-1.94751349867077,-1.11713832272969,-0.608394694526586,-0.353072582754392
-1.12123771586352,-0.6491050650466,-0.423506089990368,-0.412379544753627
-1.06353058675874,-0.492603543007717,-0.231801424158382,-0.181516120836636
-0.810149586297018,-0.490321162982605,-0.267651662591213,-0.158007829592958
-1.03734609470927,-0.759394079571831,-0.591126243595852,-0.532556658054496
-0.983983715268639,-0.708576609860771,-0.564821288869532,-0.556790153802945
-0.825414058386003,-0.382590415770372,-0.154607988849379,-0.105705867499956
-1.45871195468324,-1.01788728079322,-0.779014376409689,-0.717738353333009
-1.84748653798013,-1.12634342669143,-0.7401053182277,-0.624157523948844
-0.891397197853908,-0.533866060206124,-0.356345305233041,-0.338572549783861
-0.434546507749149,-0.201432401590648,-0.0895270978064922,-0.107011588728485
-1.45861656632651,-0.906881555175807,-0.558970014063141,-0.388161175615396
-1.2916060444571,-0.708077026813192,-0.385493814058543,-0.273278731032708
-1.13595975988973,-0.594939254699379,-0.31180633933727,-0.221286919799217
-0.635964088168718,-0.154147999349719,-0.0444285807513201,-0.117333253821138
-0.835741179504374,-0.543284774047419,-0.349268346949662,-0.263591525208533
-1.2769196874023,-1.19315079317286,-1.21476653763733,-1.34875571294044
-1.00272314645573,-0.635307205434031,-0.455310605740628,-0.43061441440949
-1.416763400086,-0.81354947877134,-0.432418528158575,-0.262983337428737
-0.856147428200882,-0.608040702669628,-0.466707082647149,-0.43791627200642
-1.37961872121531,-0.958119831135283,-0.730502405797221,-0.6693781192483
-0.762699996341525,-0.355647122271305,-0.146694311633278,-0.107464421785618
-0.877918765988776,-0.508643005357168,-0.26597940512696,-0.144019955527865
-2.91313386576673,-2.05132777860471,-1.49255363093934,-1.2144048660482
-0.952099426851974,-0.686136445855676,-0.509508808752814,-0.421342353596654
-1.83629046793258,-1.14521306706893,-0.702454536884989,-0.482814634642254
-0.1936520909364,0.203402824505002,0.423482694218284,0.461931486782991
-1.48521944255056,-0.766380634917486,-0.369954212719257,-0.239872030270858
-1.20566376907859,-0.717024606336427,-0.464200233413832,-0.393253278737157
-0.388690154370387,0.155299411172436,0.345349097305297,0.272090373553583
-1.3606264475616,-0.769635270060206,-0.365783154561423,-0.158024664238845
-1.86177063487603,-1.56557930472774,-1.36855657264802,-1.26824627793601
-1.09314179986344,-0.506749528466189,-0.106021571546744,0.134587530183149
-0.941308812607574,-0.698559624621046,-0.53378879983323,-0.460738939139278
-1.05942219170878,-0.71057326378254,-0.50255356637084,-0.421492140651482
-0.621437000814729,-0.355026415172916,-0.242815262410413,-0.275412357776088
-0.49639640861975,-0.0330644334041952,0.242821631248958,0.326203721747865
-0.54506690658946,-0.0570805963295953,0.23648852847143,0.334083395011546
-1.59979821310105,-1.04338470359961,-0.668808907416624,-0.472830353218998
-1.56332318922463,-0.938574295349125,-0.557232737051782,-0.387043153663329
-1.42779934543979,-1.04381597942548,-0.801145877887073,-0.688791913699196
-1.52157000693027,-0.658593455570188,-0.104214906808312,0.193748290644416
-2.25882454702398,-1.75837723598023,-1.39844324584516,-1.18961611371474
-0.928325311836122,-0.651648990119532,-0.494493992797225,-0.436239084594335
-1.08495567944931,-0.624642226003544,-0.324133560336899,-0.194145924520264
-0.265226383043067,-0.188762503309672,-0.0987527962366226,-0.0410981307306446
-0.876193032530984,-0.421648116562004,-0.174491975863903,-0.0992185192996837
-1.54709032763185,-1.06214708918951,-0.738236830101923,-0.5839930377701
-0.676459008966258,-0.312161998203793,-0.127607617253071,-0.121053013155247
-1.64031672880889,-1.1954258357305,-0.922172774158633,-0.781200506723279
-1.07246704622941,-0.33954660411477,0.0444461942037993,0.18246731361293
-0.990613944677054,-0.658601199687246,-0.462204249717743,-0.383347848647784
-1.11330467530615,-0.519899635305188,-0.161511201306513,-0.00526849928515369
-1.84455487542549,-1.10713972984073,-0.642400508551923,-0.414139894902472
-0.443843485486849,-0.122411069287256,0.0842245996594411,0.169957293231976
-1.72954499912518,-1.02147463643784,-0.631313846359671,-0.477441653170117
-0.728066705090693,0.0872251976993464,0.545385077315546,0.735904386296025
-1.92171500833841,-1.055006025396,-0.552752898065514,-0.291721900718151
-1.47990786821672,-0.958225852500284,-0.66138324926007,-0.532781631310408
-1.35991543236813,-0.814423160724837,-0.433222070102218,-0.221693979283314
-1.88671816257096,-1.33260836850063,-0.96740835861972,-0.775820777369382
-1.16488564154005,-0.642972247775121,-0.313434027269651,-0.160555801039217
-1.33311797228615,-1.04178812826376,-0.875291861573666,-0.838807888698579
-1.07820323816705,-0.474302521463026,-0.151104685847942,-0.0622021623645574
-1.37220113437644,-0.991033344806744,-0.783762035720154,-0.71769185564726
-0.966383334499162,-0.42524282825238,-0.156420433322431,-0.100451354412535
-2.25715528723298,-1.74348328698335,-1.41459564454529,-1.25036093841441
-2.4172170364653,-1.94638605863416,-1.60864426072577,-1.40973242873871
-1.06561412062882,-0.557128464693768,-0.311495935981808,-0.245893220855046
-1.32529611059481,-0.867657237694649,-0.562001887733532,-0.407920595653036
0.0449226085759629,0.572388543613084,0.941970753042442,1.1351654418333
-1.26740660737485,-0.771714983726031,-0.449802134226433,-0.282420727303617
-1.22949174943229,-0.763563422458032,-0.490137633830379,-0.398355231707471
-0.672450065082873,-0.357570074900881,-0.209468543233154,-0.214034315304868
-1.87941030198111,-1.37796997045943,-1.02661132158827,-0.824461141079811
-1.90881257580289,-1.26513285904709,-0.910672796886165,-0.772898312555524
-1.01010938623239,-0.368224400751657,-0.0290978141450905,0.044603034368316
-1.18754719246975,-0.572635688878971,-0.181206574151367,-0.000670636993646168
-0.82412778038116,-0.319787785470426,0.0174489936189763,0.183070632200133
-0.906223190497815,-0.631893354550574,-0.456937730884514,-0.384951183918676
-1.01994820040836,-0.477402073274614,-0.241756740979253,-0.205567491208712
-1.36404958404574,-0.755616139931289,-0.370982220606185,-0.169098282013415
-1.26399996485065,-0.937944880280735,-0.708895525644094,-0.577407183582321
-0.788901822723637,-0.352535143861094,-0.0948171130197646,0.00873006912901475
-0.756702825183663,-0.437187118732748,-0.235474400810906,-0.152086973794229
-1.16252211503316,-0.986923064586086,-0.88499056594945,-0.863940117460401
-1.58189818071302,-0.913324672457691,-0.441008633180313,-0.178358399474928
-2.04740597600596,-1.26087650732575,-0.752668698519314,-0.482752940495433
-1.25766674907476,-0.774197036883448,-0.473271823156189,-0.315081124250727
-1.66950358236666,-0.985759176110174,-0.607581263649137,-0.444485244895876
-0.678805874063908,-0.129278011121532,0.215317531550359,0.362753925627815
-1.60083867046809,-0.75103017241967,-0.272279295915103,-0.0885614539015986
-1.49142918613377,-0.803823228057833,-0.398164332767407,-0.213257255605368
-0.929081141744046,-0.676578934129039,-0.540230655393407,-0.532457505819533
-1.80360387375463,-1.34065564913116,-1.03173613569553,-0.853493626665232
-0.255423163081514,0.287964640682614,0.535510141024547,0.521318536378165
-1.60062160482571,-1.39465772161428,-1.27847673722055,-1.24375587925768
-1.54809807675051,-0.937164182396842,-0.555735810869462,-0.386474367350137
-0.960726456680984,-0.307303604934148,0.0886004001547071,0.248547471132195
-1.79101775722908,-1.17704826946235,-0.81242745943079,-0.666823399589233
-0.739602766003832,-0.31065677492144,-0.084236993484102,-0.049977848690024
-1.84202148173292,-1.31118003835585,-0.979263103756835,-0.839732513927563
-1.07210115513591,-0.336531357461334,0.148218388576429,0.380796253869554
-1.26699133447487,-0.823315191944694,-0.549622953263674,-0.422050636174652
-1.00174887820697,-0.49879695313173,-0.210272531164806,-0.0910744061273142
-1.63349422347345,-0.991876495358775,-0.537523507438133,-0.300714592596695
-0.770016730160122,-0.257984905755523,0.101129479846549,0.292320559800175
-1.95082641895128,-1.38447615850475,-0.955969844369127,-0.691702923643199
-0.710552273433353,-0.225140260579573,-0.0202542337080736,-0.0138438141300062
-0.122590550189151,0.0900244729759042,0.221157645546189,0.256634229874954
-1.38941013986858,-0.875835860005688,-0.561851608298886,-0.44150890127616
-1.89472539880553,-1.39853311383777,-1.09172495750345,-0.952901313275741
-1.03028394294234,-0.676014127590305,-0.441140518795832,-0.330771180481559
-1.93781558269379,-1.06725888244612,-0.535626757769129,-0.272076512038723
-1.06225704560355,-0.270913366098786,0.218787489450179,0.444218682835896
-1.05284099623684,-0.625381646466432,-0.373151529689623,-0.28968120925488
-0.928725040755094,-0.669242164420056,-0.518060685044375,-0.503123846295541
-0.674344425722949,-0.47535826380336,-0.369875261205337,-0.366241477575965
-2.0381852021208,-1.23612340039394,-0.724960276468473,-0.461772627362362
-0.806258139596303,-0.332045707285853,-0.0420497880592968,0.0648132412166043
-1.11250766981681,-0.840719137457427,-0.678635755755759,-0.625864258004825
-0.538638732839751,-0.349121582174082,-0.242593549610149,-0.222613329273044
-1.11509671027078,-0.827660434902794,-0.683370297256119,-0.668654249313866
-1.85658279628447,-0.845106444378596,-0.297040448123431,-0.0905201090937912
-1.64170271437554,-0.810825532959813,-0.321669260037625,-0.0879262894582227
-1.7141623228299,-1.08269822385955,-0.667929804172383,-0.444391464354695
-0.16578930189593,0.122339575388262,0.258099216943904,0.244020606466166
-1.21868793640226,-0.628673258757174,-0.251168870529886,-0.0788557498156922
-1.13495779762533,-0.437749471294935,0.00706803396904215,0.204762507946325
-1.23363367280986,-0.486184813888946,-0.0537035151873839,0.148603412689019
-1.19285097210512,-0.84294662078568,-0.615304683828405,-0.509874011372578
-1.72612181099713,-0.88949768508643,-0.433924766244871,-0.268416240226428
-1.21153443064069,-0.433667409409839,0.0250682984866887,0.188595682339735
-0.461413221860517,0.00890156013360209,0.248050716326758,0.27479382397186
-1.6221454557869,-1.17685127520282,-0.963208222862852,-0.894147015430767
-1.40753392291849,-0.858373855692331,-0.536454574887457,-0.402662685532093
-0.890879380317613,-0.647752952665252,-0.506422575665368,-0.463761425706257
-1.4811323156341,-1.23187333370711,-1.06889528121077,-1.00077304970264
-0.885567854370351,-0.535103003772991,-0.355892380705365,-0.348063292770534
-1.22923611993349,-1.20666261158195,-1.22699121931969,-1.2935168239262
-2.5298582974388,-2.00267263946224,-1.64458807757284,-1.44211129883428
-0.379411278025979,-0.156188735097225,-0.0350132639787868,-0.0190107370177058
-1.24174253124806,-0.749271170735977,-0.467033013442984,-0.38867487165584
-1.26210111511535,-0.798968879165015,-0.484666267691478,-0.321238152231774
-1.5275739092255,-0.98416663665562,-0.642184959117724,-0.470989528663
-1.3815746415317,-1.17067827733594,-1.02931267118726,-0.968767172048825
-0.312700489203075,-0.000375128322764817,0.195022624443729,0.262458751686798
-1.11846224542078,-0.61296428347681,-0.337753552079871,-0.266304829958689
-0.192867945969743,0.0136460947208275,0.0701359356584592,-0.0174701902319622
-1.04287985328382,-0.559308284381143,-0.316118671042275,-0.265331721182722
-1.11623380006663,-0.725441841733791,-0.475815688125401,-0.365291642242586
-1.00305133074737,-0.743663968149583,-0.583243476994262,-0.513737165983291
-1.48711277606345,-0.905249591399282,-0.520221790657146,-0.339444138701253
-1.39114854152536,-0.88237106497854,-0.542219030137536,-0.341338524540167
-1.2861634851592,-0.911899902024347,-0.686532982661459,-0.616359614092016
-1.14382247488346,-0.620964374618302,-0.289829547206299,-0.1457044403686
-0.498451877538464,-0.0929921737604462,0.15366063946463,0.242629154685017
-1.39848135949607,-1.13803467891015,-0.974389542015373,-0.902154014714578
-3.07126882455119,-2.11667615005274,-1.40987803580934,-0.954064601926779
-1.0314262516037,-0.786160813055788,-0.683751116149841,-0.712292779015671
-1.96398341581954,-1.01282173120145,-0.445785407231949,-0.194820195877228
-1.2837055519639,-0.724584261308567,-0.365905592112327,-0.198534429499419
-1.49037407171506,-0.946725041105606,-0.604807599606416,-0.444927420087311
-1.37853121347255,-1.05855030790556,-0.855142864075437,-0.768367524244727
-0.501998305589429,-0.269050607052002,-0.154611094190577,-0.167656647890639
-1.54467441769539,-1.22173161802147,-0.981865347607364,-0.829867447644451
-1.15057276156006,-0.715904706081208,-0.434902696595551,-0.292933078925246
-0.784288892388561,-0.438747624070131,-0.203720347325813,-0.0891924517888937
-1.32636490316083,-0.845276789815966,-0.576739688536058,-0.471399269779684
-0.892607825114026,-0.498644624580444,-0.258167432976724,-0.179340516590079
-1.55788674499649,-1.10890882801159,-0.833401694940719,-0.70433126135543
-0.918490036050194,-0.447991980885557,-0.208507959797402,-0.162835096656395
-1.08050127989758,-0.447017757704065,-0.148716041164372,-0.0419327128389839
-1.53699820459918,-0.884107481866626,-0.474711405145105,-0.301294055706125
-2.10669814924586,-1.40536273177158,-0.955553247244301,-0.74039361044577
-0.962124211681507,-0.200633556459463,0.250129906329714,0.431416171369394
-1.78200128966101,-1.06963577494751,-0.586476104973918,-0.314475947482008
-0.923673834652397,-0.436144772141731,-0.160753352859295,-0.0750752170995886
-1.867011888688,-1.04419747322792,-0.54010543930629,-0.298975011626585
-0.765175331455722,-0.314813133129561,-0.0186943183117335,0.115341846512961
-1.15655042501913,-0.906813345306489,-0.746887987636803,-0.681906580854483
-1.64977766713689,-1.62706057985382,-1.62241972309088,-1.64625564834351
-0.995130197862164,-0.645809926574386,-0.418749733506629,-0.315810206418132
-1.14576291905844,-0.394157080881176,0.0448037557822162,0.221027314292221
-1.49443192582425,-0.610337890934464,-0.145708165120101,0.0209696451407451
-2.2755217735606,-1.59674351506505,-1.14656640493914,-0.914313012017332
-0.953794446016279,-0.206716174992011,0.232450316461584,0.390619188303995
-0.737711465084799,-0.422009406606445,-0.231527800238394,-0.169728959947889
-0.918478003272956,-0.246949624242501,0.164208762426492,0.35145048093599
-1.44446614655026,-0.666667955524945,-0.192856126624148,0.0276824197520301
-1.55816274324486,-0.993463815351581,-0.642016256526006,-0.46305461257688
-0.419189645133395,0.0365236286999051,0.254994429827253,0.267168684873316
-1.54533869805172,-0.93582355711247,-0.58955200322912,-0.478630152585295
-1.97299789949113,-1.28965480913611,-0.860547931688821,-0.672474851588109
-0.834977661392054,-0.27471065367546,0.014282263496323,0.106121722024702
-0.527932339311461,-0.438411341262472,-0.437214433275609,-0.523892500646998
-1.11604691743654,-0.487652402051177,-0.0869986255051778,0.0887356287375101
-1.30874943132539,-0.992314225180637,-0.814204502458932,-0.768223082395305
-1.0704198327177,-0.574982526609632,-0.281141611055917,-0.162098111976992
-1.69585711523556,-0.980630268575721,-0.537624804632307,-0.342565972718791
-1.84707628690126,-1.4354880855966,-1.18654167226116,-1.07256207628043
-0.675719161264575,-0.332533935879165,-0.119716697094624,-0.0257053888662385
-0.640051709898239,-0.413568314410067,-0.321296373648474,-0.353632947954013
-1.25562799506651,-0.973774859490846,-0.763496646134879,-0.633636364096119
-0.816614488432697,-0.53018721274213,-0.367859389120179,-0.313724921569602
-1.98728392555546,-1.50191409783606,-1.14675927457238,-0.914849298771079
-0.870726840109649,-0.359820645946808,-0.0429523523419914,0.101053491927727
-1.07564905389357,-0.647478934281082,-0.399525708799092,-0.317590240746629
-1.73851120939815,-0.977415227778338,-0.457492700489437,-0.127855701770513
-0.719139430854437,-0.282472353734797,0.00440757412900204,0.154037362224064
-0.760828948812679,-0.113925199932147,0.179512115952046,0.220396534297565
-1.16689013010601,-0.870175900637816,-0.68512462309631,-0.597677556406122
-1.45763214120256,-0.844788555645914,-0.469529939440027,-0.314830139314921
-1.25207351188558,-0.908440309472988,-0.721181395186275,-0.683010210061349
-1.19145774782841,-0.62804216007321,-0.326077728931833,-0.243151061318298
-1.72766300069817,-1.46571329547808,-1.30464849149412,-1.24965985019723
-0.660243109971009,0.0102338653093684,0.358252587622276,0.480027121775257
-0.956000832688493,-0.795556642460981,-0.720839722772071,-0.741623878988285
-1.34939513042634,-0.933776689227063,-0.697261909810921,-0.603039489272535
-1.56244342463237,-0.896187849155913,-0.464383395462117,-0.218160367640023
-0.638799861839184,-0.396873318331322,-0.264399966346138,-0.231125859247907
-0.614263534098492,-0.16415639147712,0.103347506389744,0.19247232523397
-1.25534410176983,-0.982794274639499,-0.825052531792476,-0.779781961447222
-0.636307997229509,-0.409562644149107,-0.287217198783788,-0.263033705595732
-0.448111342198726,-0.130970093777916,0.0581429006028448,0.109331229101301
-1.4503895029616,-0.839208608473274,-0.500696519993306,-0.376479464417559
-0.92346128476338,-0.309934428238487,0.0624630320079643,0.212768277178498
-1.12646571901615,-0.449189820710299,-0.0826026083317032,0.0291006678121141
-1.11748604719932,-0.703204648191136,-0.470128296978744,-0.389826241795558
-1.35419102488648,-0.671912397627347,-0.254118763597939,-0.0650017562215933
-1.35501376651854,-0.788148520560257,-0.479210354837123,-0.367240668334783
-1.84296333499838,-1.32489556502141,-0.973934453174019,-0.776868088423672
-1.35424521908525,-0.676808738403891,-0.334705389384487,-0.22047886715176
-1.04093880520172,-0.693093451435576,-0.483939113677776,-0.391897557325118
-0.76200689740807,-0.467666436584704,-0.289051122139492,-0.237487671736867
-1.76530768118523,-1.23766513880096,-0.921117232821309,-0.775966046878634
-1.1688812757138,-0.454359800854781,0.017946742935217,0.270758732989511
-0.875383054725307,-0.542540294459163,-0.366461968983147,-0.340705688255575
-1.4690157083195,-0.795651382668599,-0.370618390536471,-0.148644562907102
-1.1884080604418,-0.788226621107324,-0.537673814213563,-0.420677079006884
-1.3719323881809,-0.575979012066161,-0.0679094490778512,0.191296803379659
-1.20207846276355,-0.629036829021666,-0.303441128896327,-0.208448546532362
-1.40823251010765,-0.870048623672524,-0.515975742212075,-0.328655617000039
-1.34338070604978,-0.87748856430463,-0.613417256437732,-0.517083683066094
-1.06804908359609,-0.477648538436337,-0.0825380860294652,0.11609325267651
-0.888347023677245,-0.258376103305493,0.0207064601101827,0.0495821028910704
-0.919899868074901,-0.509076598619039,-0.296622097033657,-0.253733914470473
-1.3495526539358,-0.736355056109818,-0.419126868649173,-0.327533547585563
-1.54460611967663,-1.11442278698937,-0.858057831361818,-0.745386326338196
-1.62521891037248,-1.28992539628293,-1.10250055389776,-1.06541595965084
-1.47687149278568,-0.705480127362346,-0.34112507169575,-0.251101508534679
-1.43873679640259,-0.879997737082704,-0.57201119037963,-0.45352356454411
-1.57720756987023,-0.89969504210376,-0.430281418899864,-0.167610793659609
-1.09102976835344,-0.613595651323265,-0.330647572337617,-0.227089633052936
-0.655447590465561,-0.445495850340456,-0.343949547250271,-0.355768759421306
-0.937672354701715,-0.408418591486342,-0.128992520288387,-0.0660898397491443
-1.03197111042044,-0.587101234796278,-0.273932398475103,-0.0949831352970414
-1.36995226099227,-0.870018077503525,-0.572741897894226,-0.455816721282291
-0.95240580546481,-0.465676686665171,-0.125732784746308,0.0719620849218872
-1.19534242337878,-0.733330921135885,-0.452098104164564,-0.330191751429641
-0.457250096835508,-0.270595049621225,-0.137108833020144,-0.0730055962003624
-1.44487445795224,-0.944136244003658,-0.618692775984935,-0.449352332274756
-0.92719670437911,-0.298581761719918,0.129061623281243,0.339292173065585
-0.557206071817958,-0.11773940990917,0.130671027223225,0.214982667067239
-0.87436240269293,-0.318703350623929,-0.0536138929466038,0.0228701679628888
-0.453412838510242,-0.0253383109288104,0.245431824559743,0.349107465660302
-0.577056720568502,-0.0644178284497995,0.217397583676855,0.298628151970675
-2.02106022830137,-1.51447410787329,-1.16500229762152,-0.971661667717062
-1.96275516786517,-1.25330452454193,-0.81247482388578,-0.592122699794918
-1.71582160244338,-1.40662290433901,-1.20616748498045,-1.09951555303167
-1.00170989258585,-0.564012664894116,-0.281306401070759,-0.146083997103981
-0.860497037745457,-0.490036508503394,-0.231185018623529,-0.0984542224830782
-1.39250970960502,-1.02374466239755,-0.827512359811618,-0.786677261533151
-0.466936279421677,-0.115615172680584,0.106744692868663,0.202528155751297
-1.03525676598771,-0.446487195326649,-0.165876273087507,-0.104403713647676
-1.61875768195365,-1.10187977219102,-0.748938308813281,-0.552745550503197
-0.24580578776676,0.300356344167186,0.580046202897546,0.65819830786885
-0.316222739690957,-0.137912520166217,-0.0550149048888541,-0.0938105390065561
-1.12774399742382,-0.803561214152617,-0.641652298106363,-0.612337928078859
-1.06518220867273,-0.665720235723872,-0.408585741074595,-0.303290757101873
-1.12117522507394,-0.854170311394443,-0.70024462245738,-0.657636476335262
-1.45477809788205,-0.856865903079691,-0.491545158180435,-0.328235785613878
-1.52791588555142,-1.00264698494463,-0.698118941374782,-0.575112385807149
-0.797957155826512,-0.381256293955918,-0.157749845413733,-0.0959779180520517
-1.71584350245493,-1.22205387918713,-0.860760372183397,-0.642237987084442
-1.32171857333031,-0.651044114459262,-0.373401092504886,-0.342410163540857
-1.00651678499456,-0.360505063943026,-0.0366738653728458,0.0436961327311273
-0.718924246488426,-0.251803138503229,-0.0132390650556153,0.0477161198756333
-1.00784253642366,-0.601346145558241,-0.374731481935262,-0.329562444836586
-1.18807583258656,-0.603251690031222,-0.236747837427975,-0.0536699072055579
-0.445278112272386,-0.224226003279557,-0.10167713325325,-0.076566185815327
-1.34064382009985,-1.00343435099648,-0.771980751565547,-0.647146030768606
-0.666258774425154,-0.277693394617476,0.028985279197169,0.230375251714477
-2.31210199771556,-1.50297974143791,-1.03168379342678,-0.82929752836831
-1.21933618364502,-0.515693437002799,-0.121015220506353,0.0265293747471801
-0.753557257195221,-0.469494835800544,-0.320111513231945,-0.306589281512598
-2.10541007630242,-1.42155501847671,-0.955343092025011,-0.690122124684139
-0.681689867627383,-0.176757441318689,0.101611447408225,0.187738786156118
-1.55011301558389,-1.15067012031241,-0.92286337269443,-0.843226023691794
-0.322828275435189,0.155160951559865,0.388283233107826,0.405859421818743
-0.80245190174494,-0.538908020937466,-0.372353090336998,-0.320298716351462
-0.856333261521076,-0.506361641279306,-0.300263153181603,-0.231472495318609
-1.06767970706583,-0.642635878038148,-0.419100584569463,-0.37591233043543
-1.06219703082923,-0.532188664533972,-0.206527154162055,-0.0638897890662683
-1.01677321142433,-0.27085778337201,0.154817999865587,0.300379597679937
-0.799059468764899,-0.269688509594459,0.016824416353709,0.0972588204585816
-1.24775595781379,-0.822542810844239,-0.571763069546566,-0.481188722731986
-0.558985290542399,-0.33474848615536,-0.220746553861313,-0.225286413661973
-0.612326258644477,-0.376709447803522,-0.250869457665394,-0.231796131376569
-0.91545674079668,-0.611008679732478,-0.430388180395832,-0.366301391347626
-1.24142650288689,-0.888489336093678,-0.699888713454211,-0.653270324963067
-0.127922456175794,0.342997318963871,0.629799714832433,0.737810881810587
-1.32390501430028,-0.710937105169745,-0.362161696949228,-0.230721770259599
-1.79027229280969,-1.13542174931649,-0.781223208388063,-0.677636379953662
-1.35379765237669,-1.27570025716864,-1.2374881529298,-1.23961086824577
-1.09157999412936,-0.729310417335057,-0.544022144538471,-0.502301929205513
-0.666343349955211,-0.22022844534226,0.0429027007148299,0.121609737361744
-0.978783759328892,-0.452288421435238,-0.16092805920744,-0.0589070940720451
-1.06143864989087,-0.74363237094273,-0.582488501128384,-0.566915325508026
-1.47726604067329,-0.883648236616084,-0.502241234866578,-0.307624381014391
-0.489968388618754,0.0178967867728972,0.274217337238244,0.290181754376463
-2.36834518540995,-1.53995102959818,-1.00948156998831,-0.72097480725313
-0.815017651349018,-0.570936447346444,-0.402760510150183,-0.322092464948121
-0.778302746047517,-0.324273081350659,-0.0760454511645509,-0.0219904018961022
-0.877326286477822,-0.347509880416402,-0.0871005546398633,-0.0439525511641
-1.04819910686553,-0.547064955041714,-0.241475845200986,-0.125408651397159
-0.94627506652382,-0.711173549957355,-0.543041393721051,-0.457188549072943
-1.73716091197247,-1.40222454209674,-1.19900866324187,-1.12626378797655
-0.809814998758187,-0.560989867159741,-0.447070010415635,-0.447963775066848
-1.80370963536262,-1.0722636850547,-0.544694466841304,-0.24274010282107
-1.2602594586576,-0.890904353279654,-0.649407992594489,-0.548358817181974
-2.43504131698713,-1.88790003859885,-1.55196198183596,-1.37237241515861
-1.15519820260143,-0.54808705157999,-0.19766034891565,-0.0627583709883564
-1.95343827182001,-1.0317503363633,-0.421164959961102,-0.0845993816438244
-1.86867470735118,-0.9965578329367,-0.412432144723871,-0.0774059782657419
-1.56147626932069,-0.794442525363952,-0.385813660771739,-0.249677518448666
-0.795183576953452,-0.404764279874279,-0.152285592602483,-0.0312455210136635
-2.15894201035219,-1.70147170071903,-1.40697528442003,-1.25444915859276
-0.830090924883272,-0.571131815908053,-0.407688132570432,-0.344017285170331
-1.87311432569626,-1.54672428946825,-1.33709553622051,-1.23145932465966
-0.956556581984166,-0.374739767603669,0.0128804095531424,0.20968482025632
-0.326529540540726,-0.115521470959089,-0.00191592405354776,0.00998755507374854
-0.874130436275135,-0.480079654279919,-0.207317918225942,-0.0498271507817101
-1.52748016716116,-1.10710725702002,-0.862390703283979,-0.767367319781928
-1.16085981793968,-0.622725462149626,-0.279155103238607,-0.136646133186607
-1.24045346497157,-0.711844774270473,-0.425867791010281,-0.347193208450224
-1.06821597102031,-0.324804216431441,0.117618643291262,0.31408297681869
-0.959818999428764,-0.54627528121931,-0.280391673800207,-0.163059280599295
-1.51633615631207,-0.5239164254275,0.0417709433182637,0.264047769235407
-2.16694222382414,-1.47955359740017,-1.04717446502216,-0.845509283892938
-1.95843036585884,-1.56747069739558,-1.31282084051128,-1.19707198867521
-2.12866164572287,-1.34517665389364,-0.779875643991049,-0.432593383974678
-1.37929812806445,-1.02439874454065,-0.808198286517857,-0.7325648979677
-1.14792478624692,-0.816929392001992,-0.658897721657927,-0.675613536876068
-0.958633942058323,-0.3276361556989,0.0224554423078013,0.13993531181086
-0.754230952915021,-0.311322297616626,-0.117105202248382,-0.0956282732351978
-0.923119824678577,-0.343562916395752,-0.00833557022643683,0.118328425324426
-0.783539670990536,-0.198801205732882,0.181348275043352,0.357651297294844
-2.06403225571928,-1.25968737043577,-0.72122242208351,-0.397045536823957
-0.257101148754283,-0.182886692853022,-0.17679092271052,-0.249274306073476
-1.12159489020656,-0.655601027829589,-0.477352224748358,-0.505576623033385
-2.27665120293015,-1.62015061913143,-1.19381687672517,-0.960681860755568
-1.0208339634471,-0.425180486867032,-0.172771151449417,-0.120212575332164
-1.16083265837455,-0.713042879696505,-0.4197474095831,-0.268494511323142
-1.82880360909943,-1.28792459502823,-0.961971651317152,-0.822397204756187
-1.46228802590276,-0.991721981961505,-0.657916580145915,-0.4470879927722
-0.819736869671016,-0.72150110450445,-0.699563640054226,-0.756749932655955
-2.52705162575511,-1.83757719982002,-1.43702632065419,-1.26657560727494
-1.79065721664189,-1.27480220251893,-0.891384158216527,-0.642368457889352
-1.51974198145461,-0.85003499223421,-0.436590735850966,-0.259925176534967
-2.31749293923387,-1.57641313099958,-1.11061793508725,-0.894700184385366
-0.73368463012618,-0.26632049379876,-0.00712516478509843,0.0541277709999605
-0.822743462513846,-0.449342748621159,-0.200304870859971,-0.0668826807983467
-1.10256276840918,-0.707236737796035,-0.453432056889055,-0.325031498142299
-0.632119738425628,-0.128329105107892,0.215346578739769,0.402050742401221
-1.66262179801246,-0.988279684137772,-0.539062429249408,-0.298538803967443
-1.29985154169716,-0.628575760488039,-0.202581250276138,-0.00611191002775313
-1.63050551235652,-1.1671254227142,-0.884551146055445,-0.744314700791173
-1.08912991595102,-0.721807903171423,-0.50156785936389,-0.419992883527795
-1.03299415703663,-0.651174153420723,-0.438116608327392,-0.356979230833214
-1.15439625151087,-0.860294276926097,-0.66029478623557,-0.550543670301875
-1.49124193958126,-0.95996239711137,-0.61798947976391,-0.44837696789668
-1.68171026899993,-1.10401270953006,-0.769834156275461,-0.626891001413383
-1.63763623207042,-0.95896349393522,-0.485931801094739,-0.230452237679648
-0.950583481218904,-0.345901949084029,-0.0238843436138134,0.0823509265203167
-1.24927528225784,-0.862952216377164,-0.619145661487265,-0.502773372196102
-1.83460856975853,-1.24393428425533,-0.885862211673382,-0.731441758044619
-0.848719156157876,-0.26734668723646,0.0257034111590179,0.0806800800832028
-0.573324718789896,0.0771844112920256,0.376896035421597,0.424771468962877
-1.91519649162163,-1.45460082504884,-1.16184753255661,-1.0177056610789
-2.36750280627731,-1.9300931746416,-1.64826483696815,-1.50583464254598
-2.56823710900033,-1.71267010452316,-1.14866431224915,-0.836710366002846
-0.872826675712721,-0.248935070890615,0.100074684857422,0.218209245305142
-0.991500864220143,-0.513473784602185,-0.234915108037697,-0.136581377076466
-1.33164566067427,-0.653298158980633,-0.261693545110311,-0.12059778838783
-1.10321562407996,-0.626686978401617,-0.3422780104255,-0.213004769024584
-0.379139813208638,-0.0907565619043724,0.0769201000350973,0.115040794775945
-0.904607555347224,-0.492979860836464,-0.285409674526125,-0.257540379826528
-1.03003748779579,-0.689886916811467,-0.515132742029503,-0.483204607073716
-1.98029109961216,-1.36409308259321,-0.957241578317012,-0.725021025809587
-1.3068372563781,-0.545028241591537,-0.0832598127492032,0.130103572689939
-1.21806518731707,-0.870705804558268,-0.623291206608896,-0.485005908533163
-1.44153631857787,-0.862395264169693,-0.527450349390195,-0.415088127465175
-1.81748522849725,-1.26717873388646,-0.944989096342515,-0.813363252196691
-1.68788935093129,-1.06776045570823,-0.67974231126664,-0.509035363771944
-0.543109152037291,-0.0885935024811583,0.180777869915661,0.282472600369253
0.101484753239309,0.451719843017528,0.628309576163059,0.638466816519425
-1.36986374723764,-0.661338851865449,-0.203918148606373,0.00316423975102365
-0.871058871175027,-0.486731405957082,-0.313997273612348,-0.305641424662002
-0.847123423552666,-0.0751878588032606,0.344587898626968,0.464592868422482
-2.07279653034047,-1.58087540260363,-1.22641204408544,-1.01321019813883
-1.06844333342114,-0.814074888961727,-0.700331738298024,-0.718782590869522
-0.980238280442835,-0.535055233214727,-0.266394060588475,-0.147378689114368
-0.86865290841363,-0.319165205485836,-0.0518984711650552,-0.00721040978563703
-0.765495428690679,-0.445884001303844,-0.247633625753551,-0.174290572265493
-0.488591880985978,-0.238143037337749,-0.0999777911862071,-0.067159038154711
-0.484193918373297,-0.329772562553004,-0.287893221585585,-0.356587722837273
-0.935347735144124,-0.371269860778945,0.0275955121267585,0.258520687651905
-0.90260130164256,-0.715261343341143,-0.579203760545077,-0.517576048808408
-0.939540869761108,-0.306967516975956,0.0791426018254366,0.23758652756211
-2.02257309461254,-1.24217893481664,-0.776225006377975,-0.545919547837616
-1.87122421177735,-1.15789964768209,-0.631108869263108,-0.294072444872611
-0.817055718844533,-0.390356950927593,-0.0878575816665577,0.0791870676006768
-1.61132977376292,-1.22323504429865,-0.947546975878383,-0.80244045026503
-0.446922534372454,0.146309094591832,0.474212114773079,0.587278825005222
-0.466204347724071,-0.178805537731098,-0.00727511425881094,0.0457738946215977
-1.47380036290983,-1.077608113672,-0.849545940892596,-0.761550751655102
-1.2001473422424,-0.626057726807983,-0.32494976012878,-0.229287378055326
-0.902054646644552,-0.386130757915168,-0.106010157419384,-0.0115272937131935
-0.873895225418572,-0.358672877497762,-0.0821605271423883,-0.0220941584113631
-2.18630483580145,-1.4056978384463,-0.888968333306779,-0.597556621745627
-1.06180421836989,-0.555932235597655,-0.282522204972277,-0.173017700583861
-0.803508404200562,-0.509308379234284,-0.318075833874749,-0.243185057826327
-0.955723385611873,-0.323305769736258,0.0409634968914342,0.161513456532473
-0.402696483808287,-0.158473583592734,-0.018192491729799,0.012457261132287
-0.848633887903996,-0.39088345667424,-0.138884199768159,-0.0591869592224479
-0.804482193494746,-0.386105797320924,-0.0953043937127651,0.0686829483331926
-1.73672503118098,-1.14490002151775,-0.81379345357908,-0.677423975174486
-0.0393024230403867,0.364916087198826,0.586835076393953,0.622755501734475
-0.857092372142079,-0.3170444241781,-0.0832188634555328,-0.0793498151523234
-1.17963889039312,-0.557070073360641,-0.153667649208713,0.0541910043438262
-1.10314754962371,-0.273888626252013,0.0905174775201124,0.151779886615013
-1.13676877547588,-0.663916386633061,-0.351689522996203,-0.199506072227921
-1.26962802988495,-0.826815477716839,-0.535509137436111,-0.385011151451794
-0.788773509714637,-0.283991200031244,-0.0903982656203652,-0.0800244049041429
-0.599733321956308,-0.0984027221594324,0.182777804138147,0.254168891450687
-0.897324569634035,-0.592568162036558,-0.414328007017944,-0.359617631182099
-1.16232622182315,-0.813056937658069,-0.598104599121513,-0.512374818001486
-0.447441081239554,0.0276113290101114,0.316441006352075,0.424004489975792
-0.900579298922263,-0.522590787588773,-0.271165590185819,-0.143766801157957
-1.10702001809614,-0.708623051414466,-0.493631767869818,-0.442928335445322
-0.829138146383147,-0.577552276909706,-0.415574323357607,-0.341998030844644
-0.462678107566894,0.0160726540153196,0.27846726487381,0.332710844341499
0.184289245026031,0.430623417040286,0.55315123775587,0.53963317641955
-0.71137795828264,-0.214948844055197,0.0311987280609204,0.0690171162265536
-1.76072880672602,-1.1581262625482,-0.807021604007428,-0.652937162627058
-1.78744697279011,-0.898409706165664,-0.422175544979392,-0.240813713237792
-2.26968539305445,-1.58257122669437,-1.13376614892029,-0.87939861327406
-1.23971016281448,-0.758568149326766,-0.502958588650552,-0.426944871560454
-1.18251112325452,-0.630123717084745,-0.374554525432313,-0.313100711165558
-1.14871555981482,-0.673923705833305,-0.403905007686359,-0.305266204554414
-0.81209081573256,-0.584111155922022,-0.459387542393268,-0.443501826115535
-2.0952530149582,-1.66026852354603,-1.4033077765641,-1.30748799164818
-1.27426976427642,-1.14461082041768,-1.09451640833732,-1.13273587760708
-1.69918995001997,-1.07186658065936,-0.66844975008615,-0.469378879044154
-1.36240075266098,-0.717981833121027,-0.41362930707394,-0.343656944582048
-1.56352665379478,-1.32759914947126,-1.17321144904441,-1.10349632725228
-1.36056379320596,-0.744339960825723,-0.375347756525801,-0.209327285789334
-1.53207080388068,-0.907703599035985,-0.52227245806183,-0.351715472861942
-2.13147248675366,-1.3959838671224,-0.989591700449922,-0.833712237807523
-0.375679573624809,-0.100665888316049,0.0174934043293098,-0.0265385916156161
-1.09547985398541,-0.259962870486171,0.28766047613287,0.584437649327691
-1.12221227268183,-0.707488328338725,-0.493467695227395,-0.443662875211209
-0.882148754357765,-0.453416598481016,-0.2187638257796,-0.153947828752298
-1.41155908198518,-0.681157717594763,-0.211087530792295,0.0350343725508869
-0.793816536255834,-0.419216617258477,-0.208598528687974,-0.142444490449874
-1.84199039476899,-1.32725550704909,-1.03713687350202,-0.921214239163409
-1.77104098774027,-1.34503082452374,-1.08915591564942,-0.99528535045527
-1.54774431053869,-0.984706340589883,-0.610640358303523,-0.419333337032732
-2.13703512667693,-1.25093382117065,-0.724902955257086,-0.492474412205819
-0.617855197364653,-0.0815939554451,0.171452855458634,0.213602766780116
-1.21851152630631,-0.751138386635091,-0.527180591432487,-0.493061851202097
-0.855452185871507,-0.282566946428399,0.0734198936318096,0.218743479143051
-0.556020198796818,-0.181684003137081,-0.0425191189905202,-0.087334962243205
-1.1213305995088,-0.432320026280416,-0.135410366875108,-0.0732648317074783
-1.18202396358819,-0.861645500077226,-0.671180917424964,-0.609501105686861
-1.88167800103814,-1.04122240615693,-0.493984551989945,-0.210575077265823
-0.659600098356536,-0.10383891127321,0.183171855359353,0.268332913508047
-0.367734433979746,-0.0408809954542748,0.153005572725193,0.198798159497735
-1.65770947564048,-0.928207712834329,-0.487546483566388,-0.264142800735057
-0.825510209601694,-0.449641915442045,-0.215260741075322,-0.113481086001379
-1.72285976151443,-1.18640395926485,-0.80226313402167,-0.55567930556539
-1.71791503438035,-1.31497352857404,-1.0442710633949,-0.903675487261371
-0.909696804829404,-0.478337152390917,-0.256199243092662,-0.180676262190354
-0.588877203641623,-0.364403909650407,-0.263227992804048,-0.280017999236527
-2.11601865645897,-1.60454695537952,-1.2875485229519,-1.12805389982845
-1.47227168910175,-1.08762879239437,-0.832417057416677,-0.697253638271906
-0.358032692933602,-0.0544951370802616,0.116965061730996,0.129228531113091
-0.808738132641972,-0.470368010001586,-0.250630677539291,-0.150824596379765
-0.672094813339746,-0.161829610496826,0.132891596101511,0.253621488732471
-1.45841060997113,-0.806152707038424,-0.384520164761852,-0.19304263050658
-0.839955431615843,-0.271780076927534,0.0724072695101304,0.218189028553695
-1.45611071236548,-0.87288657669871,-0.536016677962043,-0.413102738516573
-1.12372985017832,-0.729996457296581,-0.477275011446332,-0.379799994801087
-1.43163922800106,-0.949921291540152,-0.617559940053673,-0.427246534675153
-0.351381971075707,0.0968612950002859,0.384179444863028,0.515096742104124
-0.832945547093085,-0.360999108893966,-0.100522852099375,-0.0238957588109651
-1.28504814491069,-0.713584311317974,-0.328051259293471,-0.107199324214367
-0.960011296337335,-0.44536474441193,-0.135155104518823,-0.00991186528822413
-1.17900410387635,-0.826879789736697,-0.600349030818172,-0.500333036523614
-0.16671279207536,-0.253193907776063,-0.346942089820319,-0.50127121384033
-0.770879551022612,-0.164386241472049,0.25594717546685,0.482533763041464
-1.6999767456881,-1.12380118591246,-0.710533920445606,-0.468472677367691
-0.692348741498096,-0.249212999987804,0.0124900670097965,0.104889589853557
-1.15119960484076,-0.557034157959974,-0.203478966451571,-0.0631176071230911
-1.60894091555852,-1.25738171648698,-1.04076615536272,-0.958721876999198
-0.837316472593978,-0.347351462490357,-0.00778618472478262,0.175207095013952
-1.14373652384898,-0.433632376573142,-0.0615320675567291,0.0530866982649936
-1.51068550525713,-1.1534188652288,-0.919154812216541,-0.779476100871809
-0.628645655160885,-0.369531396494421,-0.282705033855935,-0.361383204317375
-0.810692400883864,-0.538581762345781,-0.35952312431995,-0.276546604372042
-1.32848463635152,-0.646813550534995,-0.25475090218402,-0.11668273384326
-0.7182528586131,-0.627448080341715,-0.616846615517542,-0.689738448490617
-0.828379518296998,-0.109876275592607,0.279502331709753,0.401670367012858
-0.853907938477615,-0.584038919011268,-0.407039426869646,-0.314842968011238
-1.17871687028072,-0.755466788083725,-0.472804527662714,-0.330299778250276
-0.788267920142994,-0.357023712599627,-0.129173257927788,-0.0607883727156486
-1.14599153550437,-0.609498716085594,-0.229680441752475,-0.014452717881548
-1.19819239182673,-0.574147370246394,-0.192532653760601,-0.0368262420190435
-0.8275818405858,-0.543936634392238,-0.366822186756838,-0.303313748379104
-0.685715555241716,-0.366142406677572,-0.201122490268032,-0.186014587965682
-0.880032942791945,-0.527585806444894,-0.350595348988349,-0.356778302988865
-0.898858444502696,-0.333393689318274,-0.0131256874338218,0.0934858086098576
-0.261246173074615,-0.039387963837686,0.0634045867484524,0.0382063417665781
-0.970274151252334,-0.366316083934466,-0.0740529086650281,-0.0386875681084535
-1.19363203651943,-0.878652253351306,-0.696343563558033,-0.654040759954567
-1.06123794538308,-0.442168164714314,-0.113249808840162,0.00161533085438248
-1.3563076579068,-0.818134120176642,-0.466878114422738,-0.277852858294306
-1.5925208454279,-0.672965871803581,-0.0973788306101382,0.183151707622025
-0.785071039403065,-0.170260999160638,0.16451839758731,0.27530197377241
-0.749015683594087,-0.286489704663478,-0.0590046074199936,-0.0160295547242122
-1.18648018529236,-0.612627878102646,-0.307321541780883,-0.209962249197758
-1.00651678499456,-0.360505063943026,-0.0366738653728458,0.0436961327311273
-1.52580081879378,-0.833750255760561,-0.383802286849917,-0.169623308302232
-1.13662891630077,-0.512935807343487,-0.199628191886334,-0.121061137258565
-1.73562465630087,-1.15009923551442,-0.78866824456923,-0.628126233829696
-0.688007765903683,-0.389246042514074,-0.192498489080294,-0.106095260765017
-0.772915490884396,-0.345514759035754,-0.129839263225914,-0.0955124311502845
-0.674936350866659,-0.08990293748428,0.274139703896581,0.427188890101651
-1.25882690096902,-0.648381503963043,-0.268385882292125,-0.108465794791545
-0.0222742949094356,0.216141903307958,0.358348250283518,0.399710987118661
-0.644850742890974,-0.16020144949168,0.118246159272215,0.234266911087351
-1.24928049970393,-0.649132924451677,-0.364193010605827,-0.314291137031127
-0.973944548979821,-0.78320022199857,-0.701404028224431,-0.7132896593612
-1.50007796705806,-0.925420535183997,-0.563241365084724,-0.396083524681426
-2.09581897737488,-1.29678341087821,-0.729971296820718,-0.391438179056562
-1.19494845783324,-0.763969512632935,-0.481083169316798,-0.342824920180615
-1.28510179720537,-0.538563387473582,-0.184269526279275,-0.112590390852683
-1.22627747277485,-0.897103580336431,-0.719619974030276,-0.679831270031083
-1.43783526224668,-0.420558203016716,0.180491566174482,0.439161945675032
-0.41770445822659,0.0304379690087738,0.21501568011337,0.183357473272438
-1.37988175049367,-0.770619718053547,-0.404466786768221,-0.258690438225788
-1.36186811486762,-0.888421596114059,-0.652218358289125,-0.597184083949308
-1.80128202857677,-1.15845029164235,-0.766981042319306,-0.589863714464229
-0.114363479395921,0.138847052824791,0.234715882277875,0.177649550939945
-0.671790392661922,-0.283282728862432,-0.0796304709994458,-0.0445050963582513
-0.788763933785428,-0.388403978367506,-0.0912843653397106,0.0944604778252229
-0.312746380061931,0.139092101066291,0.407842499274291,0.509531819360442
-0.897721054320704,-0.506058702057144,-0.263088629633831,-0.163908752263349
-0.473188299596234,0.0338871743046809,0.325577557169221,0.393552284906934
-0.420721739669799,-0.025738251304605,0.183606431399274,0.192106563711058
-1.62909030544266,-0.932158451673593,-0.489810228162919,-0.264539785699292
-0.798718280637521,-0.151229434857462,0.192151612056008,0.284613247186292
-0.123160545040916,0.294919082204693,0.525979123617175,0.584159664069277
-1.15773021303593,-0.732111452355115,-0.48612494411451,-0.401559466485377
-1.37606261938853,-0.967927567867045,-0.734190048970337,-0.648759617584533
-1.30016577073876,-0.810890271343144,-0.482299925318747,-0.302585285954921
-1.60028980259876,-0.87983760438877,-0.32514563974669,0.0485622125823095
-1.44000824925904,-1.02168654607025,-0.748590371867689,-0.61208460743271
-1.12597234828231,-0.740955480512661,-0.549565835508455,-0.524898220107972
-0.413409139006338,-0.149858355526807,0.0153566938002165,0.076584886285623
-0.528855502001891,-0.19063136331491,-0.011058837413062,0.0192628239167153
-2.04646476400557,-1.72320271595093,-1.5174700934649,-1.4184862281793
-2.1214106798841,-1.48247072571237,-1.08595932487265,-0.874920271667667
-1.28361490627497,-0.804069024858463,-0.547581955961811,-0.484709081070481
-0.70128712328119,-0.0629372311442713,0.333740522341302,0.514750656705675
-1.68595513517828,-1.35480371545345,-1.14923118874951,-1.06102997627224
-1.42149623503311,-0.873336908181954,-0.572171074756407,-0.504407375261364
-0.890315465463924,-0.431531032531965,-0.16739460111253,-0.0735777418272325
-1.03970605634555,-0.531126362216783,-0.220208413815494,-0.103098470093942
-0.562602545461056,-0.418876127242451,-0.328723207306884,-0.303103894397516
-1.26735782117684,-0.900136666279574,-0.69540709046854,-0.632822533954197
-1.44136039010484,-0.881781433158007,-0.541449325012054,-0.38508907649156
-1.49172034894594,-1.15080796377652,-0.952430044702336,-0.880923778006711
-1.06485100261883,-0.688223489271878,-0.465825619348053,-0.377481568661661
-1.36637859814387,-1.04600284089355,-0.860588763504909,-0.802686292939412
-1.65191251699691,-1.06617741887724,-0.688491190873901,-0.509819160215979
-1.15248013692416,-0.761851454621286,-0.497129569765832,-0.360057496469022
-0.866400177611877,-0.418661671380869,-0.171445727430722,-0.107960865415431
-0.82412778038116,-0.319787785470426,0.0174489936189763,0.183070632200133
-0.907541167187906,-0.417671040558912,-0.249328599831912,-0.254620998305108
-1.27759075272709,-0.817590547524117,-0.506969038597611,-0.340408815117823
-0.95342144747025,-0.509492160663676,-0.326397847404855,-0.321009100681491
-0.832054894199543,-0.407467026675516,-0.172828985172091,-0.0955141590774302
-0.780323847789417,-0.410178362021942,-0.144300621524991,0.00327093945683868
-0.617005856822072,-0.188215804754567,0.103739289376943,0.252479306783359
-1.61815308086367,-1.04225364491447,-0.675372028567415,-0.50165032031484
-0.707623060570099,-0.319888304325948,-0.110221665244328,-0.0479269726297945
-0.874453687613521,-0.348938249931769,-0.0755657430104375,-0.00930756749893275
-1.01925256183494,-0.520704724130187,-0.226079336130236,-0.111300266017963
-1.28076609306935,-0.714848703653494,-0.348623185750887,-0.162651489918508
-1.22322509759909,-0.504168159662005,0.0106948272456018,0.299172901313874
-0.178673559387267,0.0681385982140656,0.132661658104317,0.0553023449681261
-1.23895449502986,-0.344252368278323,0.0298656480981309,0.0954244489104227
-0.759633594028833,-0.245574007704804,0.0663339977183037,0.196897678675346
-0.861541214364762,-0.392848034072994,-0.135861724103688,-0.0492705421913815
-0.292672192887682,-0.141575908401388,-0.103064993293914,-0.182286852096035
-0.794871810360968,-0.489380046520424,-0.358978503905602,-0.389516448393533
0.0760855770673365,0.337353719317767,0.466722394218071,0.450511006571176
-1.18827181512357,-0.687831400443117,-0.384157216771477,-0.262602682113052
-0.720372045553534,-0.439137950946091,-0.291521112495443,-0.268104964265839
-0.651715575709642,-0.0972378000697046,0.253030842229025,0.424071924757256
-1.62313179083543,-1.11401453813115,-0.832559052920361,-0.747203665876499
-1.80174743383444,-1.10043077330583,-0.631850937401946,-0.378504122715657
-1.48332215714567,-1.2406364489897,-1.05434512361676,-0.920671538635551
-1.07007643544305,-0.257924970500246,0.23388769142363,0.446049682216299
0.10986706363395,0.624445876669917,0.933149732002502,1.02259144589734
-0.826234253439298,-0.443321057334219,-0.20330903707754,-0.113064983048546
-1.64298907996316,-1.17660324846241,-0.933852170852062,-0.844901492654189
-2.06437392904807,-0.922863906239678,-0.29581163066709,-0.0306245226375623
-0.759137886077882,-0.506348252377579,-0.364083340613221,-0.335305979259449
-2.08654434076217,-1.15812480035681,-0.555853044858036,-0.240741652617536
-1.96062790146932,-1.5374729787995,-1.23851473215668,-1.05068220477904
-1.46970361051456,-0.915513833392089,-0.592016316035335,-0.464905533622435
-1.1951346106552,-0.745837059708652,-0.448038213109751,-0.300603985046224
-1.57314671986583,-1.16931131806005,-0.916363472269636,-0.793565739743653
-1.66437312904865,-1.00717059489729,-0.566494733426736,-0.333996416104587
-1.06156691945409,-0.749566304199834,-0.567988418880533,-0.490516731769756
-1.27045745943035,-0.701564480544244,-0.321070797682346,-0.11161783780713
-1.72932549869857,-1.19921320990785,-0.844389978478039,-0.679582749091573
-0.961472706768675,-0.328220155589405,0.0707926825569808,0.258001264837294
-1.07512658747267,-0.686857603620198,-0.455387587460123,-0.380521653643262
-0.860539318419149,-0.530347730436582,-0.374422901250209,-0.377565475211728
-1.25035859474311,-0.619573045069118,-0.25189801819491,-0.105646131105675
-1.20047757065947,-0.886826551809308,-0.731501947413343,-0.729998486859953
-1.18400127393324,-0.587322254322335,-0.201145584626885,-0.00322377148304365
-0.2457019758147,0.373946758906321,0.791568205700336,0.991134894252741
-1.55183058098329,-0.633532471822973,-0.166650573535706,-0.0115947677708697
-1.12156800812367,-0.608277093031508,-0.280281916942025,-0.101445379873954
-0.479585713173089,-0.359120199138135,-0.309629698588595,-0.353841722948669
-1.24646273192397,-0.734137530046662,-0.480160451622249,-0.44928684239714
-1.18498010793821,-0.903889133704636,-0.719804990490127,-0.633923542905787
-0.70729351745573,-0.475562750429511,-0.365356395477503,-0.372913986242391
-0.773846914652088,-0.653070678840506,-0.59291260082262,-0.594869843992557
-2.08053828709372,-1.64376855340313,-1.37077267010227,-1.25601666137609
-1.42269924108289,-1.10400242814523,-0.907179606881984,-0.829743167119416
-1.04484469325693,-0.708614493101327,-0.532259078933254,-0.492405183585375
-1.71258525156526,-1.20880610103806,-0.861487040205389,-0.683959086372223
-0.649161958775249,-0.45661370378089,-0.316966550604024,-0.240856062239844
-1.59637117138495,-1.30348186944826,-1.13620563765917,-1.09494961305773
-1.40806318912018,-0.998540938366505,-0.716106928690124,-0.568971568372188
-0.978641986672292,-0.626342542865398,-0.439067786207251,-0.40685609313318
-1.46495317851365,-0.604346074936684,-0.153168951849326,0.00213215806103006
-0.816034747166854,-0.52071230546685,-0.337272833881838,-0.269168196949709
-0.874897209087915,-0.525289263523666,-0.303296225078168,-0.225339613782064
-0.978643392655279,-0.531578005444701,-0.317895926394362,-0.2844021624282
-0.831877126148207,-0.461850997841994,-0.210025140476619,-0.079490222908828
-0.789608112579298,-0.375334152403328,-0.144799628938068,-0.0718661465675312
-0.89867579777607,-0.196647140906807,0.200959715972844,0.338577214584403
-1.96041376527275,-1.17761900946354,-0.648167322779392,-0.362377848134448
-1.28400663351051,-0.807043127126801,-0.522108297616813,-0.393169596718877
-1.11838375218872,-0.546462979421949,-0.15787353649173,0.0540205172634257
-1.81826239251352,-1.1902085759332,-0.743163333205514,-0.493325489732196
-0.73370083239572,-0.394903497139264,-0.167585290553417,-0.072746001512831
-1.3481472785172,-0.351279905045686,0.221971080787803,0.425103202573769
-1.63941738690753,-1.29123876444272,-1.06558954992672,-0.960396620720287
-1.59081086053542,-0.879306270037069,-0.52388309897703,-0.425367927204467
-0.829471741709248,-0.597429500477708,-0.477639696883787,-0.474206525248607
-0.911779288146483,-0.60699705564028,-0.411662697320195,-0.322633915714963
-1.46630651562083,-0.693174077405271,-0.273337521119772,-0.108598945624909
-1.02288460209011,-0.680255691634707,-0.549661665722198,-0.568290185412783
-1.1816675716989,-0.796782950866044,-0.60312324324245,-0.572566286686621
-0.872991697866768,-0.418776378887755,-0.181113893001074,-0.130564929438951
-1.03771099617637,-0.622135174783374,-0.360920997985324,-0.247750963605815
-0.863278711952567,-0.852775774012931,-0.876007076231761,-0.95176204338104
-1.68635568741366,-1.17995918420252,-0.839263218748872,-0.659606129855482
-1.76933151932465,-1.17020890423776,-0.784935621774641,-0.580633672728817
-1.75612049704895,-0.950585118225237,-0.437045903516278,-0.168207557633429
-0.76225694713399,-0.304771214806472,-0.0346813616598181,0.0792714518781877
-1.43405812925731,-0.725161888127733,-0.24407987956206,0.022501167028134
-1.03722047901871,-0.725776349035176,-0.525439563186583,-0.440405283656917
-1.33787754694301,-0.578927962043414,-0.0406853925433984,0.288536147823741
-1.83239196930317,-1.40968275026718,-1.13365093721388,-0.980639095743484
-0.868729827534669,-0.525694972535071,-0.299612006675613,-0.199331293141993
-1.27934591544643,-1.05731677258544,-0.904484889893442,-0.82290057344518
-1.59996718514618,-0.915565202204354,-0.527192220751481,-0.358440807958876
-0.816799871005266,-0.413568663583273,-0.18601781883891,-0.11479835285529
-1.15872659104383,-0.766605161955162,-0.547977022841663,-0.516860100736137
-1.10891550825046,-0.576056397875617,-0.203690632373874,0.00301918470099838
-1.45905526238576,-1.1509597995643,-0.928278409028519,-0.786930290926342
-1.1646624685438,-0.682435471756622,-0.422553873296736,-0.349147466024554
-1.68901292205008,-0.658970445231204,-0.0478753555594761,0.212853153746472
-1.2089096147582,-0.850481618565199,-0.651572531845922,-0.599719892994087
-1.55745443217278,-0.843726798084397,-0.421731096924064,-0.231523695121636
-1.40380546181566,-0.808772409557907,-0.470467969932303,-0.328205178173129
-1.10152877643104,-0.708338107665238,-0.466783847098111,-0.366480333104245
-1.50242955440801,-0.644555006785479,-0.22806077804051,-0.0804770184730989
-1.32205740415999,-0.657984636573694,-0.270671873762975,-0.137844112682661
-0.989184641650629,-0.595217518692611,-0.379755598412539,-0.317171281768478
-0.932781298436879,-0.423667359357964,-0.134862010817808,-0.0329108625383301
-0.903639100585251,-0.173739407925491,0.30051055211836,0.541514373792416
-1.87291225190067,-1.23687942961984,-0.835285438524183,-0.640974870670803
-0.300495715626148,0.17839763927165,0.446618485777017,0.494219916317921
-1.41086370955656,-0.872311769547253,-0.561753686716255,-0.437724237132935
-0.785103090790151,-0.446178155737116,-0.284369167622734,-0.270236601457718
-1.20336698256878,-0.685322219897363,-0.35864623729089,-0.202334492467504
-1.2264160717472,-0.885939636751007,-0.644196723291637,-0.503043522815287
-0.632160637898183,-0.324127708410325,-0.199899471259636,-0.229263120095408
-1.27202586407536,-0.979575416966069,-0.795006090182955,-0.728792826498567
-1.36704993592563,-0.880668687577286,-0.612200600814,-0.52299583563052
-1.12618281134277,-0.74594353979038,-0.559127689112573,-0.557383634428847
-0.903987590885455,-0.406748116797096,-0.119505302443721,-0.0290475813886817
-0.428312234654284,-0.0991760989861119,0.0536535109134859,0.051087931155182
-0.987636792439946,-0.595180644021197,-0.380203727774161,-0.324944022138874
-0.681310868452558,-0.392256807910624,-0.265328156241922,-0.278905613423106
-0.79860664920235,-0.781598193578316,-0.797868618982268,-0.858603001744642
-1.14529712222252,-0.584250990082602,-0.316560946053635,-0.196880904280282
-0.866480491551664,-0.663614989364566,-0.549265182139518,-0.531802536526956
-0.776401866505003,-0.351878838420962,-0.0425576382318087,0.146495401748251
-2.26372812765618,-1.79187369018139,-1.44323606762522,-1.19700901210667
-0.834952770869737,-0.502870784957944,-0.289298544890615,-0.187647531784442
-1.18922447359771,-0.344457824725774,0.206971077702798,0.483097363667184
-1.09729950137207,-0.56672413137951,-0.231014562660797,-0.0926942777424576
-0.556120680461184,-0.373249897827179,-0.273616427573279,-0.271769588475413
-1.28016249856328,-0.840968126504836,-0.537644938220539,-0.375215093605707
-0.907063348371394,-0.464722509323152,-0.213185748178088,-0.124881730482594
-1.06689221509737,-0.70311710995438,-0.489238925117131,-0.413582379985791
-1.04956173621485,-0.466911454856455,-0.131758861790392,0.00124650919919456
-0.344056564226233,0.159528934074402,0.483613104972423,0.620349164014376
-2.07597814739161,-1.48483987120557,-1.08473249520553,-0.839059550440021
-0.178463592977287,0.504848869476639,0.862570452648142,0.960342681655092
-1.11815792376219,-0.570083046749862,-0.239832827587864,-0.113144470309464
-0.790921943376268,-0.545012815474906,-0.408441838998043,-0.386316580192363
-0.799850811725131,-0.348572461518793,-0.0779902646760275,0.0506964053426225
-1.09468147531201,-0.617154071684173,-0.336484086377781,-0.230525863696252
-0.480693831782972,0.244077896112798,0.629024814426284,0.712215465981209
-0.60099152967581,-0.332926650485966,-0.234997551878666,-0.28840751247373
-1.17953021629076,-0.722375592111812,-0.434083026275515,-0.296827198086975
-0.531443509522094,-0.323786867982143,-0.234531280797136,-0.277136392116231
-1.60380448834877,-1.07448904478162,-0.781110894238952,-0.670190119423791
-0.469818631464856,0.169787630656154,0.492907662754059,0.566271765580758
-1.01371401051956,-0.502056878342206,-0.190379304196075,-0.050324605110359
-1.57401532119053,-0.884309726026806,-0.399832996180112,-0.14164663661511
-0.957124450662587,-0.688711128861821,-0.52815611627765,-0.485637729645553
-1.06079494604233,-0.661007599061962,-0.310726570290198,-0.0295664252210036
-1.11987152849159,-0.705598229091237,-0.496956237781934,-0.451490139948018
-0.642796084494219,-0.306105489969047,-0.10738202964481,-0.0420776869500428
-1.95779940206683,-1.35837953804138,-0.927753348681429,-0.651431886429329
-0.913125011871016,-0.594230112328121,-0.405554978016672,-0.355224816844278
-1.08097819626674,-0.628883007062239,-0.345988126146707,-0.221698238198976
-1.00559074175462,-0.614547784324436,-0.352560870878641,-0.217196393807922
-1.03597091666206,-0.600514473614662,-0.38898267828317,-0.345038754292841
-1.28594523023962,-1.01838160805655,-0.866122986645485,-0.812919407850139
-1.74303877471662,-1.14766534579932,-0.81616547277245,-0.692944118688878
-1.39404574210223,-0.974894595629605,-0.718924282230211,-0.632673627130416
-1.35406816364588,-0.897057550088373,-0.618981664096287,-0.499532423201552
-0.619754736923832,-0.163508706499593,0.0935080098168061,0.186654338191636
-0.741589303551564,-0.320483580125962,-0.0758313715461937,0.0283567274233399
-1.49455724615554,-1.00548069252481,-0.693326273505503,-0.53565196187992
-2.52293670850271,-1.81825487038739,-1.35059775496191,-1.09988697239045
-0.656035744150149,-0.389419817062561,-0.264392688748212,-0.283864990094019
-1.05818799331875,-0.483458454807583,-0.2028172105863,-0.13040315870898
-0.513716249624044,-0.065123811672903,0.185211089704206,0.268287171093565
-0.955469190099023,-0.388663540796907,-0.0126076927532099,0.18505865957518
-0.988188809338782,-0.43034382431752,-0.160968195237205,-0.108160503041921
-1.58193357660201,-1.08847909408954,-0.775277972735335,-0.631213054368246
-0.720583223868883,-0.100645541337958,0.308283432318879,0.517192563125185
-1.39286482257969,-0.683510418642071,-0.268115070077524,-0.0795033246528932
-0.64369231066856,-0.155779652364195,0.0833551223516094,0.127515341364942
-1.69289478343356,-1.28180724263654,-1.04259197066452,-0.954422176750689
-0.960888733104138,-0.651750180684352,-0.475191243400368,-0.433572516073629
-2.45843781701441,-2.02125399645108,-1.72813671019902,-1.55904176897491
-0.73276436688167,-0.346457929408856,-0.140797760686251,-0.0847547845931923
-1.56236694295308,-1.17924051905817,-0.946242665032058,-0.839562561518522
-0.643756061753457,-0.165995868506896,0.0780860523111039,0.146883165270329
-1.22792785105349,-0.947856298653598,-0.7342382474469,-0.597510744049884
-2.14478388819071,-1.61393550951935,-1.24863909658941,-1.04241243401014
-1.18664383393482,-0.863210491498175,-0.649123628471691,-0.55690467997036
-0.464405874712209,-0.234671749846923,-0.0949902492745456,-0.0703672224930958
0.339283125871212,0.212327815834268,0.126672745977031,0.0279127157683891
-1.10887831306763,-0.805408908662223,-0.629268434342321,-0.5700837753242
-0.513341639137102,-0.242075949870712,-0.0715585119771136,0.00119653073075818
-1.35169727506394,-0.849320116766664,-0.524221835436228,-0.348147712918433
-1.02464062446527,-0.570844740360217,-0.307975335937036,-0.215538502387367
-1.05247336204203,-0.594865645182669,-0.277949782816028,-0.0874017044969012
-2.07152042325871,-1.18531698106197,-0.565340788068443,-0.203761170725181
-0.520557442219687,-0.252249584502263,-0.121063879638104,-0.113494877577743
-1.91639753180344,-1.15070521739679,-0.667581690750791,-0.434252207423486
-0.202445134308296,0.248378775235221,0.49146052952984,0.549315609270048
-1.35447454848013,-1.05426418540388,-0.869327515255001,-0.788200337569486
-1.32820932558034,-0.734609979133435,-0.381410584349331,-0.235497034250511
-1.90075453521088,-1.11173063022867,-0.607202300381385,-0.359656192973978
-1.18944827570208,-0.397431130030837,0.0443347481223698,0.221331238548821
-0.529434630444657,-0.229050673205392,-0.017639699831345,0.0917300582472153
-0.976591079551219,-0.373541803784901,-0.0320249811764526,0.0823568107375061
-1.06082010515528,-0.529013730153115,-0.250647848044425,-0.157501220052203
-1.29610010180239,-0.645710669429022,-0.168303446279355,0.123988752334359
-0.890801686599579,-0.540396921268099,-0.373165193354576,-0.362895372135944
-1.40166606903301,-0.783618615454282,-0.390081558856441,-0.209536856708761
-1.15920034271725,-0.793940487528212,-0.579798575857181,-0.501126215121521
-1.24068086664131,-0.675624302545457,-0.258107330729144,0.0106780849403846
-0.743906962713019,-0.530794697611367,-0.402695742480675,-0.372202607224334
-1.36730608299378,-0.8142089862138,-0.503534548345702,-0.384809371625894
-1.44854335231976,-1.04032557674095,-0.830161875507623,-0.793562634053956
-1.76281885696902,-1.50604515516352,-1.37836032889288,-1.38287850422158
-1.31664808050577,-0.750013374655287,-0.401735446202616,-0.247511644662505
-1.13829834276998,-0.457565098607944,-0.0546357086335158,0.110133067310985
-1.3055692245528,-0.977120771489759,-0.774730338294667,-0.682305164980432
-1.40546709433503,-0.924424802109363,-0.68161184112072,-0.634291739882044
-0.497223460075171,0.147936360184928,0.574760486554765,0.779182963366062
-1.84778495043285,-1.39082832917412,-1.09271287652712,-0.939439452796056
-1.19013005395352,-0.80379003498426,-0.588564228892933,-0.543773061040905
-1.4174986611172,-1.19630728677128,-1.06285171661228,-1.02521411352775
-1.06744403649563,-0.868070660655039,-0.747607521286511,-0.716582546951774
-1.70875135567513,-1.43632339137839,-1.25136454716659,-1.1618330726449
-1.57943244563593,-1.0715119325036,-0.706929570062565,-0.51050052915108
-0.180035408026717,0.656214742786127,1.23530820980501,1.53043420159279
-2.24035687655315,-1.6270416217986,-1.19419566696664,-0.936834133793515
-1.33403304821873,-0.713435595324368,-0.317513917024556,-0.120845716408108
-0.973342783922313,-0.821984088970781,-0.750310620083018,-0.762692300708742
-0.957469049406824,-0.601283381399877,-0.365963189642559,-0.257262075787842
-1.06723823396539,-0.475294670028601,-0.137306198817732,-0.0238338553632396
-1.38396024785032,-0.909853683606118,-0.656504434487584,-0.559091301346741
-1.27000252210664,-0.867243751182467,-0.60611100783791,-0.481150421199163
-1.06347382350128,-0.526901448943355,-0.221515104914251,-0.119241906206469
-0.892034716130636,-0.388299029623925,-0.128578924240569,-0.0731486919141592
-1.07964076533075,-0.593147120008736,-0.28950212004143,-0.147857873964958
-0.246087571623874,0.0799093805806318,0.288439700402548,0.36966582551465
-0.740915481996612,0.0592849944300291,0.530781939720801,0.726482819889344
-0.999620638804902,-0.542303460520347,-0.274010859846609,-0.177272728290711
-1.71532283616368,-1.18953518717652,-0.808916452473022,-0.582242935953708
-1.49906420770793,-1.04662278661683,-0.765795296467522,-0.657536858203478
-0.829648020793235,-0.175530625782444,0.235893873760908,0.41672741173274
-1.10533931281523,-0.468422070663468,-0.153672344700105,-0.0407565131246507
-1.33313997554398,-0.869473415415934,-0.617101732961875,-0.552181817272119
-1.31034118079624,-0.902559266828852,-0.65904813243478,-0.581609681193503
-0.320591450477562,0.00644464802024775,0.167659168822487,0.169283345769229
-1.06873357079011,-0.344588846721617,-0.0322018694457262,0.0430091167236445
-1.51165121738623,-0.689936655971222,-0.240567006994959,-0.0902564244436348
-1.79995514475005,-1.2705770446951,-0.944299347815249,-0.790653351985793
-1.21263660126951,-0.890513179075058,-0.715022799491161,-0.666730918717578
-1.39015308585397,-1.06416595224007,-0.836635360509175,-0.709519118476974
-0.83284665258003,-0.512415008890518,-0.324362544602053,-0.271689249142356
-2.1835506425076,-1.55426942492017,-1.08122773670825,-0.772986896015065
-1.0335390316562,-0.478486001469038,-0.157634873515212,-0.0442810188464316
-1.43887310180684,-0.763945217724409,-0.464024406950543,-0.409899878374199
-0.968457068718113,-0.773860197343809,-0.638263343715627,-0.583215015778275
-1.30122790476878,-0.801894310400964,-0.488474231390558,-0.346197732672795
-1.19749499663576,-0.605591808446261,-0.289848555712166,-0.189350297190041
-1.6077719853744,-1.0112016030115,-0.667575667752141,-0.532201194318282
-1.2333877361136,-0.677648955197769,-0.325133006145198,-0.156210907611109
-1.09685590650695,-0.534552634146855,-0.188319286204678,-0.0573586749522207
-1.39774841406926,-0.847950705964053,-0.512031965983492,-0.356927335118495
-0.159927530486919,-0.0337082630650825,0.0356861674822098,0.0194677476826783
-1.6666118063218,-1.32620498931727,-1.08961212118872,-0.947033531137876
-1.57248007650618,-0.955279842459477,-0.523648183465894,-0.274930754588985
-0.356304222264718,-0.00757440977746464,0.208466207739882,0.284172239983412
-0.769594462758283,-0.595348587136557,-0.530872674018228,-0.579408814173747
-1.19636311195536,-0.712674279000405,-0.486863872623147,-0.450242575252318
-1.34721410365315,-0.5371990706455,-0.0469082590790712,0.166495431338553
-0.951155590798303,-0.268531639405156,0.170113487601191,0.376266021627681
-0.888458621813035,-0.53635369399277,-0.389606676938052,-0.428446147703727
-0.890777468949157,-0.529220762838254,-0.348199000301581,-0.298801036313069
-1.10094195293269,-0.684560806586536,-0.37818532374813,-0.199962484284365
-1.54225749020901,-0.920984915254052,-0.563733675210271,-0.399024908186518
-0.234779300451913,0.172193446185522,0.358541617239402,0.360679195913242
-1.1852926018931,-0.521213841567007,-0.115847619135988,0.0672014247121106
-1.36424619958201,-1.20989600159502,-1.13042680055812,-1.13139087722836
-0.287975372973993,-0.0245652320029811,0.111840070435286,0.114521206030088
-1.65832330311552,-1.3766374373254,-1.17891688067478,-1.06112667916525
-1.80640767222864,-1.50109529071962,-1.25351416279241,-1.07976741201682
-1.19691688233736,-0.658954910575285,-0.283726736815604,-0.0677544474603905
-1.04102920684429,-0.593257836378855,-0.361195089067891,-0.313383218252286
-1.7580250403005,-1.24934415825584,-0.894351690767722,-0.686257055099658
-0.711075773715538,-0.28141987443616,-0.0321595743440309,0.0435540886126977
-1.90209775842381,-1.4731707256406,-1.17362584054293,-0.998245152981483
-0.594409828076765,-0.0326662969714572,0.314493516007669,0.455130142470769
-0.251137412413377,0.0987129426544929,0.245001891488247,0.200615629920527
-1.08706723871071,-0.521937616825639,-0.191428322877087,-0.075705707460394
0.318921615944296,0.714033565254318,0.932623248279038,0.950514916478994
-0.772627466134371,-0.4629085332409,-0.325906239399324,-0.335729195631745
-1.7123471673404,-1.19140427294393,-0.803483833629417,-0.556255267671391
-0.917763947460418,-0.517542043673713,-0.301133686955718,-0.239818888972499
-1.92770199597648,-1.29182933181656,-0.789079949115134,-0.425462715033298
-1.23488728021089,-0.574243834572124,-0.100080545705517,0.189824133796486
-1.32594558620311,-0.774436325329644,-0.513447791829044,-0.447956547316698
-0.56877348101496,-0.140715460601788,0.122619874105716,0.225368817511534
-2.12424211761676,-1.76303783298857,-1.49657015481402,-1.32882454014477
-1.02370619322532,-0.84509404872413,-0.778059218281281,-0.83737764596641
-1.08668046642696,-0.726851840115197,-0.493192655036858,-0.390915058866063
-1.4036158291756,-0.70625225223003,-0.25680121932121,-0.0369096851048693
-1.34579385104593,-0.651596330477439,-0.303980813415705,-0.236208514403762
-0.441586895169144,-0.234715611631616,-0.132824184725876,-0.140530590783487
-1.16121704920538,-0.326335984992959,0.280151267125719,0.645263590178041
-0.287322742889987,0.0743189976197559,0.323326972746926,0.444409406610306
-1.43883878463949,-0.897080412477446,-0.584836252273109,-0.444634101071709
-1.12079751962614,-0.535992293011789,-0.218867371368163,-0.103434845456138
-1.05074792461458,-0.40887635929843,-0.0407688903800643,0.100568108141439
-1.54243317407578,-1.32041194345215,-1.22200233252797,-1.22781999252354
-1.55372079568894,-0.977647328941617,-0.652316587465591,-0.540760746250533
-1.06903682933069,-0.647696412435129,-0.406231920764177,-0.31723163697714
-1.07531581054491,-0.811654063186144,-0.661315807678017,-0.634684058612652
-1.54047947661257,-0.899457915591508,-0.497696476499333,-0.297578748770196
-0.554476824816233,0.28333399606939,0.74757048102474,0.923574638892022
-0.813800934377363,-0.434283536160837,-0.252832562435627,-0.234511695436436
-0.744241822069496,-0.189573765872967,0.226697312931767,0.485076372627901
-1.79917135208013,-1.38132841323644,-1.10374114077514,-0.969195421702968
-0.317759005434633,0.055241995411761,0.250075298018604,0.261221243795246
-1.21704627875519,-0.697669829713761,-0.421552428105565,-0.31309003265387
-0.367683018423502,-0.0710451545606059,0.090963250353256,0.107484136284369
-0.657940907132739,-0.153359293041905,0.14376678819798,0.260879840618329
-0.240017718217755,0.234446736828378,0.45176351543254,0.43212560726162
-0.872638047771186,-0.335763615581288,-0.0229572974817426,0.0940321439922197
-0.625191752850803,-0.267931485181554,-0.055387018090476,0.00951673432377426
-1.94297708546202,-1.29649060987488,-0.925452381064603,-0.760186582643961
-1.90617573496242,-1.22959013426115,-0.738159397714702,-0.440080820446399
-2.49919493719176,-1.8986511718664,-1.45291999839505,-1.1585079224033
-0.972602335934715,-0.593022232139928,-0.311135648740057,-0.127759709358577
-0.506980510526908,-0.182838966722543,-0.00323849392786756,0.0280484854877067
-0.435270266047046,-0.241705084591033,-0.152700918712965,-0.180701174276991
-1.90988770634317,-1.37586133584318,-0.968901902496923,-0.705955780950535
-0.642082097054203,0.0923620321920537,0.456219224928895,0.538790050052439
-0.444162228851623,-0.1578112314678,-0.014573585490244,-0.0246699335307192
-1.47413807213871,-0.771540090122059,-0.305438794128945,-0.0495192651830235
-1.24127158828265,-0.684811721815461,-0.286751213425441,-0.0547605258175569
-0.739629782560505,-0.329114886270118,-0.106947078057556,-0.067638095248287
0.0958346259233914,0.379988101867381,0.530749080065481,0.559808118680502
-1.57886754020523,-0.852223590435869,-0.384208680075023,-0.138024050338899
-0.842839657741472,-0.393062963001736,-0.172116960257868,-0.146560999311083
-1.25020495079211,-0.589138680119348,-0.185164252116775,0.0241998096482112
-1.42010695601627,-0.98074427916014,-0.700867485767385,-0.562325563287093
-0.984574862183633,-0.584266085867135,-0.410658946867505,-0.375011673722026
-0.435956505198005,-0.0686343381432899,0.166303150282175,0.273081495728735
-1.74356016506211,-1.29990138336696,-1.00583329078528,-0.856786083749685
-0.590809499411813,-0.0507707371448025,0.24714083067957,0.327467746089238
-1.03478305766328,-0.657104787167334,-0.428580538644901,-0.325474673517376
-1.68515908810698,-1.24645028010858,-0.958843317431902,-0.794256610769947
-0.699365811747931,-0.372432797595448,-0.161839021654014,-0.0775934462979864
-1.51952008193192,-1.27342576348735,-1.14340506510087,-1.12772236669416
-0.848465375367477,-0.472031465163696,-0.219272710708062,-0.0952976116953323
-0.654585348228897,-0.314943264997805,-0.124253123706452,-0.0639364957864926
-1.45576541117017,-0.982059215116475,-0.696504437852502,-0.592264045052129
-1.31883801788183,-1.02431588413728,-0.880521072152838,-0.851301097677217
-0.463082799496761,-0.315547534802438,-0.249363387135772,-0.27109907160414
-1.58724418735903,-0.831937005514355,-0.475998567626275,-0.415971041819206
-0.558800952292564,-0.0687836882865412,0.183976378986599,0.21358828398662
-0.316986988416101,-0.0275195024936773,0.14755680754939,0.203585784226252
-1.06091858275049,-0.5087304378469,-0.20857024188756,-0.134220859055763
-1.19365917192168,-1.07091323790344,-1.01603318837825,-1.0403772254304
-1.81494609096888,-1.05363756174757,-0.601651563835309,-0.40683439026394
-1.13618077535544,-0.471681432068756,-0.0936029694832371,0.06962290398926
0.176322642142547,0.182246285887291,0.15743258114873,0.075789672958805
-2.12990977513586,-1.43474420729416,-0.96217311765018,-0.697249356133185
-0.879857169918828,-0.338023427334606,-0.113787289963563,-0.11123733136262
-1.22157421390648,-0.509307824385148,-0.145974815781232,-0.0348198282994402
-1.85227420498355,-1.4680339034666,-1.23702021383683,-1.15430024933802
-2.03527467142954,-1.60213947141988,-1.29711353225985,-1.1250577341325
-0.845080442415515,-0.291045736803946,0.0602025181059729,0.225370955285071
-1.03582249757444,-0.489183437518765,-0.102933050089196,0.111168111493259
-1.16089719330649,-0.568355111068895,-0.213131348733521,-0.0601685078583606
-1.35013568558925,-1.03895235626138,-0.856017988863184,-0.800865788865577
-0.741912770511406,0.0119279403750286,0.517306853227936,0.76616650345265
-0.983239157806603,-0.350811201125386,-0.0309381111153061,0.0672642915403589
-0.673309126630179,-0.190927735863413,0.0757767368622096,0.16046302729415
-0.451662849827792,-0.0695102971109753,0.101708614032357,0.107370573028303
-1.77451782384447,-1.14121678387074,-0.740701346582096,-0.557655033132251
-1.22694781273722,-0.731688787854683,-0.43728864939682,-0.321792798628165
-0.593656119357556,-0.122458568581893,0.146566855085066,0.224842786549308
-1.41851099139668,-0.869052020782137,-0.557302147049758,-0.419461521705528
-0.962538790542893,-0.513132441173116,-0.251571025520099,-0.155984692435719
-1.45470879723145,-0.938276781380889,-0.605022794453354,-0.466202123063763
-1.20582300247746,-0.74341373829214,-0.445230276372262,-0.301073672866122
-0.921081555837924,-0.453852297546834,-0.243977799122767,-0.217313605785984
-1.53946106369108,-1.30138703185104,-1.17111161977378,-1.153500469412
-0.770485694931066,-0.546833531345624,-0.425659026358399,-0.404379685238141
-0.967847274715772,-0.614485122289133,-0.404944753377649,-0.313352625075875
-1.62197215980618,-1.22530772504773,-0.923726967100907,-0.72627613706726
-2.29050302849018,-1.78255375982649,-1.4432028560605,-1.2775762105747
-1.02589161821085,-0.608304842247262,-0.360466804679146,-0.260270696729295
-1.20083543092193,-0.668167463563601,-0.331514627546222,-0.177161155442455
-0.814109964460136,-0.413549714432845,-0.164714783067966,-0.0719488089347087
-1.46824568353069,-1.23131499400459,-1.11058385720494,-1.09850447469809
-1.47193659798868,-0.98017489456751,-0.651495340840706,-0.478100086450605
-1.23867546946335,-0.88006504082463,-0.66194265738191,-0.564847023469077
-1.87135034942577,-1.51188540583777,-1.25554124146407,-1.11338158852664
-0.411434451457915,-0.179391581607689,-0.0569473032707887,-0.0659836947509108
-0.143639741963704,0.502725416232176,0.859590567604745,0.947305235457989
-1.11181669164812,-0.414720293669021,-0.0302513761411498,0.113911782675865
-0.961933994301318,-0.558805188862923,-0.311342163825559,-0.203779262540414
-0.876175795019417,-0.468123086633479,-0.234964013249822,-0.151351349799976
-0.593579633266739,0.001095924449145,0.43165735248724,0.673897222262518
-0.974404148661792,-0.479822114980935,-0.15137671122138,0.00295981298255343
-0.588546197990302,-0.138913035336522,0.181183484358068,0.364027545678541
-1.12413165697513,-0.679595101107202,-0.397177927741086,-0.255802903737555
-0.907827601023699,-0.489487100965517,-0.235299948120164,-0.141415910536855
-1.00748474859652,-0.695530306322862,-0.518154183078708,-0.458381828526549
-2.70802561359566,-2.0537468053263,-1.53705682453061,-1.15624003162107
-1.12327843469379,-0.521737804867884,-0.129234263420074,0.045630818093588
-1.74702557997685,-1.16625941377475,-0.783148740769716,-0.562609085029689
-1.80389765814434,-1.21706386055997,-0.830870438987515,-0.626791653691799
-0.608306074271629,-0.0825734457733289,0.194411174222369,0.264903349523335
-1.09203203929023,-0.400090952247955,0.00485796502182143,0.162604086092675
-0.612131322884279,-0.301642514772909,-0.123424169473685,-0.0686870869106037
-0.822698235653423,-0.704083427411898,-0.640278154531489,-0.640728237797469
-2.07144482286126,-1.29606504883396,-0.861560569955788,-0.66799165891776
-1.65982046524734,-1.07552263640431,-0.64588493900193,-0.363764138765737
-1.91629187288965,-1.37432615831144,-1.05764078934766,-0.933312198477605
-1.42011188813867,-0.924428318660735,-0.612660046458121,-0.461374302619576
-0.877819421499641,-0.425203105626251,-0.180230082154208,-0.0982119241478812
-1.12628364261486,-0.776070951987316,-0.547674614662672,-0.44344013244856
-0.948777549804168,-0.458476204916142,-0.188884060978567,-0.0970456695240435
-1.40348545834426,-0.737790259881247,-0.318156912032916,-0.124523501011451
-1.16551106398347,-0.437875000303506,-0.0150958879089977,0.144015760175258
-1.39065741392991,-0.995439757301189,-0.79895337488755,-0.736855727964796
-1.5002562864571,-0.947544976015746,-0.637177738211458,-0.539674467645999
-0.472047493103189,-0.247377445217324,-0.0987785325982749,-0.0309127042176916
-1.58498414580312,-1.0125483667034,-0.651957536160823,-0.479985987078304
-0.85812478999801,-0.367637114191005,-0.137814431243374,-0.0998131852246681
-1.00646808890916,-0.518838755077805,-0.286978461358473,-0.241916478393932
-1.46961074947962,-1.02681774207183,-0.80672847044897,-0.732373556138228
-0.758389881810146,-0.471392778389337,-0.317823833555668,-0.304904590227058
-1.19206801499611,-0.75363406031231,-0.495362065517261,-0.400647532297819
-1.31662630735606,-1.0100522256503,-0.850472544986088,-0.814856370332107
-0.830203984990219,-0.530595372709232,-0.357203767198727,-0.31154230868717
-1.49773094941641,-0.938910902600015,-0.587797525373051,-0.419825552165333
-0.297366656531341,0.421276896955346,0.817721611003358,0.922489240334998
-1.16311436856083,-0.67784988534197,-0.398262804187774,-0.28684079192619
-1.86496279115952,-1.41555452360009,-1.14253118691096,-1.02796070821533
-1.08601167015985,-0.0998592280208576,0.425307793607169,0.603000643209865
-0.999993035782074,-0.158084789185758,0.372826707198412,0.617388011537831
-1.19582531802624,-0.627164868721139,-0.272119188989286,-0.12977824276994
-1.66628452796679,-1.0237303962161,-0.604191147767602,-0.401794750858954
-0.588664007883604,-0.37447715642068,-0.2783194405386,-0.279392045635836
-1.50082039894956,-1.16778160188369,-0.950657484102846,-0.822189437899771
-1.1028636776839,-0.617356961967132,-0.308682173594036,-0.1621310215048
-1.32796449965761,-0.868331110977627,-0.565430867790442,-0.407889625998127
-1.48061599826421,-0.953240448284703,-0.640481971848841,-0.521696105414906
-1.23452526899116,-1.01038587550382,-0.932795372168063,-1.00922205031996
-0.858851925063939,-0.130047264015771,0.268449771326614,0.398253105443427
-1.40852083773868,-0.870298142693316,-0.500247032368329,-0.304158890892352
-1.57926432585527,-1.247716953975,-1.03776994939524,-0.932886204895509
-0.844022419778441,-0.29120859710828,0.0622843739901279,0.2217452057563
-1.22047595702759,-0.578674759942364,-0.212933352879618,-0.0711753176996369
-0.815510242843979,-0.437280540685332,-0.25133001654293,-0.236820877139235
-0.694437151865746,-0.368723212827922,-0.173762482035944,-0.107515660970666
-2.17914806583765,-1.58382524902047,-1.19833166667157,-0.990101521046386
-1.12610935557456,-0.697117840366635,-0.416259982864946,-0.27465707227809
-0.958324680435089,-0.496214938468691,-0.209788533819993,-0.0940525301725287
-1.34993846699241,-0.671808096132863,-0.265204414010769,-0.0974935322847379
-1.47826800782365,-0.912550625963549,-0.496624097580273,-0.227329766090089
-0.694121935477941,-0.377402047607578,-0.211508534566291,-0.199352773613102
-1.10754792834005,-0.460633641200275,-0.0633795701488528,0.120805611687753
-0.846314580880988,-0.668877903027075,-0.555072492115207,-0.514200869354839
-0.350689646265593,-0.0684025280208302,0.113484318998436,0.181359521672569
-0.321371085594187,0.0564233054230162,0.267706151787905,0.300183372855538
-2.2397824539116,-1.57820554338874,-1.13873380959284,-0.894884345452494
-0.921495488123823,-0.609621347591843,-0.436424062616234,-0.388435964825945
-0.805603226416143,-0.160286014218503,0.156172306155337,0.199736414358897
-1.65700707295441,-0.942058397866532,-0.490612421495629,-0.274115071400928
-1.29982530485246,-0.770966101217846,-0.463021769212923,-0.336223270302419
-0.414319161842519,-0.124908563902949,0.056514881532645,0.115926075580089
-0.821575827639521,-0.5311196414199,-0.396591102353652,-0.396875678076448
-1.34436068487687,-0.739392411087601,-0.318467448518337,-0.0869785868440065
-0.364610598102993,0.133486769445007,0.392837674335598,0.431598810004148
-1.04789679886659,-0.584914656218308,-0.28188432826298,-0.140423198212025
-1.08178046708801,-0.94730134694506,-0.886713077413633,-0.908592484518924
-0.267542685244585,0.245900633471383,0.56831348695492,0.696435049658504
-1.49461005656659,-1.29613993762065,-1.16777915825944,-1.10536888005892
-2.57896426439943,-2.14584476297452,-1.84699767445468,-1.67109419094697
-1.68745671739063,-1.25912866385962,-0.966884607610037,-0.818865673678073
-1.20483290080172,-0.694947468211702,-0.362909105813736,-0.19725680306499
-0.0952406685565979,0.067963105398486,0.216632948626503,0.317401862686611
-1.08838547322492,-0.533687584878756,-0.218472827114528,-0.133898369863092
-1.01251661606578,-0.535572138288562,-0.282603150209187,-0.217711196241243
-0.807353351678392,-0.501170034429078,-0.329791094786633,-0.282334697272067
-1.49987592867602,-0.625807149616149,-0.116022479249235,0.0844312506753666
-2.0669185260551,-1.48282829309559,-1.11366421304952,-0.931751679909254
-0.728438648619051,-0.360254540243676,-0.114071320788361,0.00262019999191504
-1.03099261112349,-0.349256531254026,-0.00217141155527328,0.0679328333111057
-1.27117587269739,-0.931280904600396,-0.717381651764569,-0.632244925067435
-0.736506988263147,-0.43839155522431,-0.249747005304607,-0.182434605501127
-0.21558059822185,-0.0355097103971157,0.0478252015632574,0.0229251635898445
-0.994160496367788,-0.455262508564666,-0.182884214133497,-0.108871987680954
-1.2765116058267,-0.837423531688707,-0.529292684740778,-0.325282091292725
-1.69463233532525,-0.952704295082507,-0.503959941847237,-0.291730667329339
-0.943978134000622,-0.461487105145023,-0.20173771746569,-0.145771769479283
-1.23860444247332,-0.787681665355788,-0.515166735905871,-0.404224560526843
-1.63879245348985,-0.951991107885773,-0.557425277079457,-0.394246509334804
-0.696265651528124,-0.345883286946315,-0.132906796597102,-0.0474357362973258
-1.7578506257265,-1.24916810933883,-0.896818249158417,-0.713213592031919
-1.53259572708633,-1.26852093612091,-1.06972905090521,-0.934133439758587
-1.85229034033474,-1.21447094769194,-0.825131935543029,-0.644484899269746
-1.48649216448793,-0.93241915679954,-0.555007330404626,-0.34096244591325
-1.43936596248351,-1.02537386792107,-0.804772743589069,-0.726355795044976
-0.63200483695897,-0.470767178197559,-0.405871947431128,-0.450712391097898
-0.732016371537528,-0.369026345142887,-0.145075122275328,-0.0690182190021351
-1.15275578226168,-0.681851295770998,-0.465340564951406,-0.448137108798884
-1.19738893489732,-0.772510516610124,-0.514489949618761,-0.410526660193426
-1.45533844069927,-0.732822586551857,-0.377710823057525,-0.291787027332363
-1.57858224063298,-1.12543891225598,-0.864411404183777,-0.751167413524412
-1.24513242879469,-0.593538869398135,-0.214443680477553,-0.0365151348302139
-1.90028068313168,-1.45919198704526,-1.20316834328025,-1.12181398322317
-0.91804661830692,-0.478367912424575,-0.207674942324964,-0.0940188385089255
-1.56786510579558,-1.13308835944834,-0.862971463963276,-0.756974922513155
-0.403598719290126,-0.195547040926328,-0.078109148476075,-0.0679372387810107
-1.22238684560948,-0.616313710718457,-0.238309801788725,-0.0666643829757417
-1.22359404644672,-0.592776261010939,-0.286377416777011,-0.218208214902691
-1.16845078376348,-0.602289275282467,-0.25732370471649,-0.117250990746344
-1.90145066342848,-1.24343484305882,-0.846803092533708,-0.686663994567392
-1.35749150457099,-0.698744461890952,-0.342355088814259,-0.212946010407582
-1.95437046058067,-1.28397948460534,-0.87102588258233,-0.675636487768028
-1.09838076683607,-0.609917283315754,-0.356128672214272,-0.317012718509456
-1.32728225579643,-0.761630034256645,-0.42395066964416,-0.29218483600202
-1.07749231038103,-0.284985570642774,0.216343487966124,0.464772115169081
-0.641711507511642,-0.438020062967712,-0.326920612110794,-0.294084628172067
-1.64480956136616,-1.05511791665536,-0.625756975111856,-0.341726645940219
-1.07182253832611,-0.420780479484691,-0.0454189352870063,0.107155322217643
-1.18553213230455,-0.619762633273667,-0.24797841827507,-0.0831542906612314
-0.462254693296256,-0.0336368589710334,0.200843901454267,0.253622818627586
-1.20517341754058,-0.381414604237119,0.0560576894415555,0.194138918010325
0.0313850248439423,0.32527619184812,0.497078416112421,0.522577779320062
-0.734633694647953,-0.105361805374446,0.22810214995748,0.321903831326375
-1.74533128845115,-1.20491685819816,-0.870652077136636,-0.731016834877175
-1.23563833898006,-0.676755947678128,-0.34237604721062,-0.196012514916894
-0.899731528466671,-0.274611921078879,0.150736030164894,0.362508471286888
-1.2696791571211,-0.722686576020562,-0.395200270238786,-0.277714881251118
-0.612438513324922,0.0501420754646257,0.37579474813345,0.458016825645678
-0.882799643010199,-0.421868188861854,-0.139457600739211,-0.0265638039701304
-0.74645432586374,-0.140489115073182,0.197496025535483,0.311159199590982
-1.33643174304394,-0.577090732283973,-0.111891577607793,0.100719965417255
-1.22608596836817,-0.780011325459431,-0.491577358387688,-0.345229645880558
-0.282906854108872,-0.0687649496936552,0.0506575362165717,0.0664256072402508
-1.33212375471491,-0.918637418120291,-0.672146669100598,-0.588509676222345
-1.98868621436186,-1.18906065101261,-0.796963386842938,-0.671599593705437
-0.924258343607707,-0.539976797008998,-0.331911770888037,-0.280151557318058
-0.274320749012089,0.156627553448161,0.481451351461977,0.678719573290832
-0.88536869195394,-0.451976751261699,-0.269233200930833,-0.305927629301378
-0.913262983613268,-0.51607948536471,-0.290713632303224,-0.219648258868911
-1.69430318171704,-1.16391230944391,-0.825785919994844,-0.679485842319626
-1.66737187994867,-0.877758638735723,-0.340215410450791,-0.0520520846614593
-1.00929664360509,-0.341068028580725,-0.0363961998226753,0.0425769758926587
-1.33756133650833,-0.797125871428327,-0.429137903775097,-0.222304807779919
-0.986348105930819,-0.517188840621267,-0.259815481634614,-0.175332701287615
-1.69346107423153,-1.12912070935181,-0.730718233194623,-0.515918195281501
-1.40094773169784,-0.703564919116487,-0.308337824447176,-0.163347493462212
-2.21922379556333,-1.50224990078969,-1.03577888150965,-0.779818690653554
-1.47786048553931,-0.859068234187324,-0.47778523097362,-0.305385594634083
-1.40264530071909,-0.503105104155244,0.106602958959079,0.455224459372258
-1.2920735777853,-0.538171309123604,-0.0875928666738376,0.104569344453202
-0.911076475559363,-0.422524545473877,-0.129162475343506,0.0201447337859973
-0.96796726338873,-0.866172531378723,-0.829330675118067,-0.862074455527406
-0.662513961303072,-0.225672868943361,0.0568540069870226,0.200134865697599
-1.23805408294022,-0.72347002422663,-0.504037995241466,-0.477413134242173
-2.02656653728434,-1.30995721006023,-0.826258562519724,-0.547195864447838
-1.22403629430849,-0.582978835036546,-0.176165748624715,0.0132577302070951
-1.67219427635786,-1.1001923120468,-0.789233432791313,-0.701613919213546
-1.56711247099926,-1.13645935933152,-0.863973514837604,-0.753944847284132
-1.33419992683262,-0.764001757453634,-0.473454684807672,-0.368501731523416
-0.957141386785019,-0.380385248983976,0.01933154809751,0.243855485753611
-0.962982364566624,-0.545455750760237,-0.33473323551456,-0.301061899880676
-1.315932169103,-0.886431475709112,-0.653067987944627,-0.585134113885384
-1.37963740525786,-0.563037548366118,-0.102173707140988,0.083347921470823
-1.94735413690609,-1.17944134569235,-0.696290651320143,-0.43459219132565
-0.620526247141312,-0.239100966365904,-0.00651656703254615,0.0724188088947695
-1.25051921069895,-0.886690499177543,-0.689812658048164,-0.647239172297849
-1.78085316227992,-1.35549159618102,-1.08034276463197,-0.969477459932145
-0.623701143793276,-0.545786529199011,-0.51180617214878,-0.534418455660364
-0.636614260923599,-0.35858348589542,-0.227642920497456,-0.23708803931674
-0.867329562186532,-0.60302618591406,-0.460200795128927,-0.452058461008987
-1.21030002956809,-0.632855039137279,-0.260339228884319,-0.0953908180276537
-1.52069763293016,-1.00490225699325,-0.720603170619913,-0.634106431478508
-1.4962819924879,-1.12846905524479,-0.91878179391915,-0.863775130144454
-0.91766240540649,-0.439865751972739,-0.166333260614079,-0.0770118988057308
-0.578691465394195,-0.357104912066653,-0.234671806920132,-0.217176318523982
-1.39772650478053,-0.979031870460091,-0.712743507769229,-0.615467164908849
-0.128691071516207,0.162566163348153,0.328242642789241,0.366353320546244
-1.12143081358491,-0.820671940459787,-0.655401478468752,-0.62985299157744
-0.601724551925973,-0.0643175688582881,0.280269349452355,0.433670425987845
-0.563835553832607,-0.00793925027231546,0.252581284349372,0.267270870609402
-1.20135720305892,-0.719571077425914,-0.426538174761275,-0.313892203281737
-2.04944108992082,-1.34575121515657,-0.85518606608229,-0.568102650841393
-1.1180808086091,-0.907712528825614,-0.789496836826151,-0.750822462164574
-1.08936977074754,-0.777303660772978,-0.579704623885484,-0.503937657760792
-0.741144037450514,-0.48014014633901,-0.359826951552058,-0.367470291972512
-0.618960618736176,-0.417142773478475,-0.330348281886718,-0.360755473349958
-2.14788943669753,-1.51194178591166,-1.09301329430093,-0.885246613061611
-1.59063389173882,-0.959077963449807,-0.604989207144836,-0.472958568658336
-1.39752775391979,-0.910101731799662,-0.62291970037999,-0.500062775772098
-0.505435489397595,-0.0192048889969838,0.261535091243211,0.346621109158433
-0.0904401208462634,0.0322813192910452,0.0990687648927154,0.0969936432774878
-1.11256446789241,-0.447367657358653,-0.091015258317831,0.0164295479546014
-1.54411261702685,-1.0655806997599,-0.759308316108003,-0.611240823164665
-0.840818159081504,-0.323548073887942,-0.0562648948633779,-0.0107784958077823
-0.648897458744223,-0.0545351967882401,0.30310503772324,0.446829813877956
-0.582259180946256,-0.273934203728121,-0.0756252975071352,0.0105753258715132
-1.88236886395204,-1.39971380322151,-1.0557943788976,-0.834087298469366
-1.28416611047397,-0.41797988520114,0.0922819584681847,0.318636388751588
-1.15261383330915,-0.753739822500108,-0.497728338239243,-0.385223587648567
-1.66266932412398,-0.965117548942042,-0.588891099087803,-0.419632659946226
-1.25494539011312,-0.826407978873126,-0.602052573996896,-0.564728838756614
-1.28832943758808,-0.770016809086095,-0.453358998657748,-0.299864752229852
-1.19309412261605,-0.849038176481225,-0.627576141673852,-0.51689561230729
-1.13750609416121,-0.822902199907092,-0.624853186350339,-0.542603542835434
-1.58874208346391,-1.15950356347866,-0.89304585728118,-0.777481000058248
-1.22507819353014,-0.827294113930382,-0.59556715453311,-0.509264501523509
-0.897333550240689,-0.455470369950351,-0.233929522884488,-0.19385893042641
-1.2272684865115,-1.15489629454205,-1.11393630999045,-1.11419738582397
-1.00210755772874,-0.401750387658063,-0.0205112218108366,0.163694142935722
-1.64208702914715,-0.800529464535913,-0.234228422328337,0.0804185609477664
-1.40371188554761,-1.1513948169704,-0.977818780630208,-0.888167815006693
-1.55191300438456,-0.981310405413329,-0.617066681770072,-0.437059248494772
-0.84717242388844,-0.353502880893887,-0.0858929520547353,0.00023355264842817
-1.69766420790603,-1.41311181852579,-1.22587041002253,-1.14444750084676
-1.18134197366223,-0.824330990580696,-0.597306832095107,-0.485813601305603
-0.848609889067718,-0.405014258041463,-0.130648257242068,-0.012749374015022
-1.20183740685251,-0.789021515221553,-0.623841364401073,-0.65991594850882
-2.04952255978239,-1.39983285610399,-0.918909642438603,-0.61737063211412
-1.58141638035853,-1.05233205162987,-0.692564510055789,-0.484548985187418
-0.460287852112215,0.237172863952035,0.652027879820085,0.805449609719531
-1.76741864968433,-1.04959690931068,-0.674333388651342,-0.533290458561135
-0.654081753311068,-0.102023616212135,0.201809367578294,0.299575343831654
-0.838540586774917,-0.213289007791322,0.130085691972257,0.250608299019132
-1.17686310994192,-0.494970037717836,-0.0964416879721663,0.0597641604945613
-1.30098751900287,-0.786892292501259,-0.496470516388571,-0.388585568985088
-1.72375794457385,-0.902075252452085,-0.420800098041561,-0.181718209265436
-1.09789822850199,-0.481439011445446,-0.10996195954454,0.0445909931808889
-0.679553866058986,-0.351335553383657,-0.191497939138324,-0.181117906385055
-1.27048476618097,-0.835659869192272,-0.567112257060398,-0.469225184413554
-1.40006263200281,-0.669114594438946,-0.208688876830583,0.0161228865977245
-1.44556239638676,-0.950839814581543,-0.6447794063362,-0.491006872576122
-1.03268434025293,-0.735055056237547,-0.551778374891515,-0.482849647467424
-1.1014347105037,-0.689508337095199,-0.434014627751637,-0.331149425015457
-1.05789067760228,-0.469871479054504,-0.107213654146005,0.0499213340938771
-1.65452914375197,-1.14166244058251,-0.760224554482447,-0.517112393433784
-1.95320573133239,-1.384747284015,-0.984668844582072,-0.732034387765987
-1.36580659099493,-0.806970714064153,-0.484281362663578,-0.352972058625684
-0.686371573360371,-0.248619406535231,-0.035899973072354,-0.0240976446325231
-1.18245870349833,-0.474727033139426,-0.0967668199791502,0.0344311827243676
-1.56122292783071,-1.15253623353419,-0.853205489332381,-0.675200697704529
-1.7759764694106,-0.903164777110851,-0.32959012197185,-0.0012167131930553
-0.536290016381689,-0.153128995694819,-0.0331213132647254,-0.117256503402244
-0.591951425976524,-0.315380904365163,-0.20425883375722,-0.247640072227999
-0.690206357769653,-0.473808481042694,-0.37260468723262,-0.389827384575033
-1.3048030230887,-0.83162591748917,-0.52361359176874,-0.365168341671934
-0.872519597971639,-0.132782394477634,0.266791025998229,0.393026475701789
-0.780863638361734,-0.265490174465805,0.042689039907632,0.214595201275507
-1.27570683277403,-0.821393087662188,-0.543789322869009,-0.439976544472756
-1.07181648481088,-0.53526709517731,-0.296693445746778,-0.274846763048182
-1.24428666497463,-0.688255503609252,-0.317908173134741,-0.149273088475529
-1.19506417638454,-0.785860497614535,-0.542906814992602,-0.445395128222352
-1.40891570051133,-0.863290983062559,-0.551550536724725,-0.437379365799555
-1.57154945730969,-0.77681927671867,-0.290937908228403,-0.0989542598765895
-1.36828585612447,-0.7705080667829,-0.476879384742777,-0.421791858634386
-1.61006443934837,-1.36776878166522,-1.259142897966,-1.28175782912677
-1.33362158828555,-0.954598252177775,-0.747938948011677,-0.691705866065628
-2.33376084807631,-1.675427510711,-1.20265292032465,-0.91313626800651
-1.0413886536598,-0.567761495976121,-0.313058774967697,-0.266398154942807
-1.20964490167948,-0.575487606654582,-0.139633391941876,0.106058540202795
-1.10269283503431,-0.581497087221804,-0.2358862339044,-0.0682767792546261
-2.28140057024588,-1.87973412491993,-1.58577900969672,-1.40703863749575
-1.98612648901225,-1.39834443833568,-1.0295213574467,-0.857867907674664
-0.96120170431307,-0.420646565917314,-0.1209528495248,-0.0371469604106953
-1.3835285568174,-1.02697710186225,-0.804580843840986,-0.693663147234633
-0.330292199244807,0.00380826567614536,0.231080159264136,0.33658496625069
-1.52354132009501,-1.05030186845309,-0.771845177838504,-0.666107367753437
-1.10462305282918,-0.259711551850756,0.238924518283599,0.44123120764223
-1.49272138314804,-0.975574743816033,-0.640628173154099,-0.468910060208334
-1.35573797645054,-0.814843251924012,-0.494168011628846,-0.363480367124663
-1.4053837844173,-1.05362175750006,-0.846896345042568,-0.7614378121211
-1.66265887224678,-1.33745422390168,-1.12752689415397,-1.02795574932802
-1.1646749221985,-0.519597643336265,-0.121294539204926,0.0640199819330607
-1.36889830189015,-0.874769531055306,-0.507320787100623,-0.283243116545886
-1.27173175479359,-0.885127457989645,-0.622911998433946,-0.492808269237391
-1.76876459048566,-1.17274971101892,-0.816182577008593,-0.651079836968667
-1.50700608341403,-0.881335579668763,-0.558927979739419,-0.476068726778452
-1.49966010129629,-0.968438890921745,-0.671428461514003,-0.596254956295584
-1.15207941281599,-0.449244982574169,-0.0517984490654566,0.112834268436846
-1.06485916534581,-0.494970739677184,-0.110908279643773,0.115864340142645
-0.855202328021384,-0.233216600943893,0.183431650362283,0.392422164307965
-1.27673143748704,-0.881381857282542,-0.612314005795773,-0.477686774339614
-1.19145157289592,-0.837730803294952,-0.638905533446897,-0.575307150377886
-0.54987404553446,-0.205410369331953,-0.0176628525524669,0.0445240001618264
-1.41082796097108,-0.806890782162714,-0.507667327279309,-0.438907555573798
-1.36838146913854,-0.678473480250281,-0.271316568379554,-0.106351814256463
-1.2974965142121,-0.849865902193685,-0.608307580097148,-0.53517820685571
-1.15926840167338,-0.665621669697898,-0.438492822156008,-0.435957368695308
-0.780029645066273,-0.448513955545815,-0.21324694330821,-0.0882269983719277
-1.80230446855013,-1.33326679255398,-1.08545134341684,-1.01707346331468
-1.30655617745747,-0.502122302150256,-0.0226005038927983,0.171156272402856
-2.04646476400557,-1.72320271595093,-1.5174700934649,-1.4184862281793
-1.67109713068346,-0.934311755752969,-0.374301598412805,0.00874504964303696
-1.13970465030965,-0.433368570721858,0.000974011111877837,0.190047587814634
-1.13331194463171,-0.650107287457938,-0.375444757768692,-0.274337054464635
-0.715640174118613,-0.390874471885411,-0.199394015938395,-0.138161958983558
-1.78721452269317,-1.07922768779458,-0.605965105129122,-0.356341407453213
-0.71418411527426,-0.0691239357710178,0.2922381804275,0.396017726722895
-1.19099155876218,-0.661636622028175,-0.329705099443312,-0.170913256500779
-1.95759775926099,-1.27452028432698,-0.833149143371314,-0.615405754119992
-0.609989327769272,-0.0724196626822512,0.186338962879152,0.239347649685215
-1.63849327432903,-0.996006748431098,-0.627459280097102,-0.473134602888015
-0.101738151535055,0.356901021840964,0.650544671824785,0.774581321898692
-1.19477445086117,-0.592131686118267,-0.26554648509647,-0.153407317657348
-0.393595233361341,0.0698410015220276,0.339161186214642,0.427101186722733
-2.06733579880646,-1.29669480117666,-0.804375762268524,-0.540307442651896
-0.410916438638418,0.0673306616848461,0.288003789736247,0.283282192344513
-1.98202047444256,-1.30476852420763,-0.86774870745497,-0.625426011024903
-1.25740969926565,-1.00376700087832,-0.86885622862051,-0.842312684978873
-1.16929123984123,-0.672920848434634,-0.357045758225894,-0.21560961539318
-1.82889185341955,-1.30788954053549,-0.952637538452688,-0.775749476920667
-1.04207463888315,-0.0350724909057239,0.443872841582401,0.554269333510549
-0.814191926911181,-0.505471402479471,-0.346493307607638,-0.319649915352435
-0.396657327181866,-0.196586939306757,-0.102516798500334,-0.135560753429748
-1.23042577289199,-0.768145345574097,-0.479600396654827,-0.365135226800711
-1.40212725590553,-0.694283860550846,-0.326906726733407,-0.232470329644897
-0.490991544624794,-0.193668159884865,-0.0243658706138235,0.0223504808305366
-0.755693736568197,-0.19773028934209,0.0847796010766635,0.146735475611181
-0.558043956269319,-0.348939210580188,-0.241660982340878,-0.245426026628871
-1.53044519803772,-1.01500352894629,-0.658433888379136,-0.472631798409483
-0.729917002159083,-0.266786727136743,0.0737123354084249,0.273712861408723
-1.10248366796053,-0.675925392162802,-0.467703726680759,-0.437649044254743
-1.34342093308892,-0.860796342808114,-0.535864198083104,-0.362688846377111
-1.51261244135327,-1.18512155174668,-0.957801070182606,-0.823791892657129
-1.08003046735172,-0.40656381818021,-0.01809569330453,0.117333103304706
-0.765752968081436,-0.3816540355963,-0.162734803765703,-0.0806009966784361
-0.261172495234733,0.116175029702013,0.321967031946231,0.368747434249332
-1.52989544994318,-0.995854699536131,-0.639791567011377,-0.453884609279188
-0.895402549061951,-0.406411169484232,-0.129522247488099,-0.0407682795487951
-1.03359176445564,-0.47875238110362,-0.175695417892728,-0.0727735217225342
-1.3681177140678,-0.647110419650836,-0.181586663112083,0.0463629610516129
-0.731126892393284,-0.258695405386335,0.0428800646130867,0.198254698826972
-1.72134930955548,-1.02709412474792,-0.67443124499668,-0.54691635418999
-0.775525232927545,-0.653259573784625,-0.555183441893141,-0.506895181816895
-1.73337126735315,-1.47070657450576,-1.33735667551976,-1.33896289539599
-2.00598436477868,-1.51809710616021,-1.28930411714328,-1.24900247878452
-1.86921439500658,-1.16601994584414,-0.734507330226352,-0.542452127840459
-1.51814069045414,-1.05528166678699,-0.760795277678467,-0.616760835548802
-1.05933144900678,-0.619397221044475,-0.328064849184895,-0.195810316106213
-1.15077846564788,-0.947842988781229,-0.848714192139677,-0.858672818011308
-3.12114910274979,-2.17113635797356,-1.50609871063834,-1.09949581866815
-2.17262151095267,-1.79161173873796,-1.5192914831234,-1.36367349316543
-0.747083776576432,-0.214976360593845,0.129896846682602,0.292468732750006
-0.677271270816585,-0.168217728460943,0.118621760160034,0.212636399973993
-0.641441156613485,-0.381435891996966,-0.270958459211348,-0.286967888411778
-1.08989635303187,-0.622656765269342,-0.349277954141996,-0.237688403544823
-0.955354126409278,-0.318065974933988,-0.0546521055860462,-0.0465076333229103
-1.04141952310259,-0.442209494235929,-0.114183851737796,0.00207375736120885
-1.04563559158517,-0.566321543798086,-0.328762991793079,-0.282441741223009
-1.32271538494873,-0.744430477957141,-0.379414998466314,-0.223772599585794
-0.951715993742633,-0.624621606123674,-0.437434513569345,-0.382342763296386
-1.37820921617198,-0.672350757281145,-0.27931797024065,-0.119904131251724
-1.14593275110884,-0.268399529877423,0.122542927271054,0.187752420723292
-0.546314074641967,-0.288562417695811,-0.130477182391717,-0.0801359483126345
-0.941068977236321,-0.995353186910506,-1.04324574382262,-1.10357247082866
-0.829687115274348,-0.485952547110929,-0.300035188644153,-0.269893679367249
-1.63171514373135,-1.15015441009042,-0.830662241819511,-0.657687348786881
-1.06026789076633,-0.536583342357765,-0.21043344375734,-0.0675684264397729
0.447044045475191,0.605915825536207,0.648197099968957,0.559275740996431
-1.39692348047472,-0.755120781756359,-0.385085655877891,-0.226636687221891
-1.89489253688741,-0.899066211708568,-0.281948647078654,0.0106514305543361
-1.42170405874169,-0.788851817167032,-0.363156465032977,-0.146643160770413
-1.88710924844603,-1.20522314483383,-0.749158593631849,-0.488393422443548
-1.11672266010952,-0.678602700195375,-0.42393355128658,-0.341139306801622
-1.16025679042862,-0.576023079715518,-0.234848128728252,-0.0824882248913279
-0.692277339082723,-0.394444368506092,-0.244883504458073,-0.225507145518197
-1.33663982258244,-0.982583564151197,-0.744453293815713,-0.623015207052389
-1.09564738227654,-0.684098111436782,-0.431150487866135,-0.343330499271707
-1.7389293247004,-1.36647040751265,-1.09167544655887,-0.907509268600652
-0.84848702200769,-0.32201692022963,-0.0702953034394911,-0.0240227369600552
-1.37704173406576,-0.782867524634348,-0.475810051388012,-0.389325204299342
-2.39210884550722,-1.98239662439895,-1.73447816650614,-1.64779887377677
-2.21329157286501,-1.65144700537783,-1.24225454761853,-0.996052570636948
-0.454158047066529,0.0851920875203847,0.361391383670823,0.407335233578691
-1.56759591373524,-1.16197972039985,-0.896493048540541,-0.775816142043452
-0.853907938477615,-0.584038919011268,-0.407039426869646,-0.314842968011238
-0.61438818769456,-0.0402405154134422,0.280831694630812,0.389142448828606
-1.82852042137348,-1.22086296865336,-0.872977643712483,-0.742354535046233
-0.961672990599231,-0.478050114753928,-0.195353317069393,-0.081928641480661
-1.2647610531497,-0.643626509863299,-0.239880526354142,-0.025270182254706
-0.932637144428614,-0.478786769864375,-0.165287458852083,0.0115267334661782
-1.19684185366364,-0.580657796465885,-0.320471221459986,-0.301684755779589
-1.09537854376114,-0.480192265662276,-0.0951741852447781,0.0837695290217478
-1.07325240752927,-0.700800066100931,-0.49604248716665,-0.431579448370264
-1.0053977241091,-0.466922549794475,-0.127381688362155,0.0227464592760367
-1.50577340499112,-1.04750360160473,-0.768147844365347,-0.659042199105053
-2.01879891058597,-1.36887480321056,-0.906683467850194,-0.617775700390975
-0.601724551925973,-0.0643175688582881,0.280269349452355,0.433670425987845
-1.10135742102558,-0.639852512677934,-0.322819377417663,-0.157383972566571
-0.462533804615581,-0.171945654579046,-0.0155476535925074,0.00809790739239163
-1.40814348236242,-0.874540239061637,-0.588391657865017,-0.486699656175398
-1.19090688738142,-0.762496215637889,-0.475292667330518,-0.322263322153121
-1.30285848212946,-0.735786081463358,-0.421003319861918,-0.305629452195503
-1.24447134799083,-1.06694608417842,-0.984918434858649,-0.997968868290229
-1.59126066700259,-1.06376915528193,-0.706955444830357,-0.516155639235194
-0.519335527499168,-0.117551951639301,0.112118052595826,0.1853805557976
-1.24674968030121,-0.771995930023648,-0.474261018761191,-0.326360833791748
-1.61931938108053,-1.14509752643924,-0.833090022914753,-0.680627386485558
-0.781261920665357,-0.481728566069661,-0.283957505579042,-0.196319812568076
-0.886957094399318,-0.467013152850463,-0.228484805546088,-0.17357023586835
-1.86094712370688,-1.23347311838759,-0.821675302815797,-0.615983380375898
-0.482550196451505,-0.0453611115253375,0.217915622638194,0.315713792450187
-1.42779934543979,-1.04381597942548,-0.801145877887073,-0.688791913699196
-1.82839315615297,-1.18382355679562,-0.75247173712322,-0.515170079153078
-1.0034850778865,-0.459681972920903,-0.133836642525803,-0.00214441354482969
-1.09474201791796,-0.525413042595912,-0.218071454808036,-0.138108821144256
-2.00931580662919,-1.2441705184582,-0.72350863713034,-0.424693116426319
-0.64113007529928,-0.406018635641753,-0.256848586196257,-0.210349435706874
-0.517810746349907,-0.0903858799478769,0.184352318951585,0.300550481915258
-1.30295814297544,-0.764024301518699,-0.416552331869398,-0.253794612438042
-1.22282618929947,-0.729388285642209,-0.381579755720115,-0.177574487279414
-1.33733720984238,-0.715586139823259,-0.370846644534735,-0.23362781753442
-1.12909593758109,-0.584096722300496,-0.252873283415296,-0.116752596913355
-1.10611600844923,-0.347781229677906,0.0290807752105386,0.105685397028896
-1.37671376347136,-1.02255497213752,-0.76835132393109,-0.62434213351982
-1.48676191411189,-1.13434627348165,-0.960015926692314,-0.934214844195473
-1.11691659885855,-0.692354670563655,-0.472293426851621,-0.41244670040293
-1.87668379205162,-1.26471790932416,-0.901690162625955,-0.721319544714937
-0.430667767620286,-0.213458241182104,-0.0846252240827064,-0.0558779642764638
-0.795004513078109,-0.43332946403744,-0.226026388573977,-0.180482553221514
-2.34677373476684,-1.73890256349039,-1.31396959896213,-1.0708963754856
-1.09762670796606,-0.495098043070102,-0.121810296015809,0.0241052853078568
-1.31592575738166,-0.687349404879549,-0.290442404388276,-0.124583370482361
-1.63068952001099,-0.994038725327064,-0.503907563272071,-0.17148275131014
-1.32377348130451,-0.664287370713388,-0.325138704100025,-0.204436419279882
-0.964170930397955,-0.729597179122745,-0.601361094849637,-0.568196407878874
-1.03923951127377,-0.843543420393317,-0.733233764440003,-0.72279131806242
-1.13241400223341,-0.703582233381706,-0.52193696021241,-0.502457733121656
-1.12170027132455,-0.745744235825407,-0.529746209437418,-0.476431300915618
-1.59144430031318,-1.1720871138301,-0.907524055183843,-0.78930828475478
-0.727801478140893,-0.29441749711515,-0.0341044475766418,0.0561236691179261
-0.70185335649975,-0.341583624095522,-0.127895086271627,-0.0503648322253725
-1.59975895710405,-1.10213671451137,-0.833608117455114,-0.754784453468233
-0.306618491444769,-0.203850302595098,-0.147079318654525,-0.152668257541862
-0.724930885075033,-0.204146520357551,0.0945414355766638,0.180636595460491
-2.00868859742067,-1.52400194982579,-1.25526705299796,-1.1521353038916
-1.03909673757182,-0.535042236647507,-0.187323226810297,0.0169129359198542
-1.67533657179855,-0.907601265379788,-0.441514225690741,-0.200251273006898
-1.25289923463802,-0.585792081450528,-0.186359049407082,-0.0124791917761164
-1.30766409203945,-0.759122902327884,-0.397530908321617,-0.197461002490278
-1.09994322773184,-0.450936180685243,0.00859562465187476,0.273296776297876
-0.457828093306106,-0.0512599938861136,0.149494905237381,0.1745883177442
-1.86712189847433,-1.23853280263101,-0.771397440887938,-0.465206828582402
-1.19094846551843,-0.770062271826205,-0.560422732367864,-0.52787114844318
-1.48094581088425,-0.922609922789416,-0.532433587767267,-0.32193495176849
-2.07525229335218,-1.49759258248627,-1.11415030362289,-0.911495341993911
-1.33205634504233,-1.05011376542731,-0.888958799329597,-0.850159589237688
-1.1671661870914,-0.914510040572923,-0.769406592095061,-0.736987478355932
-0.749278474756034,-0.226514678357419,0.0634244819880485,0.158410634206571
-2.24577690046178,-1.51648025465227,-1.04220299792181,-0.782678524287047
-0.525643215045459,-0.194602583916434,-0.0157172654244471,0.0121937685216295
-1.71958497431824,-0.84032919924135,-0.341140733399208,-0.126451496331057
-0.609734265363767,-0.230575314761324,-0.108591216376368,-0.185819287299521
-1.5987788620411,-1.02834904348155,-0.699770674655053,-0.566807539353351
-1.13054843728607,-0.751409193290571,-0.519482467458124,-0.42984260419595
-0.985463587136726,-0.67101579107364,-0.477460356669617,-0.396053155060022
-1.35391723935992,-0.827890992115428,-0.538612633589503,-0.449220622357859
-0.73544698523538,-0.0639596959621299,0.280429586955301,0.379286228296178
-1.02339307126499,-0.69615718684596,-0.475776454880249,-0.359344856706238
-0.952260408994515,-0.332726650052237,0.116014032684475,0.369154040318602
-0.383538205638359,-0.198622746573488,-0.070288708307392,-0.0263115126065887
-0.983970355677401,-0.416736113763297,-0.0738483666077644,0.0798730913821596
-1.95706291760247,-1.31687100195808,-0.889156589552669,-0.663340693787717
-0.883959040479613,-0.452202756242788,-0.175917203561316,-0.0585086929326425
-1.13317900907898,-0.729437862102145,-0.440854662791471,-0.287434540167235
-1.53648145967464,-0.866648151789244,-0.493312224557366,-0.369387545550626
-1.49335782800594,-0.768245033426266,-0.271048054106589,-0.0154543191370041
-1.4291539876861,-0.971201313600538,-0.713384783353887,-0.628083490129397
-1.30738052451498,-0.658698589000824,-0.201006332901889,0.0573496429546857
-1.10488713403293,-0.789459806412674,-0.608733088339436,-0.551468573586245
-1.17528946516656,-1.00480689726365,-0.923664986932683,-0.925450228260174
-1.15974734706372,-0.740234747611777,-0.511023896040651,-0.464787178077912
-0.421827808463271,-0.0683612284154009,0.102118404402099,0.0879800254944827
-1.33998661962691,-1.00228148928422,-0.805300783718264,-0.742584735842152
-0.933785906038655,-0.448142990369738,-0.196530230234162,-0.126276810833872
-1.01043208572627,-0.540904440312391,-0.269954124948974,-0.154329352493301
-1.22830192947291,-0.695930283701704,-0.374121960112563,-0.226596944868302
-1.23693133512158,-1.02443898808496,-0.908802816205452,-0.88529435345794
-0.630733507446273,-0.411290513035707,-0.306001399510413,-0.317735517587487
-1.09429894511016,-0.553286650352314,-0.168076528849747,0.0583486850845369
-0.690644405512283,-0.272141731740521,-0.0205171638846172,0.0574262438881222
-1.20736600023953,-0.823892252297808,-0.531115212434469,-0.328600740541857
-0.815078192716289,-0.229540730090349,0.105864661917617,0.232975182692038
-1.22588912248274,-0.637785966558418,-0.255085603887688,-0.0568986446489357
-1.86397054451632,-1.08562264790223,-0.613629452467934,-0.388413169066432
-1.57361166080461,-0.94272215214417,-0.551203799038745,-0.355960014384175
-0.870151587236001,-0.493431467606987,-0.302663819158097,-0.276738077960866
-1.03580371923892,-0.5484106075585,-0.261177442946267,-0.135533922195143
-1.21556922700853,-0.87224102234125,-0.64895885830501,-0.560544916914714
-0.368460335720191,0.141739352210898,0.498188353157199,0.700677187633695
-1.55808182554132,-0.904638406208403,-0.499900759368098,-0.325950017665701
-0.216695728858488,-0.11961955908411,-0.0799895024756952,-0.116057643761878
-0.840982874658501,-0.251283425667747,0.0625653964891039,0.185807490684818
-1.03315690316351,-0.673355644467254,-0.465159031956439,-0.398587998571363
-1.86914037400871,-1.43194678821203,-1.14118691302091,-0.966282016175489
-1.81205292338373,-0.860962485625398,-0.424089498430922,-0.333655799041704
-0.562405997842699,-0.209482937680558,-0.0688328509037726,-0.105609908428851
-1.79210864428231,-1.31866375543522,-1.02162999551964,-0.879782264951969
-1.31270283257799,-0.909213338058371,-0.625101738698263,-0.476020989190556
-0.901851609104477,-0.695213444720317,-0.568500260811664,-0.522207688896231
-1.84485504927403,-1.12056557275844,-0.58200775068043,-0.234460714564653
-1.11213874366078,-0.524200644395168,-0.164298345765055,0.0146055151162741
-1.0417109541705,-0.488355251390869,-0.132053474249598,0.0241898415503591
-0.789625477363827,-0.260028426350902,0.0438042956387891,0.140510621131781
-0.652191321964551,0.0886547327921675,0.464053349907307,0.576341459653815
-1.57725721376219,-1.13484880602174,-0.861958612180822,-0.759999932296431
-0.727439199165207,-0.333288086430437,-0.0843815183567778,0.0146368340961256
-0.727393656236965,0.146629344809362,0.559262052323237,0.637124548306136
-1.41719074165098,-1.04254286290382,-0.797650484226628,-0.685421571699715
-1.16258169321843,-0.396244745260426,0.0822949905733826,0.301561872083778
-0.687156399793819,-0.312643681850893,-0.115565962581248,-0.0673237072752853
-0.809266428653411,-0.169047207672867,0.205759310182349,0.339266230962838
-0.431837176281129,-0.181933463578501,-0.049429314786509,-0.0510719887179673
-0.626351792798338,-0.107587680811909,0.209408034218795,0.365875034536057
-1.40105201690656,-0.739898409596838,-0.306871693609124,-0.068599110287783
-0.0744847647530043,0.214448078919884,0.375694282688332,0.383814139900303
-1.66071294943947,-0.762613067244074,-0.387261487281568,-0.325499439799325
-1.40310851831242,-0.907396170429476,-0.618924293898122,-0.488381646928081
-1.19446642889083,-0.430642533857992,0.0649959484222553,0.306509139472563
-1.00759767129064,-0.573978682342917,-0.339441103057033,-0.275001802493384
-0.580369772277139,-0.567640379972598,-0.566983706321273,-0.613850442802318
-0.431217222432528,-0.0633619567184023,0.10933409208628,0.111351239138765
-1.83324909224141,-1.35605169183377,-1.07234648759501,-0.965958992530145
-1.84765843839793,-1.20598310240776,-0.718194939633905,-0.40650971810899
-0.572624114824936,-0.271014772627241,-0.110046527427142,-0.0866596655678631
-0.928186340212208,-0.491871206721146,-0.26272955907826,-0.226392817975531
-1.44803589493972,-0.928709405319822,-0.596490241056798,-0.409700672151918
-0.356537492381684,-0.204387600424711,-0.1760618967407,-0.274260513389195
-0.798586296216556,-0.664947131591239,-0.550970159088033,-0.490082342451449
-0.419720419646323,-0.172683987848961,-0.0522920322150093,-0.0576895457798955
-1.83871196549752,-1.27774162136821,-0.885441136915682,-0.651796946501087
-0.281486614379154,0.147716689682596,0.405890282684789,0.497224838486097
-0.676204623505131,-0.252972975398048,0.0397542994492656,0.192943721325935
-1.11926752276562,-0.822778229942114,-0.649934188130876,-0.613082649835176
-0.69935651653751,-0.464612710004701,-0.380556546348664,-0.409073144801723
-1.85356590354391,-1.20655991337523,-0.811735896142667,-0.621610438119679
-1.22672327401385,-0.629904124552982,-0.299395665903368,-0.169512531659911
-1.16656177007339,-0.692406743998919,-0.353106310933661,-0.172410155534628
-0.698137441302938,-0.522662446533268,-0.438694334061973,-0.450736453825464
-0.660943936013994,-0.42275174473426,-0.282020486215984,-0.241792013305262
-2.04065267083022,-1.47066192334064,-1.07358267144491,-0.831739975316142
-1.8004203914117,-1.20005576783371,-0.830835953019976,-0.664936760917629
-0.419336946491972,-0.1431739951205,0.0409768809783114,0.113974854620496
-0.865930694968877,-0.382073514756383,-0.0366764329358795,0.152309689591478
-1.53351036922359,-0.867267217081627,-0.447860097086284,-0.253137501126413
-0.674640407063061,-0.375563397633779,-0.206278972743043,-0.168429914634779
-1.03037755888162,-0.319206435268232,0.100216580236622,0.285802901145428
-1.40384636566506,-1.0811934427612,-0.859829422183068,-0.741075057313395
-1.53295674417643,-0.963324088993,-0.606702059387289,-0.460189265078931
-1.73425002991977,-1.30279687312936,-1.00381551825464,-0.850171412755794
-1.6513991860278,-1.19246809707501,-0.909640462278128,-0.784175175543179
-1.3922522235815,-0.934267949384096,-0.614584631534189,-0.439735370271344
-1.28069862797606,-0.87271868609211,-0.649785562206785,-0.572653175573116
-1.42644451575733,-0.989341357733225,-0.725892697884235,-0.620731266873777
-0.786825867697621,-0.343868081201571,-0.114209128991098,-0.0538593982967489
-1.56716213572336,-1.18757242283589,-0.920556735080473,-0.77104623880135
-0.203794964276809,-0.0539298086907232,0.00413424153028624,-0.0493086191121168
-1.46558445075371,-1.1240796447843,-0.936680114475613,-0.88489057671577
-0.779403616672465,-0.195475365581012,0.070552469944252,0.11863940538449
-1.90634570125729,-1.18221978427825,-0.674713878336818,-0.348179946826222
-1.55999990925543,-0.841409123153748,-0.446912399280239,-0.362023108701117
-1.66481821115222,-1.30738726901533,-1.10304782721681,-1.04092262020426
-1.85310741201676,-1.18313495458182,-0.816250808081387,-0.660326553653215
-1.67966848241374,-0.910064555305132,-0.385565801930493,-0.0959047020395872
-0.966882912714071,-0.755259267655024,-0.644117257244878,-0.650297505602352
-1.17814917232408,-0.645761230954949,-0.345815700614677,-0.224476558619639
-0.857224028215854,-0.318049862079715,0.00427505958706481,0.147470821377742
-1.36186220798347,-1.03539786797488,-0.849827706436033,-0.769139463454009
-0.803451502519807,-0.459813067752513,-0.251713086999714,-0.192261600056557
-0.648613218288552,-0.154509834578233,0.129964868841936,0.231978297915317
-0.724110837996498,-0.348553785582027,-0.161378830383133,-0.148070478495044
-0.64406128466733,-0.289760487848084,-0.126798779590112,-0.115488485481537
-1.42852369788673,-0.759531349341707,-0.361465621672555,-0.204150357053817
-2.2358628568603,-1.50653701421395,-1.02294223728414,-0.756654743054329
-0.384965837069365,-0.00816885417056597,0.21230940327446,0.281902140053035
-2.2383224027701,-1.41881569463225,-0.891111980959933,-0.608624407856817
-1.77127158189752,-1.36485388857682,-1.12466844760763,-1.03810271347885
-0.767838914649197,-0.390297804396927,-0.162728920545415,-0.0804198979169127
-1.04415653735852,-0.560751488997764,-0.247484888441381,-0.0936660305705497
-0.934105310985996,-0.725441524800671,-0.602553477075325,-0.568501582677606
-0.810900188089445,-0.323378378821716,0.0076935988642302,0.177969068925436
-1.14829025670812,-0.959688925038938,-0.846388845552789,-0.811220138894217
-1.21940630134687,-0.500583307417994,-0.073753863636719,0.084259497261405
-1.54388083671749,-0.854893718250239,-0.458344461266343,-0.258959670844449
-0.471926278245375,-0.252433277029553,-0.162925418747032,-0.193034664572615
-1.2206731186965,-0.823029299717024,-0.603143538209128,-0.544944090433003
-1.94984674629086,-1.55652957714871,-1.29043059590618,-1.16616329138575
-1.1779285073876,-0.922413503843389,-0.751738614720132,-0.677033016240974
-2.02275158678108,-1.28654637518449,-0.834957359360923,-0.58219797605536
-0.576801591496888,-0.171369095585719,0.0479513206451759,0.105471982834028
-1.06325531442564,-0.770073648082479,-0.576828617526262,-0.489422758136933
-1.16215305994674,-0.299964571589324,0.191483949899071,0.392309729176955
-1.88467640188998,-1.34696850860118,-0.939029320662732,-0.646946006616399
-1.35590089411121,-0.812346359614369,-0.459217592963024,-0.29732181521046
-2.28963313307216,-1.48232067026709,-1.01179603104732,-0.793254392879757
-2.49145645156225,-1.78338667263225,-1.25524473426088,-0.908944264985689
-1.06726731263456,-0.514137541999058,-0.213383821466859,-0.126690109398931
-0.877154318204367,-0.432185038727841,-0.191830409250422,-0.146701165004497
-0.911053583863683,-0.378465926691694,-0.101087649407997,-0.00025327714638762
-1.26795424997686,-0.658807856645513,-0.264252162742133,-0.0701649760186726
-1.08180307451012,-0.350445158044457,0.114570193732091,0.336522812748851
-1.28411792943765,-0.853051204062863,-0.60239333778768,-0.506163787312638
-1.91936766439657,-1.4404272742981,-1.12248494982199,-0.956986830008037
-1.27947008113254,-0.636475883810095,-0.244286597713122,-0.0429010836201885
-1.03087406442099,-0.665757640592788,-0.425191361421586,-0.333523026853218
-0.650767698171585,-0.241564382443089,0.0273986195987941,0.163106942232013
-1.49438521646386,-1.15120761784142,-0.882434798552786,-0.700639035484289
-1.40430267706988,-1.03781514042535,-0.850890029568833,-0.821952372159458
-1.95066926934071,-1.28209084038774,-0.83617821772289,-0.602903221704062
-1.84583786571026,-1.04277452615227,-0.482245836910118,-0.15385898350051
-0.999671064395809,-0.301146093287362,0.131476110828959,0.306920941522165
-0.654125459971389,-0.360329362640335,-0.18188478958798,-0.125739509372258
-0.659773371125116,-0.400328423590355,-0.254133584420543,-0.223025437581102
-1.04526338430124,-0.60730172910291,-0.303118674074526,-0.133140047811475
-1.76292926761046,-0.861203899558325,-0.389142250978131,-0.221281434220888
-1.84028075499262,-1.24064370255941,-0.869623512749063,-0.697336475725008
-1.2069578899973,-0.707113066380955,-0.398930550286872,-0.244268326846641
-1.89538722972809,-1.49388168934606,-1.24300483218983,-1.12743356663581
-1.26298804736991,-0.652438002831009,-0.271405634705799,-0.0843341916154417
-1.53266141206656,-0.687164763528961,-0.218869678268404,-0.0458298014385654
-0.725820410227925,-0.276974642518866,-0.0385603898415637,-0.00390581444307231
-1.85336934170749,-1.05531201732687,-0.530077257597967,-0.26109726200882
-1.33706248043405,-1.02569464106078,-0.848946664106513,-0.773941475506434
-1.11389500493439,-0.744297828163663,-0.546291065286213,-0.485992378878255
-1.94329495136916,-1.36630118139987,-0.976123117141255,-0.756764437608098
-0.766995531001726,-0.259559924581502,0.0257471760481176,0.114392370423544
-1.08513864210917,-0.592884374078841,-0.303854927132288,-0.216058307346566
-0.829480350714651,-0.620552881551137,-0.50797690465532,-0.494590236549601
-0.946357826417352,-0.837681731806619,-0.805315314989018,-0.858127099776807
-1.30147698623573,-0.757432393325627,-0.402569705447667,-0.224069314190708
-0.995993539678379,-0.567029526829046,-0.339672061968998,-0.285699673672813
-1.59556915705059,-1.11349730786667,-0.791911307413078,-0.623676136241061
-1.05220746794932,-0.457834757443842,-0.121349303567898,0.00814071473982317
-1.76281885696902,-1.50604515516352,-1.37836032889288,-1.38287850422158
-2.41142743722825,-2.05057872799017,-1.77348411082926,-1.58182647560388
-1.29541666336359,-0.91046126277266,-0.69526288391329,-0.619833393049218
-1.59960712563381,-1.16156876017068,-0.877669025382124,-0.737287678376686
-0.974662279128306,-0.542113145035756,-0.347294813707857,-0.331771619211768
-0.755811453178779,-0.0711812175702493,0.342135958749053,0.516275797711161
-1.79752522262893,-1.09695880720987,-0.673294926003801,-0.488441759370198
-1.10454067837008,-0.442026907445923,0.00770930014433582,0.255757520109868
-2.75192836051124,-1.85032688687972,-1.18045443617607,-0.744929083451657
-1.75419229723404,-1.12980557553858,-0.71645378780976,-0.483823561071765
-1.47111461541268,-1.01201634465438,-0.714823834092176,-0.570086260541506
-0.915141679292138,-0.389068916250748,-0.155470007030396,-0.132997090269297
-1.11315431890263,-0.407455820649614,-0.0361999670759335,0.104271557637741
-0.79226446695191,-0.143634051919354,0.119869521324969,0.14084202110148
-1.63945789644124,-0.976102993623971,-0.580334993264937,-0.422273132725742
-1.37382954815726,-0.84036481210167,-0.497987730583308,-0.348868844345586
-1.13287976342203,-0.775744560485423,-0.538539044963373,-0.412273515554805
-1.20772904865248,-0.66347375263741,-0.288124854493835,-0.0900974798578605
-0.747656899340368,-0.131993257460986,0.216398564941629,0.334148359566607
-0.593146707338354,-0.0986459557187166,0.177872678451933,0.267731361419349
-1.20613760059632,-0.586943701556068,-0.265001143000645,-0.171635063423507
-1.99169264594941,-1.43649423933927,-1.04206665965377,-0.819693901524025
-1.42333373097196,-0.908113966053911,-0.585721490420436,-0.433100606747085
-1.22167365697805,-0.489124221588405,-0.0381519656676866,0.175348107208746
-1.14082414012289,-0.794382889457366,-0.624312240379904,-0.585981355210219
-1.8665177033587,-1.15828988134812,-0.689760316293249,-0.454015779666301
0.226523356402988,0.421491260642186,0.504122639709426,0.4608654679533
-1.50829627858586,-0.92004098553681,-0.460946913518039,-0.145975212950379
-1.24083965902721,-0.65990295185639,-0.318454723918865,-0.170120664547314
-0.846108599587092,-0.360012162556269,-0.0571667286940622,0.0662765347811399
-1.39428418452472,-1.06193056931751,-0.819136737610811,-0.662831686754572
-1.07871216360589,-0.420245343518927,-0.0738315768841807,0.0216788251690264
-0.970633242954562,-0.60640460987372,-0.428625014000173,-0.433046184395682
-1.13075192755968,-0.615714841357581,-0.282450658340596,-0.150552155528598
-0.926102461803091,-0.384676148990606,-0.00681275738793963,0.196820294102509
-0.817053148271485,-0.386442803748377,-0.0585811987977883,0.155692897688606
-0.806813298290349,-0.545713572990667,-0.406495103568294,-0.3729484011662
-1.09696561594202,-0.568341965403597,-0.238695686102399,-0.0626282485166288
-0.902386880714478,-0.360646542865405,-0.107934537480655,-0.0801964518413429
-1.673478891485,-1.25975084216834,-1.01741909128285,-0.921622051717224
-0.631936068434277,-0.112694351041126,0.203999200201455,0.350950515713314
-1.13626348647524,-0.583753661452636,-0.268630931863217,-0.160615782372082
-0.322478477255257,0.177238819798188,0.512124245486988,0.667420804169386
-0.300771217872461,0.0671526962524729,0.290545545962195,0.369769964457201
-0.140846002909262,0.179179936104669,0.368059977174071,0.403175844880588
-0.911511898305681,-0.674775347532494,-0.520921027396034,-0.459894293086697
-0.883746432867746,-0.635298305569027,-0.468273899521302,-0.391391073243543
-0.932213621986745,-0.844117232145976,-0.742496394330834,-0.67626790192791
-2.02056651821577,-1.48563958183116,-1.17969314453221,-1.04953844322222
-0.999959007853169,-0.980449692724073,-0.972394334601069,-1.00697706632138
-0.7016718241504,-0.306132635555305,-0.0776551845391977,-0.0129534897973784
-1.12704835466035,-0.809588916235845,-0.620775243326512,-0.55295508769434
-1.85685996626221,-1.3524564275728,-0.981728955812817,-0.764182545277136
-1.23777652167671,-0.785890099181207,-0.477917591626251,-0.311445578649689
-0.91670272085568,-0.143962759812785,0.264186749032425,0.380514410406636
-1.64890700032056,-0.994658781588655,-0.585450088797622,-0.36946341533846
-1.56137470586951,-1.15040849001257,-0.832068667526359,-0.617605330373937
-1.94082693199351,-1.34332526485617,-0.893451146849414,-0.587513466316654
-1.94156208002641,-1.5370158987331,-1.27038152749192,-1.15185062446821
-1.00412300586275,-0.710531266508128,-0.495982877180449,-0.372382022584284
-1.53383663011666,-0.820060769794916,-0.407410559929914,-0.243440569375935
-0.883016864741881,-0.205988243195187,0.105549177466986,0.138887203746085
-0.210349911751316,0.108661309676446,0.219505234136305,0.159659936269178
-1.89305033971352,-1.29882894408655,-0.898654314551242,-0.6867751461573
-1.36879621964295,-0.872995996447677,-0.593911644264468,-0.490867100755584
-0.494570580308851,-0.055402437116449,0.23104896927094,0.357461744228595
-1.48341989494839,-0.844195001467024,-0.425238880161138,-0.203278308495407
-1.14249639904302,-0.813991253168596,-0.62524134049813,-0.574223469375293
-0.933089426777227,-0.491290767865577,-0.235037392212157,-0.139560604291566
-1.00762811446153,-0.523117615657152,-0.272455257059635,-0.212722363821802
-0.818683390012766,-0.256696971583186,0.110587212221751,0.279677638120717
-1.68935838797335,-1.2336551682989,-0.915659712601725,-0.744795697247666
-1.54031356349483,-0.97936633695442,-0.651234408134398,-0.496247317452409
-1.35213859285507,-1.06236498547433,-0.915574382391198,-0.912260786466237
-1.12107361466912,-0.959918661880074,-0.892585474208279,-0.915827484895003
-1.1999644966621,-0.849030962153197,-0.610420373580028,-0.502062010096653
-1.39252078133326,-0.969128177972662,-0.739338824503901,-0.661888901017821
-1.3061018949452,-0.808266776898049,-0.507525929896595,-0.381458128032261
-1.70902960917788,-1.21885599566757,-0.868858458370457,-0.650697389741181
-1.35842919896304,-0.912933442150098,-0.679581842937575,-0.595592947855163
-1.24811665474286,-0.596468891832662,-0.164709212108361,0.0609552887545691
-1.42981381497917,-0.743084085607391,-0.284190009206656,-0.018686854950144
-1.44376578476822,-1.2590441785881,-1.15544216685166,-1.13088518178378
-1.90678570922981,-1.24215379094043,-0.783194598234553,-0.528394121987474
-1.34741360131629,-0.763710753854855,-0.396978615250004,-0.206728822136317
-1.51088028609894,-0.620579048285311,-0.214382604464784,-0.113223205643243
-1.10183917143571,-0.524062842134928,-0.240336442528993,-0.159660987578329
-1.57416305042662,-0.98001642002869,-0.606413258761348,-0.426125433433944
-0.990879297391427,-0.402834105700344,-0.0971136802430927,-0.00877015734619352
-1.46461314954601,-0.748689469082752,-0.365643300651254,-0.236598842683256
-2.00912129955328,-1.34443854689412,-0.943205508019019,-0.734526164107818
-1.81939895439841,-1.66834628891268,-1.55119750506654,-1.47543277606583
-0.808698147574634,-0.247842539711847,0.0878566327095927,0.205412214771286
-1.27137713910847,-0.731573074777884,-0.434812879729264,-0.355678378867917
-0.517485913558273,0.177449709160262,0.68735193506392,0.995732700363381
-0.93067681343834,-0.186546400444018,0.217827537795477,0.345224084913738
-1.37842704411969,-0.827499646789998,-0.47351896567898,-0.303778628998091
-1.13460173868638,-0.717546627742989,-0.503181031781679,-0.439812689566411
-1.336745117946,-0.870478640220668,-0.52797898258506,-0.330628684757281
-1.49553494206148,-0.849598762020275,-0.501021408938859,-0.369351444591401
-1.27971370259501,-0.869511729021546,-0.643116340394242,-0.582307477142858
-0.847672233589856,-0.259790081949928,0.102460791951666,0.273813518156894
-1.6708586992598,-0.984069823918489,-0.573408724232499,-0.395445938467546
-0.88446776646848,-0.275183045083256,0.126398944202481,0.321127360388962
-1.96516808131578,-1.21676833108179,-0.748053838395014,-0.515112134666447
-0.589974254389986,-0.222427844904951,-0.033303401363869,-0.00287740487154634
-1.04986521957109,-0.646158896731796,-0.417988864951849,-0.351261713814555
-1.21872314246793,-0.677802320149762,-0.375884080146353,-0.26606137634943
-0.315199707860033,-0.0446182654586304,0.0734754948108416,0.0361713758423624
-0.70130539386923,-0.223340553656925,0.0885234762915643,0.230281522011043
-1.50743258461244,-0.868086417957214,-0.378966129504309,-0.070263723651861
-1.02557268172342,-1.00208332570696,-1.00503848876569,-1.04010388578228
0.285042694024502,0.557945026435117,0.695717203603564,0.681915634616818
-0.569447654421833,-0.21168430403301,0.0227749204186062,0.122703391725718
-0.840293229786752,-0.395169764971056,-0.140087282805869,-0.0710164011742792
-1.44786156209011,-1.00234832680134,-0.707080587970827,-0.544209096533513
-0.811835675002382,-0.555953802553358,-0.445050426454412,-0.474059437904139
-0.709013659560704,-0.320716312243763,-0.0918128973339663,-0.0299646068602467
-1.10368328433572,-0.539911242829487,-0.169194151131332,0.0172022236898259
-2.06120800861196,-1.20804072458589,-0.618993587590221,-0.265204833018858
-1.01311015176514,-0.53809184008454,-0.297783148302665,-0.244164994695177
-1.22114722491938,-0.477042745270438,0.0150094000503445,0.291938993507436
-1.10669201989925,-0.763412963810196,-0.560234376899174,-0.482053925561851
-0.924721919258911,-0.460448284023246,-0.194327184418467,-0.106119000857396
-0.920015261811968,-0.600000341969524,-0.441700135469033,-0.418990638859844
-1.19281949719198,-0.634160533767165,-0.347724121293921,-0.290414001175442
-0.887527526512256,-0.851856775781187,-0.820572143040527,-0.810780210206533
-0.727464225431037,-0.325412467303156,-0.0835429322145934,0.0216322231934398
-1.52944902438993,-0.680449203655379,-0.122134404024164,0.17555551362483
-1.30819984044879,-0.704671156924703,-0.366395950885125,-0.228204042985063
-1.18533957534067,-0.963764419624604,-0.853504826224047,-0.847033590997847
-2.30138871428272,-1.82883647641507,-1.52778982827569,-1.38839829245169
-1.32362129530877,-0.440290464154132,0.139006308672901,0.461966782897974
-1.75419836341618,-1.20720000246016,-0.863063004711482,-0.700626362714832
-2.0368138502657,-1.39241857691589,-0.933677021895333,-0.64955087440018
-0.889281666747636,-0.396534169804322,-0.0965965641200465,0.0123146934068035
-1.51243890988237,-1.03368159938385,-0.704340178438713,-0.51010940926263
-1.10196495508508,-0.408948920909025,0.0118122875889519,0.212456854999659
-1.15216753672365,-0.780018986664257,-0.602931098762179,-0.565685145994244
-1.82898087097888,-1.0635411019539,-0.572943539512062,-0.317295934888672
-0.682965061800192,-0.376503493847646,-0.225101668582105,-0.214492048948542
-1.57120051476615,-1.12975682763721,-0.869675912371983,-0.772527153393414
-1.02762574149938,-0.597942497379129,-0.353490979857452,-0.284272554788177
-0.921940303848182,-0.468453470621943,-0.162019765235839,-0.00121096802274817
-0.928730479879677,-0.237356432263225,0.14206977218181,0.292240086792038
-0.808033730820455,-0.269158674993737,0.0910406935930428,0.298339085037319
-1.00435366360848,-0.581287005090541,-0.379987344968114,-0.364252102978414
-1.32864551174549,-0.752799469559085,-0.423578806759913,-0.33145604285422
-0.824500486939398,-0.295617047544034,-0.0149244097900821,0.0583013288334144
-1.42382363915625,-1.07714252208231,-0.82184546462926,-0.663417855995582
-1.03913795936116,-0.570893916533793,-0.272842681678538,-0.146983202370962
-1.73137465255774,-1.16988639560089,-0.811172146090147,-0.643897848792681
-1.55236908452606,-0.784936846168995,-0.279404115615574,-0.0186160324853984
-1.27885918308016,-0.556855352383783,-0.106055341096229,0.108872445300329
-0.739838840696551,-0.302541613459707,-0.044027381125461,0.0583744298532705
-1.90489406817751,-0.935550378431216,-0.291722215853277,0.0711681465782847
-0.959750483071577,-0.587502962119575,-0.379474428951444,-0.316440980834844
-0.882466006554727,-0.568143153338221,-0.399300992669935,-0.354339774061661
-1.27595394553082,-0.903726064569514,-0.680269713985376,-0.591940905953808
-1.78146182491151,-0.864660308183682,-0.252023631192738,0.072159292729004
-0.803460688544277,-0.689852112264043,-0.635254120733843,-0.655372827752644
-1.07087840315397,-0.638896633719075,-0.376961171072883,-0.26922402549293
-1.19800379696046,-0.41567372518849,0.0740003777239744,0.307430813954216
-0.744852544490216,-0.135258412949751,0.251277428336311,0.432248731558635
-1.8266759235815,-1.60619940247613,-1.48945838785256,-1.47224768735585
-0.921128226740611,-0.402699058927049,-0.097005058774227,0.00919805953921471
-0.641894021754567,-0.141056400110844,0.151495715660696,0.256355070022632
-1.13290073327451,-0.788823097680487,-0.574994495274465,-0.496914846646334
-0.978302060748487,-0.275727020351817,0.00681491092334144,0.0550538060038684
-1.70602210200052,-1.0375684302533,-0.626812558675277,-0.42551925546454
-0.548747242961016,-0.0458051030601705,0.259104360328475,0.399455815140302
-1.49070171535685,-0.927325855362687,-0.548529703969768,-0.355784767052502
-1.27773264711859,-0.574967182203978,-0.252666336969422,-0.189211027687687
-1.76898193484677,-1.14231371284207,-0.780191590314806,-0.641017409575321
-0.855636520130832,-0.382791081179376,-0.152147831648087,-0.114127208920971
-0.389898043524411,-0.0889635156201257,0.0879446255926816,0.124275334452387
-0.719575952560939,-0.24309362796286,0.0100384087121353,0.0930080846686382
-1.32225794293498,-1.02184869701639,-0.867874638655856,-0.848725317055303
-1.03750602494586,-0.578526762272368,-0.296955990397075,-0.187177288621723
-1.04343112786144,-0.362395641739484,0.0640634668193938,0.274835495016507
-1.46543673053055,-0.894309888551089,-0.543421426673335,-0.398906144402274
-1.50210181309415,-0.938736420717657,-0.609553552076104,-0.446594528369169
-1.03095270680476,-0.726635976205152,-0.568853375036279,-0.542116342006988
-1.3461100080646,-1.03542648466819,-0.861689615654066,-0.824870959900352
-1.03366827924525,-0.527136345153779,-0.185685633701591,-0.00961130381122952
-1.8008542971624,-1.49154201341326,-1.29571025734197,-1.20905684069749
-1.51726697173849,-0.681688353945911,-0.284832811491631,-0.200177620659714
-1.04175386019655,-0.446344167021777,-0.113053448721215,0.0099391215086555
-0.640542246494351,0.119663383272276,0.477525261696659,0.552211509939494
-0.940957354074223,-0.347120851909182,0.0349651824563801,0.220848412096388
-1.64784142596573,-0.874121613608262,-0.415017514222904,-0.241316693323644
-0.517589573998374,-0.275879931237039,-0.120220614518871,-0.0575763678947772
-1.78769477977093,-1.23547600951284,-0.848216801252455,-0.631207484191606
-2.0911174293913,-1.26345725598012,-0.69678134407308,-0.386618132653793
-1.94809349729045,-1.32926296808723,-0.901569037945333,-0.663214829056411
-1.02450472407962,-0.78844730236802,-0.628804373305348,-0.547093611005203
-1.05814866487136,-0.760576601087967,-0.536660456277728,-0.387524013614373
-2.27559468889817,-1.99613284782104,-1.80779741130199,-1.72513045129644
-1.62220416080692,-1.12994070539514,-0.830897405592258,-0.715016006489432
-1.44959913934034,-0.465139456183774,0.118488600735434,0.381824262520785
-0.916571359830582,-0.344020838126772,-0.054658446295901,0.00100314675439472
-0.593859567525828,-0.328137355805193,-0.181638943012992,-0.159541750093598
-0.597114201072483,-0.219472861986294,-0.0174466614617768,0.0469843566202172
-1.77903314441703,-1.01509202234715,-0.5731795229933,-0.374393869269943
-1.8830752692657,-1.45032185830018,-1.2020234618503,-1.11084257384463
-0.456170063009434,-0.00538088509144964,0.217371149591808,0.229967994982336
-0.775209549136108,-0.171416905291374,0.189560991162061,0.313666358752302
-0.79101044989811,-0.257787209572939,0.027312447154166,0.110411698999011
-1.25051921069895,-0.886690499177543,-0.689812658048164,-0.647239172297849
-1.80778948142814,-1.14556399147229,-0.69084903169571,-0.412653568615863
-1.02445986596085,-0.711008923900604,-0.537383711954877,-0.499797580727595
-1.38016554947383,-0.888739088961485,-0.570289384964383,-0.42952233601645
-0.48269042019961,-0.0436732059031938,0.199839153965,0.274001297670908
-0.911650161623302,-0.448079769334033,-0.132859613644073,0.0236419409419471
-1.65359318155457,-0.944408912653118,-0.528717255576841,-0.328145048010942
-1.18219095671219,-0.607200943768916,-0.271344642274658,-0.137386908292152
-1.27451412567135,-0.910878437291364,-0.735377621469891,-0.710756116640243
-0.705740171811215,-0.613011957168574,-0.612236696617274,-0.717662771429404
-0.900008559115803,-0.596397513034597,-0.442754829060854,-0.417136619564852
-0.650015814930756,-0.237891435442218,0.0134607750118895,0.103133069494965
-1.58900173368928,-1.24787610596813,-1.05563612309918,-0.983395616574214
-1.04234625074399,-0.756080179643285,-0.552435180401234,-0.442553946298033
-0.725967568552627,-0.111179287775436,0.240021957471303,0.367300427358425
-1.25438479400697,-0.966637748167347,-0.822757979827399,-0.815294411702146
-1.01679026163259,-0.454977264496255,-0.149227169666256,-0.053916406937448
-1.35514471819911,-0.782394356496952,-0.463293161849316,-0.337997071071524
-1.43091256148324,-0.903871177956221,-0.622246668346378,-0.553862179593759
-0.503356139684404,0.0382064320465271,0.324150422823863,0.404468090909737
-0.951636131219138,-0.591992925955899,-0.374718571239535,-0.304608807471272
-1.21818442309645,-0.770828891687456,-0.558745100268567,-0.503058817774172
-2.38323837559427,-1.6056154913823,-1.08144520597493,-0.770955492610982
-1.35632878321402,-0.956541416594988,-0.685585879847596,-0.529532397308543
-0.427775581396051,-0.0365372168162724,0.206811585082427,0.294473728582466
-1.94096230970569,-1.31076181472936,-0.935699608225194,-0.773262936615703
-1.33204139187767,-0.993001812639556,-0.774567247897831,-0.673331436470994
-0.00824852956930384,0.231506232867977,0.366130874849522,0.390960285607529
-0.976632513934612,-0.288764815451446,0.103674765892994,0.253031849587453
-1.63809133680396,-1.00136931184812,-0.675703496395418,-0.531872582664479
-0.953617607463197,-0.414231371692021,-0.0903254539324198,0.0468076976977381
-1.03361374569696,-0.519281550617384,-0.203330091740639,-0.0704875476428734
-0.852189988122674,-0.357305922156163,-0.0764211155034224,0.0392078799206175
-0.900159154555443,-0.520893675822449,-0.317489034348713,-0.270854836000293
-0.998600981378898,-0.70682478143168,-0.5546868044382,-0.539641932721558
-0.469140119260611,-0.361023080340266,-0.35698483671651,-0.460018821912231
-1.7299422665022,-1.08879840740137,-0.67522872024951,-0.471633032571524
-1.7986503781817,-1.45079791344041,-1.25491940571894,-1.19918595615792
-1.67810452817075,-1.14530804396201,-0.802049730591747,-0.633826661434223
-1.0048987915322,-0.403948374179778,0.0129497036932282,0.234351500345094
-0.0312946787195353,0.475063748686338,0.796596280260712,0.924011556805346
-1.72661251093547,-0.999698664252863,-0.540691149123541,-0.320301299010079
-1.02798190712352,-0.363225324112255,0.0592028656053139,0.274523356439235
-0.196345066951953,0.178796233086014,0.413965756912519,0.492108206048779
-0.91607526004624,-0.415330501805128,-0.070048506635284,0.121465034834567
-1.24947535425136,-0.630557169089888,-0.256655427178961,-0.0970563693897993
-1.35046496950911,-0.83742235598872,-0.574781510100881,-0.505168253679284
-1.40587084234733,-0.990523212516778,-0.754908922021923,-0.676794169440572
-1.34617987949317,-1.16809771610459,-1.04921855515057,-0.980875674008847
-1.39783798594032,-0.801628573712579,-0.397898379379731,-0.192901567309543
-2.01015003341985,-1.44835852133637,-1.14185842860855,-1.0566762133321
-0.891097831799311,-0.183444770374053,0.22060196691043,0.360922966000867
-1.05801666071489,-0.850484939924517,-0.750576031870653,-0.756497513635795
-1.179204819918,-0.633679495982992,-0.277319292223406,-0.0914664722044888
-1.17812735705446,-0.587327741521652,-0.201403569774191,-0.0226310445764478
-0.802001383107233,-0.398303295779164,-0.195958989194242,-0.15863566503181
-1.6214695582106,-0.987140333818608,-0.641036941142822,-0.50203764701072
-0.634307157882106,-0.201979483539548,0.070301314049767,0.192561796718049
-0.432892000739749,0.163004342852955,0.494473594352805,0.60106228048038
-0.539273226361703,-0.439146046556729,-0.402583949032342,-0.443526671171189
-0.816327004710579,-0.197010153314913,0.177860026676921,0.33919025914862
-1.84855495717102,-1.67450011965915,-1.5729580250796,-1.53594934363765
-0.979717542537272,-0.457758082012276,-0.203506052216462,-0.167725436250319
-0.65861478332178,-0.334604937807391,-0.19248029225263,-0.200298365236453
-2.04455619878443,-1.61198697621975,-1.28555979050461,-1.07604514138113
-0.603131835851301,-0.0784783686966795,0.231613330413074,0.330369379099273
-2.01292270900335,-1.3438923438441,-0.880553244987234,-0.616167074958005
-1.38811031118638,-0.626017721240909,-0.266118156676194,-0.17736392830931
-1.08181803901827,-0.777961128604537,-0.590344608124984,-0.528217595341255
-0.199227956837284,0.00779299230163505,0.0970458841673973,0.0498551132931637
-0.451596166607367,-0.204943253736636,-0.103403582444822,-0.144204229393684
-1.34177523047034,-0.566486442997731,-0.0745885092510943,0.165585937410013
-1.13070423039039,-0.610968284211105,-0.310139402466717,-0.196534706350072
-0.645373728418381,-0.17116201179763,0.126731762206995,0.25890106890151
-0.74215427909114,-0.384326401131583,-0.242603710104969,-0.237169929953694
-1.18409273682519,-0.793985566406958,-0.546618095409356,-0.450636089817151
-0.756387159548085,-0.400442309154945,-0.180477850458952,-0.0901721213385258
-1.11734668433416,-0.379979375420572,-0.0273069539640733,0.0633608209776159
-1.26094742242178,-0.746747406803475,-0.451818519672769,-0.328392627294147
-0.728243896443384,-0.198875689000939,0.130234995719377,0.257536117454748
-0.636937598878353,-0.286797935152283,-0.103843695013063,-0.0581912067168256
-0.0900603375945943,0.276634278502549,0.427464676255153,0.386055144671852
-1.46944750270801,-0.814467359011414,-0.424047920029261,-0.250249253109076
-1.54381314218875,-0.912089263664988,-0.465384694577698,-0.198833021759026
-1.28849151632133,-0.803477963093148,-0.51805572107952,-0.40616962009426
-0.728992639440975,0.0849353711787341,0.462076285670999,0.542449764092624
-1.08897756080839,-0.695639371004686,-0.427832820790348,-0.274557057636799
-2.1384510248425,-1.54512737347153,-1.21847704177104,-1.10167254226016
-1.25086220188599,-0.672353140028353,-0.316637191769592,-0.147036320432289
-1.23363367280986,-0.486184813888946,-0.0537035151873839,0.148603412689019
-0.764585255534906,-0.613165484015199,-0.526995545357989,-0.526477904286761
-0.482841164675782,0.119257632685114,0.421462333828537,0.487776837315364
-1.25263786846056,-0.892416958518698,-0.679620742360522,-0.607929779536691
-1.15477092047712,-0.561084407376554,-0.235676476015093,-0.117186458037933
-2.09297134766978,-1.27047763204609,-0.755860913785392,-0.507631190033695
-0.964545625536017,-0.523275305429891,-0.244066868966375,-0.11874639309027
-1.3701980047976,-0.809239686130226,-0.421723257838714,-0.205544039313679
-0.826988008020058,-0.583700021102652,-0.473716999876514,-0.47510035431752
-0.980586996173146,-0.720086263676095,-0.578512045433986,-0.557682752413961
-1.13899394585813,-0.772841987603098,-0.551749195259524,-0.474111110029996
-1.88944580455965,-1.24294547799443,-0.843705650883932,-0.666717797495407
-1.60824820163355,-0.832066290971954,-0.348537067093884,-0.10854586170302
-0.202050100117054,0.113716462196618,0.283765524131019,0.308462853953598
-1.26745987665288,-0.64351802168689,-0.181629882237174,0.109251322562502
-1.68995367065576,-1.13834803566273,-0.750608956302765,-0.525608912907147
-1.73850744527811,-0.947876321040852,-0.462227054674495,-0.228851189258451
-1.26632307399031,-0.802426753910206,-0.507569473448434,-0.378025982938368
-1.04633614278851,-0.453423749381217,-0.120943893816181,0.024989925335983
-2.59938839196092,-2.08284141712239,-1.72184710674212,-1.51191143383073
-0.90350293973549,-0.455262708060092,-0.278710326566913,-0.283732795677411
-1.14267124703921,-0.442934227385115,-0.0571053356689737,0.0743957309209294
-0.988562022461762,-0.80092377919343,-0.689648575232734,-0.664564161249708
-0.610588993808586,-0.0667937158072541,0.215953262240405,0.289983590913313
-1.31828148215753,-0.582630461803706,-0.135623968016682,0.0561365404060349
-1.94437394999786,-1.41743135789038,-1.07804458542999,-0.915174869384578
-0.762109658167536,-0.216781871175412,0.117319873639244,0.264126762334814
-2.23978730166318,-1.73677529260006,-1.41063748765706,-1.24295260087363
-1.78478002019174,-1.31236782729184,-1.01448457197116,-0.870699620230639
-2.83857185808207,-2.32022812048295,-1.97061006191986,-1.77546142082783
-1.26170865123218,-0.900175306306939,-0.654685696209633,-0.523772511264583
-1.14429048065461,-0.483758647026629,-0.15208784982692,-0.0714426100563068
-1.2548899383274,-0.712492342045394,-0.454683707409611,-0.412896550184646
-1.43388260600709,-1.21390125579466,-1.08182136001947,-1.03906703883902
-1.27262012371298,-0.700621880864395,-0.351724318876038,-0.209032200336817
-1.2498512551565,-0.635477174667142,-0.284687905830464,-0.158015922993059
-1.42263979441841,-0.813311075043308,-0.389937594507246,-0.149538854878442
-1.31438424498484,-0.935370474917577,-0.746838140755372,-0.706759830890465
-1.72066595606943,-1.11709931946306,-0.743301109427014,-0.584359567430316
-1.15551624355603,-0.538768433221105,-0.168936342403916,-0.0271318527215912
-1.78958490433586,-1.43549335063161,-1.20468773793225,-1.08824628893751
-1.09125246825425,-0.724095834626949,-0.508331967169252,-0.421747417359517
-1.26539488536878,-0.901085350963256,-0.711479100620045,-0.690305891619908
-0.553499443019468,-0.0603550256372339,0.273690301305081,0.427876008859979
-1.10614472599898,-0.831347798537992,-0.636385270949923,-0.536563057386515
-1.85453364623477,-1.4244155028931,-1.11654809281737,-0.932438903987893
-0.485550499878638,-0.100547996542695,0.119201317650078,0.178265713224403
-0.935491664272364,-0.681059298529107,-0.54513246571038,-0.523714437618599
-1.09834722536614,-0.506220253328498,-0.133962059364628,0.0250171839401883
-1.49505719763765,-1.11923361243085,-0.934083987306221,-0.919502401678182
-1.60031233403142,-1.17830817326872,-0.905464359028445,-0.773803189858465
-1.16266000647899,-0.33220963678589,0.20754832657631,0.487285422999019
-1.33759954869215,-1.10404748779685,-0.987791561413824,-0.987626476235573
-0.823987887761235,-0.353841914944909,-0.054448243924036,0.0679619216464983
-0.962699962586458,-0.198822848772805,0.249409473243602,0.420307587765822
-2.4561940783746,-1.65756157712083,-1.04837083257054,-0.635969212213971
-1.10306268259994,-0.657979107850773,-0.362066471945599,-0.210434922713272
-1.1232719976171,-0.531448197782599,-0.226333488200385,-0.14959935884624
-1.70914046880037,-1.28683802777406,-0.994176837720061,-0.847500070737199
-1.01553391657761,-0.46109105970933,-0.123232069793042,0.0234681618303324
-0.690602213248525,-0.255208178067195,-0.0437497207205617,-0.0287749352810813
-2.38454641912351,-1.6325645112871,-1.0946319372533,-0.74543269462004
-1.67264186369925,-0.931675949039706,-0.468803389854618,-0.235596995146984
-0.670638091887551,-0.266785459985281,-0.036265333736812,0.0286303407993787
-0.98629343937099,-0.718819949658754,-0.555165470940048,-0.495448828208852
-0.927903993796887,-0.471203737215868,-0.202742972234327,-0.100237048617207
-1.75573940307194,-0.815493209342193,-0.234961594191079,0.0466722750646982
-0.756550157808318,-0.279554799146021,-0.0770300887856961,-0.0802257598146515
-1.33759954869215,-1.10404748779685,-0.987791561413824,-0.987626476235573
-0.700723936059092,-0.13504717021322,0.167465061623706,0.259484812893336
-1.29258491018584,-0.669847647238809,-0.265338723947383,-0.0328577065875303
-1.01666337809688,-0.556683194554361,-0.337450903372226,-0.339208691259942
-1.16332705049999,-0.748208705549317,-0.481272790634709,-0.360415047087967
-1.41180950929133,-0.884102040537529,-0.533090299808186,-0.354545294296736
-2.33376084807631,-1.675427510711,-1.20265292032465,-0.91313626800651
-1.593101435093,-0.988597305575825,-0.634843123127215,-0.503531295903141
-1.01081026906321,-0.544865476865339,-0.237423436340118,-0.0946012819908169
-1.03503103193894,-0.907958876209523,-0.832958870288507,-0.828752108852814
-0.796459037397075,-0.453425861154498,-0.284117270096577,-0.268483013849363
-1.58101284835352,-0.753543033188983,-0.228689434540261,0.0308617735713677
-0.754976622899294,-0.289157225955362,-0.024163872025492,0.038141707765239
-1.8276641997436,-1.40796835571623,-1.07979580206663,-0.842358616061623
-1.3599456986664,-0.840401842310284,-0.548012078739469,-0.44427547700422
-1.29731952865255,-1.02828726838653,-0.853136897152495,-0.768821848002782
-0.550438548555582,-0.39498685064308,-0.312305284397802,-0.32516974977057
-1.70259059805642,-1.17608026312201,-0.920890169801358,-0.864038064324547
-1.27385001204499,-0.702776771680299,-0.361954570441983,-0.216256750257354
-0.919876123531603,-0.484971961257393,-0.180672373866614,-0.0249087576093859
-1.49496405768813,-1.14329193793314,-0.928588303255289,-0.846725500695769
-0.888706268604672,-0.466014098087694,-0.210116864151188,-0.113318413475062
-1.2744922668289,-0.510936336340292,-0.0611487782865019,0.144701229117719
-0.668403489969209,-0.429367537556309,-0.299349636487686,-0.272904012596469
-1.57127106381017,-0.901943178445863,-0.540053522080944,-0.398471476104497
-1.78570422754411,-1.14765129422428,-0.805754207097532,-0.679615951332538
-1.25407523695376,-0.706032936779933,-0.318132660609638,-0.0923117917164503
-1.82442596515697,-1.10492192530389,-0.568240443129495,-0.225300782113851
-1.57217568592707,-0.766456163774647,-0.304092337810466,-0.111250729154142
-0.963824666217353,-0.526203922099695,-0.29132046795736,-0.207878605100383
-0.691783352206025,-0.221747689804358,0.0475353033629304,0.146861010289291
-1.68539078760857,-1.27254888568604,-0.99844421046942,-0.871798110011132
-1.08005226956206,-0.685673517097294,-0.513870866450347,-0.515596355383976
-1.64755641727847,-1.17808209615484,-0.877785115467623,-0.750997481028452
-1.33963714585081,-0.486774686011375,-0.0127472824702542,0.161223359977964
-1.40296944538721,-0.980579402574884,-0.695923679654951,-0.542016379562792
-1.35338368781804,-0.802773690557767,-0.470380183105827,-0.33338541447998
-0.766424145228721,-0.375409261654097,-0.188536517005713,-0.191710290724766
-1.14456364006627,-0.545345404429826,-0.126679818974457,0.109917836324137
-1.80648929169399,-1.13242008080954,-0.701992859293173,-0.480660561686165
-1.43451700680601,-0.941528978644597,-0.617063415906462,-0.457283702294418
-0.754353538086257,-0.530188487913529,-0.433887157054562,-0.448680858146003
-2.31917572280029,-1.6131037763123,-1.08123473952163,-0.732125049481069
-1.21869015191787,-0.60453176775499,-0.167784262473529,0.0833772812725706
-1.37704656532412,-0.845688398230029,-0.499007288602926,-0.311029897769222
-0.920978048030004,-0.762432751438413,-0.70832224210368,-0.760289823339972
-1.43898691760632,-0.998789033762477,-0.725405216864403,-0.5969178835298
-0.913713581709411,-0.500134526908712,-0.244669431798219,-0.131576620760464
-1.82102799864303,-1.31428333178304,-0.920410520772433,-0.644086854303791
-1.23042340899381,-0.460144099747802,0.0183129935847191,0.236828853162724
-1.13014206534404,-0.675036731607665,-0.387586952254689,-0.25803579231095
-1.30193412459299,-0.702358530470235,-0.337290033837966,-0.170305596384198
-0.302784646873301,0.223734607630982,0.546522150561749,0.669658650867058
-1.24537892096687,-0.656964856842655,-0.303712364378945,-0.153589699827015
-1.68336751727381,-1.10601368065239,-0.760887672308967,-0.619419471018577
-0.9156699416812,-0.611673914579234,-0.438687395845267,-0.382912169088963
-1.6886867508824,-1.40300567146867,-1.23438561435973,-1.20525752698119
-0.543594979980696,-0.180330817888925,0.0637470712107559,0.185083008116293
-0.462274142365843,0.159508436407867,0.448956568205901,0.507541851320345
-1.82574430390014,-1.34976589305822,-1.03711263152898,-0.897437375817292
-1.43670768077184,-0.955121447712018,-0.677307460146985,-0.582467595149208
-1.25840573733219,-0.916342409412256,-0.720311495776539,-0.654942179241678
-0.662555543182368,-0.436123751625538,-0.324173178755881,-0.328989060764978
-1.04451611241736,-0.496048335799272,-0.221222885342458,-0.159040604454302
-1.15687693374443,-0.836398440994568,-0.642630175153617,-0.57152620582905
-0.771209382514736,-0.511915437305168,-0.362169315501586,-0.319965359406549
-1.14538847163094,-0.570264770968039,-0.261292446963683,-0.15677594579676
-1.80306382626704,-1.11433176621149,-0.676103146780276,-0.488552881797914
-1.21184169329845,-0.773506897446665,-0.46220857589281,-0.284931651546642
-0.884863525431374,-0.450980137672747,-0.2496474112438,-0.231633168783079
-0.652886635599175,-0.290667420474771,-0.0536554458745271,0.0520457569455898
-1.00452408354451,-0.473961158215064,-0.159135533132273,-0.0485190318561003
-0.650384240314143,-0.266463492533887,-0.0445419048328,0.0358975191935987
-1.08413745854655,-0.447223876696077,-0.0762236486596003,0.058113557347364
-1.26182851429663,-0.53472676600109,-0.0290056540925766,0.232619284132965
-1.11696085044907,-0.509314955842612,-0.200883054497029,-0.109130281275644
-1.47095419326702,-1.03415948037743,-0.717831721935538,-0.540096433363638
-0.992662331240447,-0.770278355977553,-0.653952074646732,-0.643166334342157
-1.19971800002586,-0.620168200328715,-0.229150003899502,-0.0189170876128719
-1.26756669649722,-0.745279403597268,-0.454156056940967,-0.369248975762121
-0.542242644009401,0.142576915101203,0.588468487828849,0.786188356373853
-0.360470584797418,0.230807882232627,0.63133964110144,0.835080032032868
-1.08467375210786,-0.381582174940024,-0.00265908654675664,0.150784831115046
-0.504295933159187,-0.806328164154502,-0.961121502015786,-1.07114710731473
-0.614552580516784,-0.170214363293115,0.022528105708754,0.0306438303957559
-0.863207931395296,-0.273036823972202,0.0445926809698099,0.135612325546423
-1.40497878533008,-1.07187468306362,-0.85737221664038,-0.760739509671342
-1.1077696802075,-0.586501368817937,-0.246213398134833,-0.0805658603512622
-1.33923425572441,-0.973685887677,-0.748222783407842,-0.649488013120602
-1.25472728588567,-0.443561075233803,-0.0102567006458287,0.151585127843198
-1.06924565317541,-0.214095073403893,0.191656161948045,0.314832902975837
-2.04246263560607,-1.32747925685678,-0.829059172603154,-0.53858876885299
-0.991794706691765,-0.438218724516337,-0.111569781919685,0.0110258370496359
-1.07795791378476,-0.564525930727534,-0.252815341308517,-0.118721605605445
-1.45269054315811,-0.835704413093023,-0.49224642183608,-0.367824352217546
-0.941250217404624,-0.363482482283096,-0.0987444258296972,-0.0798979642209938
-1.07096066669735,-0.283415539663649,0.170354098384379,0.386896144254582
-0.705642477711628,-0.235232134805465,0.079871218061214,0.223878269145375
-1.03419521844881,-0.511955997240467,-0.261273119418362,-0.228840751332906
-1.28560847394609,-0.925993084534156,-0.7386418170153,-0.69606486656836
-1.62741252855169,-1.09599578607484,-0.79698579886448,-0.698307082464242
-0.679771179140077,-0.359613088270032,-0.168771443564537,-0.104366763027028
-1.37982367800492,-0.709927660121405,-0.337567184152193,-0.182792602955234
-0.840876538555314,-0.22365046446214,0.127967561038416,0.258515695147358
-0.94185745861227,-0.294421930378497,0.124932833895413,0.311845879999721
-0.438351615266834,-0.0201022605922166,0.207388042904314,0.264270908354023
-1.47472857228252,-0.97110391668859,-0.653820282371292,-0.50890067505497
-0.834759948441898,-0.261272230879657,0.132196893665653,0.340736519809985
-0.812757077698565,-0.294642142645113,0.0362761538987707,0.167772734748596
-0.738249823984568,-0.363708729316114,-0.186602120777846,-0.19842841108497
-1.59425371987442,-1.1775534814667,-0.909542835246408,-0.767291025221993
-1.69288305430797,-1.08739013795162,-0.769429775589798,-0.671980359180819
-0.689835473157908,-0.128566429928117,0.188978146539846,0.283901180122712
-1.58063686267428,-0.941378118937743,-0.579161177567535,-0.438280770211263
-0.718584907689756,-0.240247440055049,0.0651863901411514,0.18862885598553
-1.05074588536843,-0.564724600569315,-0.301673066472419,-0.241143102661761
-1.03888282777065,-0.719394096988676,-0.487466816918181,-0.342401300299964
-0.535752381748801,-0.107093975872593,0.152247164305922,0.23479471830552
-1.13209198022903,-0.562103286099794,-0.262264539716502,-0.179911279843842
-0.462690161905443,-0.47145302342137,-0.460424527219371,-0.473166333929966
-1.42303564787624,-0.786579898366682,-0.444647890223676,-0.29852599396736
-1.61300132779648,-1.01237169862379,-0.62618595945762,-0.425672294896412
-0.899590703434321,-0.253060797906913,0.144492135529065,0.307616588428723
-0.725155973442209,-0.307760422221312,-0.0751367783020087,-0.00894145187725831
-1.65297163247643,-1.04291708932352,-0.683728903386678,-0.542242389662988
-1.00068113958246,-0.463337240888217,-0.120422859230076,0.0349448699659603
-0.981971473826724,-0.407255825830327,-0.107952365339521,-0.0385244484376962
-1.97026697935916,-1.14551401410259,-0.643724491843191,-0.422331073557591
-0.739520447464068,-0.311489425776861,-0.0967830977334668,-0.03944163814144
-1.51582539249919,-1.00078859784682,-0.649616113391847,-0.451681267737875
-0.946664246220328,-0.510123936089827,-0.292771655687732,-0.231012775490624
-1.37364416724748,-0.919844854981741,-0.714881933016604,-0.694351823682341
-0.578402021584035,-0.554858307834652,-0.568815566018328,-0.63554045908942
-1.59836736356837,-0.965664776103796,-0.591322298279008,-0.457515427277323
-1.74599512378364,-1.13040895076766,-0.76592415426703,-0.623129456550668
-1.04706484619248,-0.691062162272485,-0.448299155662662,-0.313318292761362
-0.850620026871798,-0.179037657684154,0.181441913063039,0.295333519088004
-0.895899763186759,-0.250127784097093,0.131051496801291,0.268931276562906
-1.43841844742066,-0.66526146280753,-0.198403481265096,0.00229975013118872
-0.986995508588795,-0.414165031496396,-0.129532130741689,-0.0385091539481364
-1.78721985972666,-1.38730355834191,-1.08652555487959,-0.875237817035388
-1.21228734853145,-0.562004194617136,-0.18198588932142,-0.0423831805861776
-1.21509637053123,-0.709980330831185,-0.401936402961959,-0.261599269023422
-0.864355077908998,-0.145947020626316,0.310215349310222,0.538646822435785
-0.596981127090474,-0.258950465946596,-0.0950272982775811,-0.085879851198623
-1.77757060385436,-1.03429863094162,-0.500166433072375,-0.175784383616209
-1.03618685057102,-0.616490443196189,-0.36920407686582,-0.289223306306799
-1.07193107391686,-0.586140562208814,-0.346181602272878,-0.303091268203575
-1.6519935624702,-1.10899343666837,-0.79943392908146,-0.67182010661386
-1.48208891133064,-0.981340044575659,-0.631769787150227,-0.435163904240308
-0.87541423290893,-0.426718759259716,-0.122612128578341,0.0282050869941317
-0.407545596896988,-0.0302945342685095,0.231320746600595,0.372427749817348
-0.553592386879638,-0.268790574178879,-0.0980381735802072,-0.0469168133800727
-1.20634039969386,-0.817493066037272,-0.507464670802735,-0.280865610666415
-1.12678900410961,-0.78071673885244,-0.563441604860857,-0.461280516392096
-1.7380776853083,-1.37975512538926,-1.14344577457532,-1.02567728645271
-0.811785112276901,-0.528708185529289,-0.359124804727885,-0.305670287294754
-1.46333587973491,-0.855767422164261,-0.49567001476073,-0.35000705503789
-1.73939437348373,-1.23311962344193,-0.897097448140793,-0.722797585371214
-1.40914118121218,-1.01852105032988,-0.742112429756267,-0.582926031350779
-0.237992736851463,-0.161840767659506,-0.163057264169943,-0.243603134843828
-2.14650968532002,-1.60300445406223,-1.2393215562743,-1.06364986344638
-0.468252327170852,-0.147134475688157,0.0167893699380903,0.0531757790685672
-1.44688671519167,-1.08537290191682,-0.938109256751373,-0.925737230926357
-0.996637316581722,-0.737423244781728,-0.568342176712533,-0.49359796431175
-1.79297806759598,-1.17070877545728,-0.772377953677855,-0.575794153079645
-2.35079566696597,-1.79211557222019,-1.4467324482706,-1.30896343600239
-1.54549123796983,-0.887468846912973,-0.488537995762758,-0.289177016739792
-1.31885270412138,-0.735679700036683,-0.368115460528918,-0.175989911116752
-1.68680400832851,-0.854470284366793,-0.386038866620514,-0.220425731036691
-1.128206431859,-0.71624894287261,-0.464574885483386,-0.366660127433819
-1.47308785085486,-1.01235348991566,-0.709809778863561,-0.578908876009313
-1.29618351355077,-0.854788344405363,-0.58379700413258,-0.468337429956654
-1.29947205204302,-0.682373995393699,-0.32441281613486,-0.200040727631834
-0.499510634277398,-0.145417441691271,0.0668976848850553,0.137815421273248
-1.49879442457994,-0.950020163216229,-0.578063195634558,-0.377769697072788
-0.660870043560271,-0.220975849288838,-0.0841624301099145,-0.127590302247751
-0.935880562736637,-0.56762330601754,-0.355769399996068,-0.301182832681135
-1.03619997182111,-0.290262799295124,0.167050076969329,0.358015392746223
-1.44823235136826,-0.866386125968605,-0.509376548392194,-0.361498291984062
-1.25358345312015,-0.565037366281757,-0.146029113366175,0.0525122462157853
-1.80001422272686,-1.43426195279335,-1.17005012078959,-1.00510606974006
-1.82465790891986,-1.33839275419149,-1.02122636238763,-0.863638520752827
-1.00997493137534,-0.486265523884408,-0.193949288098677,-0.101767513175235
-0.982950470320908,-0.293594182656958,0.108676060373262,0.278504702929449
-0.980128029647084,-0.490672954107437,-0.201827189452466,-0.103917627669138
-0.656078283638425,-0.120423165805411,0.223845401481174,0.379520579459226
-1.1468718981131,-0.468282507652179,-0.0895032635115032,0.0669875946599484
-0.748907558232451,-0.556618226480944,-0.457751422674396,-0.451115472413758
-1.04873585774773,-0.600901666368302,-0.346587478172143,-0.28084514338099
-1.02242122939559,-0.470142511969691,-0.179351413310151,-0.117626693447577
-1.16832298849738,-0.614107919668571,-0.288319167518356,-0.155542053551931
-0.937672354701715,-0.408418591486342,-0.128992520288387,-0.0660898397491443
-1.01089395531032,-0.638574839223535,-0.420168678927227,-0.354047454209324
-1.1451574348704,-0.781427260150743,-0.592620398229561,-0.546387169245534
-1.12552926691323,-0.609669684567388,-0.339019273894901,-0.292433449747402
-0.843319978518806,-0.519045851902764,-0.312269496005463,-0.232369548485263
0.0226541687500122,0.135332151382437,0.180049626239359,0.122828642039101
-1.75063862163297,-1.25543954336304,-0.935822649153111,-0.781683359012789
-1.47931916290266,-0.876542922422485,-0.467624633673196,-0.241679815236541
-1.50551599931216,-1.07400057738244,-0.873687473344784,-0.843914072728793
-0.501440961461397,-0.00291564634989534,0.346592570173837,0.520706022049948
-1.32163559049275,-0.712920835271096,-0.346505448771703,-0.169963220271032
-1.35186076059999,-1.02389458826649,-0.816516090211087,-0.722961344651022
-0.980820443291014,-0.278618264073871,0.245669753083987,0.565934624452718
-1.48557919791928,-1.40783238103331,-1.42085361520208,-1.52742207754074
-2.19417298718576,-1.59679719234052,-1.25762923734662,-1.13963736878316
-0.642515878323909,-0.268559983552963,-0.0335023762907282,0.0571383050976684
-1.19984191657095,-1.07393522549457,-1.0247421230079,-1.05138510198003
-0.818232087593881,-0.43644868881436,-0.182422366216275,-0.0553003486747216
-0.232219284161998,0.114251755402041,0.268188334474521,0.232394281533483
-0.577875011380283,-0.363990059672704,-0.246868002868276,-0.237758107683607
-1.57236348103747,-1.24122598722005,-1.04959156444165,-0.987180814071344
-1.14339727700227,-0.242310707593838,0.217582808316797,0.373753187339363
-1.32316045516733,-0.992233388545433,-0.78532556337603,-0.701087814822655
-1.1244079477822,-0.727901839939961,-0.506037773680703,-0.445029953120955
-1.57208134065497,-0.858737136751952,-0.462795823647939,-0.291014970502563
-1.69157944331343,-0.901765832257561,-0.495754142750689,-0.347110489983635
-0.5663929531107,-0.432692180174039,-0.35072201504238,-0.339156124695889
-1.42440484653864,-0.757510782364579,-0.352745804397121,-0.163615886432904
-1.55012308565153,-0.990578685237928,-0.670143572177175,-0.553452164521835
-1.15414097270511,-0.615225941306174,-0.290297289396695,-0.158966622772103
-0.842680943536845,-0.337641436350669,-0.0635252623283527,0.0238293454245443
-1.18912477648542,-0.451906533749842,0.0147674741923657,0.249869178078585
-1.69221400544865,-0.993074320185055,-0.561027975400202,-0.322332839277517
-1.08859480669381,-0.633176893846233,-0.397978129186288,-0.306006759628081
-1.56610099054879,-0.812242911924564,-0.342708936593167,-0.0951101139790194
-1.31669207255517,-0.804788577620992,-0.552499007154832,-0.486119794591541
-1.74137303796174,-0.996816225606651,-0.551921930696539,-0.341101341506155
-1.80555318064476,-1.17667344820312,-0.770936398321783,-0.548199286802963
-1.32843443210037,-0.722442046523973,-0.300576587612632,-0.0787392009742376
-0.824677041480052,-0.520868452477874,-0.35175092568813,-0.315703745489192
-0.900719481113381,-0.632983781055282,-0.492883939972083,-0.484916493763786
-0.341169090822229,0.085350087677209,0.311665298974941,0.35674313613359
-1.18309947271331,-0.574418931275088,-0.240307546988638,-0.135462767079251
-1.14788397608768,-0.498993213925197,-0.179233015414043,-0.105295705349902
-2.00186749432626,-1.36642377765113,-0.894870327290059,-0.583836561519849
-1.85384959993833,-1.33822544925141,-1.04672207930246,-0.939604753397593
-1.4980188162311,-0.747398908751049,-0.232980389714615,0.0372266369571811
-1.50094868432133,-0.906738248127702,-0.587161856256792,-0.484254271276938
-0.71394194353167,-0.473977424756365,-0.328849842584395,-0.286613936007175
-0.626030506388297,-0.108837166063869,0.18867248313516,0.274675314240889
-1.94839458015089,-1.13841421918335,-0.599621976166059,-0.300013423475641
-0.961816275744232,-0.809188615690935,-0.753930295359485,-0.806594980473517
-1.23241906911284,-0.912476255564807,-0.756203509137711,-0.71567836995341
-0.512145164914443,-0.285041812368164,-0.169130688267823,-0.176024785217146
-1.06093679633181,-0.565609478305229,-0.275345616429948,-0.169128721506972
-0.592975206735561,-0.273306583364,-0.11433594052304,-0.0954669453203865
-1.01934728928538,-0.673903437218001,-0.482044735314268,-0.431874631286407
-1.62532495602156,-1.05128812287262,-0.685939242982121,-0.517350144738479
-1.502998939816,-0.861091627151928,-0.499092775314606,-0.339379864088263
-0.956595664046586,-0.587665369330054,-0.362438333621987,-0.264485442064279
-0.62175322255166,-0.185102271608984,0.0573322389351866,0.133254052438379
-0.413897086226254,-0.229203595994899,-0.118441482324055,-0.0976076277715927
-0.959761223861693,-0.4775418666266,-0.160135220185033,0.00519192962924891
-0.552463477916605,-0.369572627710188,-0.280637396321031,-0.296151077483316
-0.508319330597064,-0.253404039057027,-0.126872681543142,-0.118157863098783
-1.36948165553297,-0.927497104793121,-0.632853252779717,-0.481441642103932
-1.15800756736876,-0.58939780103743,-0.195798843906207,0.0187912013367424
-1.40837112253451,-0.917646140232776,-0.569645218247101,-0.37470117780453
-1.2893502921905,-0.848738376916054,-0.614318861266141,-0.566061888782059
-1.12011416353787,-0.683253001869412,-0.426695918902052,-0.326586325715997
-0.751377142406208,-0.268583873430317,0.0286308756905475,0.150176876918369
-1.54625208986452,-1.18686503044003,-0.941877339870994,-0.811490308700552
-1.16781851465322,-0.557079399906622,-0.22986538967139,-0.125307805735435
-3.06008850735496,-2.19723699224887,-1.63953523159417,-1.3347221188927
-1.18727402613356,-1.05754610763665,-1.01557120939685,-1.07692555844365
-1.47426490837468,-0.581327171563872,0.0141519858118303,0.335540994449714
-1.28983515616096,-0.942747491090219,-0.704501405393799,-0.550268047683962
-1.11019373777716,-0.553545804026808,-0.217929775626325,-0.0873189311282972
-0.761842252462391,-0.200427819635417,0.174488214794748,0.355938094641303
-1.1826977625394,-0.818101865266725,-0.603061163523113,-0.519359915023201
-1.38704340681349,-0.80425577140421,-0.456458626784603,-0.3103548162939
-0.312746380061931,0.139092101066291,0.407842499274291,0.509531819360442
-1.25789292466798,-0.595591876553925,-0.13359762039875,0.132881957549168
-1.49623137249107,-1.27209921589267,-1.13792106411808,-1.10367534702362
-0.820711975884672,-0.240264891704194,-0.0533749360918398,-0.0857965480689354
-1.01042583164594,-0.444248747233765,-0.0620447228859834,0.146070525119966
-1.08503508711985,-0.470143883872475,-0.0359705632617701,0.201401670277724
-1.56416314185544,-0.937543914319393,-0.503641579805117,-0.267919024510783
-1.00861418079335,-0.47055900113316,-0.0883255613447864,0.125557191967
-1.50030611386621,-0.868124887471209,-0.515599089117221,-0.401540910423286
-0.880247788114105,-0.547571930470706,-0.39690554505695,-0.382825569909946
-1.45281847166481,-1.00701676237354,-0.763035661439177,-0.674574392940933
-0.775180812356962,-0.306022526098861,-0.00645782534880586,0.109604877457466
-1.2820600502975,-0.653669503580885,-0.313549369232621,-0.224706841530818
-1.78411091009212,-1.15784299598496,-0.719258971224458,-0.47271414071867
-2.67775517375512,-1.96203844494589,-1.45167028782029,-1.11502839188402
-1.50734322018216,-0.830132998181522,-0.496994894052534,-0.377981634220537
-1.42104885904127,-0.647029668354235,-0.169662237598733,0.0452264701178187
-1.7375777170963,-1.22752666400494,-0.915393484360361,-0.770010770815214
-0.801082945507628,-0.247770696304639,-0.00779013277144622,-0.0148767859398437
-1.52986152285745,-1.02897615353131,-0.669876329505465,-0.45061109498233
-0.98664459491241,-0.604084733470078,-0.388639698196148,-0.334230981020975
-1.43525808440197,-1.19696541751808,-1.04151542995554,-0.968852455867309
-0.949013908601241,-0.354342494946866,-0.0552759892035305,0.0178792717572925
-0.665202110577442,-0.428200442660858,-0.306798466365846,-0.298240541002467
-0.846235217369604,-0.16876607221376,0.270699801751687,0.5018971013194
-1.51619099006101,-1.0419554851744,-0.708000846548599,-0.501074530678434
-0.595829884782951,-0.158379441368836,0.0839864866953215,0.143055152978861
-1.12875412398308,-0.764243451965625,-0.538069685864867,-0.444544528020167
-0.701365210643074,-0.315272005016764,-0.119794217644032,-0.0663910169411742
-1.25431701692143,-1.06894577919363,-0.936426002122608,-0.860030132679382
-1.21126712767387,-0.819965239007891,-0.568987191596759,-0.461337129609396
-1.68790732888041,-1.08904560775375,-0.709248481926699,-0.514297996336727
-1.69595977870593,-1.03529084226315,-0.627842170014081,-0.419365908642455
-1.52727570170919,-0.962639332942716,-0.612862452391412,-0.451612698026959
-0.592595771893334,-0.0969769396551087,0.186584669049154,0.299150736646265
-1.88920747483003,-1.20747767633535,-0.774371201821018,-0.568510622724109
-1.80512121947639,-1.09938352994721,-0.717456502620838,-0.596810092029013
-1.12249486378326,-0.559974485473852,-0.322951986595116,-0.325092810606954
-2.07433416701169,-1.41414991364633,-0.952314725498429,-0.678918638563789
-0.89529791080325,-0.275482838553794,0.117643836152287,0.282080669793093
-0.793804517599441,-0.169748671370824,0.175181264914475,0.314801690717437
-1.43326481223752,-0.926853620852744,-0.632443182573641,-0.501031703547931
-1.51799953818344,-0.931818280465818,-0.611316450174496,-0.479272678891622
-1.62549087301446,-1.28504939589283,-1.09536828914908,-1.04184945906195
-1.28297216398053,-1.08483529381674,-0.941810930115849,-0.862364231658197
-0.894126998833573,-0.460370040794667,-0.18831379292651,-0.0784557415180342
-1.57375120001299,-1.06050138602511,-0.770180394511714,-0.654631594365966
-1.12155948326295,-0.693029092760874,-0.435335183767326,-0.333099042659638
-0.752822199444876,-0.35496148099469,-0.134706200746168,-0.0889341458222292
-1.87590785023354,-1.3657967892391,-1.0515606648042,-0.898643186403191
-1.47635536142816,-1.06523784344395,-0.830187656776703,-0.755504304659388
-0.878774113913637,0.101773765281714,0.746388781163376,1.08842137774094
-0.0861703449421461,0.152332134244369,0.294870753290544,0.325853983422166
-0.924007369488718,-0.536751610913963,-0.326119038745212,-0.264434849220346
-1.33314313475545,-0.758581573233896,-0.414742446062101,-0.254667196837258
-1.06659628398106,-0.436146764125492,-0.154775497370465,-0.141205797855407
-0.786880204281814,-0.161959846926392,0.181843312216521,0.279175546439337
-1.50565281136451,-0.827130024983347,-0.357377691745607,-0.0945887593713433
-1.36693830712258,-0.694504247917434,-0.269160549098308,-0.0812062563453675
-0.736281915783715,-0.584199993177638,-0.458991685126692,-0.372191927603577
-1.39640079983611,-0.962325291919661,-0.684304066967973,-0.541750279304904
-1.3020478442362,-0.861253433181722,-0.570956352549916,-0.429121233063666
-1.80482765987753,-1.21131134541429,-0.791279323113755,-0.53821817063992
-2.77134790437059,-2.47245169650027,-2.245852555897,-2.08095099628314
-1.34043220426573,-0.991188346400446,-0.789967681175219,-0.712469883921756
-1.6763663364974,-1.25125323870525,-1.01085332484954,-0.935236921381298
-0.843466137784593,-0.273809811861001,0.0656379579274756,0.197360126041965
-1.46277025232753,-1.0293600069111,-0.759792444883918,-0.644224914579211
-0.949986741910651,-0.685624690016709,-0.522436699759905,-0.461983100214977
-1.46603967180166,-1.01870555924881,-0.79180897855943,-0.743296770523814
-1.5554922039409,-1.08801776039442,-0.759981398799054,-0.57781086061632
-0.848729749104737,-0.195907815741815,0.213147220584381,0.416538555481473
-0.833663886993552,-0.631525121681294,-0.511498812058266,-0.495890952105537
-2.19764150650044,-1.58034503889679,-1.16932661016106,-0.950381791264452
-1.84338972338117,-1.36884276224572,-1.08111981253751,-0.935766958719515
-1.16705289807808,-0.584545651984639,-0.278613795413569,-0.200455536401511
-1.06777592223503,-0.861058164280809,-0.740624105500902,-0.710512911938627
-1.52998586655665,-1.15300302336207,-0.947739968910123,-0.883048125595884
-0.477461693273324,-0.366513301678343,-0.337204750180665,-0.405968155901536
-1.43870734364604,-1.01896268885865,-0.711134521863934,-0.517870475860799
-1.60423956324179,-1.05175928839112,-0.71434074026155,-0.567928259191389
-2.33840814336501,-1.79225105245298,-1.41087541148363,-1.18450477406589
-1.44698045388363,-0.81887503333862,-0.470099661247854,-0.341850476070991
-0.899888071571357,-0.374743208479336,-0.0857601765218741,0.00232788665334754
-1.68866632544611,-1.05633454982813,-0.644375501025573,-0.43151081874229
-1.34688262437939,-0.885934320593182,-0.627709566701159,-0.545368039871706
-0.435356828435962,-0.0280505567957922,0.214263528868956,0.282015486429743
-0.986898242831479,-0.471946213059858,-0.131084914238304,0.056718298228126
-1.7242319935697,-1.18616490547248,-0.828232239107877,-0.626021589015245
-0.834832778638024,-0.687791750700916,-0.618470469580364,-0.634225223210433
-1.07477170284205,-0.851843860954995,-0.727661070906605,-0.709239561907656
-1.3514687691496,-0.718762789512974,-0.247671290954238,0.065614324230849
-0.453328775566263,0.081359810074466,0.28286376443679,0.248504475177535
-1.15815557471013,-0.617810541170508,-0.247139062845645,-0.0329084166210399
-0.952249505207413,-0.628397046417314,-0.465492908777275,-0.449010420762022
-1.43484258050683,-0.769391525734398,-0.362167707881442,-0.18033479482696
-1.75724644669354,-1.6596407971332,-1.60985835799058,-1.5983398645377
-0.649935003910282,-0.198423795810742,0.019057315975277,0.0277696347706083
-0.814624482156884,-0.558520804358039,-0.411994980288637,-0.377295256912182
-0.633276061896388,-0.310079361352816,-0.12543745048784,-0.0786877403630297
-1.60366537773685,-1.41748011843979,-1.34716520285784,-1.38875084167679
-1.06509064293313,-0.507107431156822,-0.195057638180748,-0.100384899794988
-1.21098509619485,-0.634794148741619,-0.329040007837053,-0.219906076007781
-0.467796492348916,-0.119588946577071,0.0764165696615707,0.128822101009891
-1.94437394999786,-1.41743135789038,-1.07804458542999,-0.915174869384578
-1.16002074733934,-0.495494493056739,-0.0317053687949964,0.230753595943136
-0.600982813012767,-0.212195368463482,-0.0408273875691047,-0.0446752780779242
-0.291632068787942,0.0457801124545901,0.259690304906748,0.333535960131315
-1.18496026651653,-0.811318366790061,-0.602319729257404,-0.533306947279588
-1.27048476618097,-0.835659869192272,-0.567112257060398,-0.469225184413554
-0.712921237262057,-0.436746484504814,-0.281073685450492,-0.259268423744272
-0.946460484858217,-0.508015840870131,-0.220523128110422,-0.0695448137455193
-1.36093477277403,-0.960526583940771,-0.664490663094918,-0.47506370809623
-1.66051239148785,-0.926941820404967,-0.430693185278593,-0.167339783830281
-1.40310851831242,-0.907396170429476,-0.618924293898122,-0.488381646928081
-1.66756288895555,-1.11066844839981,-0.753154215583761,-0.566422754327665
-1.25415470679718,-0.661992860316173,-0.303055061625563,-0.131773238797468
-1.96844633218781,-1.20257520896298,-0.7009470398516,-0.424524789210657
-1.45924282157524,-0.934153711832849,-0.56826580709156,-0.368704078854022
-0.897029983205298,-0.312819979112406,0.0714287919360163,0.243492284056732
-1.32032688971374,-0.846594581615264,-0.556787897597321,-0.444038428828058
-0.707492866761125,-0.304821564796413,-0.0486429386161603,0.0547387450054942
-0.854974677029198,-0.367467259765965,-0.113455027057835,-0.0617220399990244
-1.31184052445063,-0.842623695739969,-0.519133953989805,-0.337237517186539
-0.827106632433661,-0.00579223627094137,0.351360274846307,0.414418041302868
-1.2642271239214,-0.657544964500227,-0.333924181554379,-0.242196135958264
-0.562742541076909,-0.374690259632329,-0.300449429084131,-0.339899858124287
-1.06567248519231,-0.640118844638513,-0.432021219688111,-0.38030377645553
-0.599213188747138,-0.405130809957767,-0.332059790269499,-0.368557138048728
-2.07067851601386,-1.26762855776787,-0.728816715725374,-0.402802245860138
-0.820476646080941,-0.215517911611141,-0.0215234654056959,-0.059903810192119
-1.48690236349266,-0.791969141368735,-0.413747504441123,-0.2776233973913
-1.9111196935012,-1.24008759593653,-0.781935194307546,-0.537106167688966
-1.97774295736459,-1.51037867507709,-1.21873163716565,-1.07107230156302
-1.75667425397971,-1.01433716053423,-0.532495172524453,-0.270955141363964
-1.06060005911839,-0.228149302085421,0.249801506456069,0.449977978097168
-0.106209955936159,0.441393391829633,0.709038153424766,0.746303381486907
-1.22581332966957,-0.931088264793697,-0.728844898734964,-0.630954359779088
-1.71099588734469,-1.09422246274968,-0.713217480244128,-0.544742856747779
-0.846468600858747,-0.55694678023245,-0.404011777396845,-0.372700376390261
-0.63336961635565,-0.340555168546663,-0.17878183811235,-0.143322289328241
-1.80925811850198,-1.13765231498561,-0.691533074561878,-0.421735584591381
-0.673803797934438,-0.129995236007605,0.143397938747363,0.178484806214178
-1.5622041953776,-0.888506265526013,-0.459723577659106,-0.231155974139685
-0.990574729505426,-0.269817526045529,0.0615188732349366,0.125479008712547
-0.711574621685043,-0.336512386251279,-0.115499006576316,-0.0479301946394071
-1.05201834847104,-0.657850891773321,-0.4461473732735,-0.370376763088543
-0.966080776077062,-0.350456224568404,-0.0200056445949744,0.100624449929749
-1.13155504347977,-0.588696161083997,-0.284792543021603,-0.213297527668832
-1.50385476126549,-1.12035380545304,-0.883242678738492,-0.761903373692004
-1.56579183434589,-0.893101477111451,-0.474673311727905,-0.27383561211611
-1.23808279660723,-0.728985211776016,-0.434582362179165,-0.323522358968065
-0.736758112202959,-0.537666268165655,-0.451480479182195,-0.492139884893727
-0.487295590844649,-0.364690812964953,-0.29868131561033,-0.309108670662661
-1.00282060867885,-0.696095636473102,-0.57012495937051,-0.613087267595469
-0.2457019758147,0.373946758906321,0.791568205700336,0.991134894252741
-0.951241285059854,-0.301862140675286,0.110127383379855,0.314768071843737
-0.765471462466724,-0.178269527620376,0.0636945151886381,0.081161835553784
-1.28248835841383,-0.781810334276513,-0.444098745701647,-0.293544194915442
-1.3438160245605,-0.814138499778759,-0.453173806949437,-0.262229122171175
-0.932600764179134,-0.549198216380401,-0.285973603752886,-0.151892160738987
-1.50056079940173,-0.957792656220563,-0.557610802405902,-0.311037461563762
-0.123948124443971,0.261072174525601,0.494344971769008,0.552684680613297
-1.00096423907891,-0.624310599814729,-0.405750253289391,-0.337108893065058
-1.8108887915603,-0.797988234781967,-0.120736085872267,0.243222873469031
-0.971546889952907,-0.355668292897712,-0.00142220378771507,0.136346200337159
-2.48512496820545,-1.95398767542189,-1.54498716936559,-1.28603114128787
-1.85989182475329,-1.18979020306359,-0.786346169561649,-0.587726363885553
-1.57897796047367,-1.07101692841835,-0.748360650361522,-0.627877680676943
0.0100036238741548,0.217775042499762,0.316774802592617,0.291898148636677
-0.944500751019993,-0.482928615374988,-0.207810199967313,-0.0840965134563804
-1.28708934689424,-0.987177673160103,-0.845081979273004,-0.850479764450285
-0.974200700562443,-0.444568535456686,-0.154276684520942,-0.0772542548907927
-0.491153688837593,-0.110494847641568,0.135470358270794,0.23929139950787
-1.07914187943202,-0.617726330798867,-0.333613844706949,-0.229976749037583
-1.03546661145071,-0.502087060712176,-0.164138774820255,-0.0235408263157392
-0.704793556040983,-0.596022476583408,-0.54895774886239,-0.568444698241627
-1.05531693900781,-0.436741990985979,-0.0961171194338854,-0.00326986031571946
-0.642821162465426,-0.234155749363854,0.0199776648423368,0.128181912997378
-0.941993381386565,-0.515316390320084,-0.270247452675594,-0.195542554108537
-1.55431781706507,-0.898259601294175,-0.554258415164233,-0.432703280265356
-2.48443922410383,-1.75523763166921,-1.3034671067737,-1.07264919135588
-0.317223059086927,0.0136358959726467,0.217107433440883,0.282360189381462
-1.5319958505626,-1.05301261406977,-0.749060517214241,-0.594957034359708
-0.953240653775327,-0.601502101132514,-0.381011809184421,-0.283655954311779
-1.61508145402099,-1.0609895260479,-0.667479460445726,-0.424895811171452
-1.0821010865023,-0.251394199737921,0.175653276741632,0.295839737202934
-1.69639731836036,-1.15518695356514,-0.80891272134216,-0.633752716819447
-2.32948033758524,-1.84403296353552,-1.5023236712164,-1.3091207568409
-1.11316470889337,-0.391952736900875,0.0729009932882493,0.2942117375653
-1.01251234531982,-0.620911426093452,-0.390635718200393,-0.315673376032804
-1.15721090081342,-0.876050111824679,-0.722319829281862,-0.692024684836444
-1.27254413084535,-0.802768177189831,-0.477981376832961,-0.286678958197158
-1.32020963654886,-0.78514500597618,-0.401720691417765,-0.161907542002582
-2.00754528326491,-1.51752622520033,-1.18920678436254,-1.00096684547827
-0.882039346179191,-0.443289015296504,-0.136605173971948,0.038153386268366
-0.953471935676975,-0.73384795289332,-0.627076549003253,-0.625016614136085
-1.22017960367554,-0.896858142129646,-0.724161207428953,-0.678434678009455
-1.66126111130538,-0.749146950320549,-0.273506663480283,-0.126121913595322
-1.76216615232613,-1.54260586655586,-1.42984613605551,-1.4140633898251
-0.432673877128487,-0.18861108239623,-0.0705366607167475,-0.0744543031381807
-1.67750339694523,-0.94343880122665,-0.545090398387274,-0.39369085390481
-1.96341739564911,-1.26612494212302,-0.751963149513075,-0.41225223553175
-1.83372937108419,-1.51306638309159,-1.31510936253334,-1.24612365035991
-1.54109139210946,-0.892671117862322,-0.496493015199229,-0.304699702002856
-1.13933965301687,-0.655618124498305,-0.32161976035351,-0.145331246250357
-0.659295527651877,-0.312607917842231,-0.167919298672288,-0.195436613167564
-1.34254991398689,-0.804544642430168,-0.491703147085272,-0.375325035925226
-1.1368311772144,-0.710368374519169,-0.417387582746754,-0.267164210350226
-1.00970712051708,-0.528450684182798,-0.210915214471103,-0.0706108642048041
-0.879332572678896,-0.462421582615525,-0.237982449512478,-0.185552374323353
-1.14973838907731,-0.61292881079573,-0.314587373131123,-0.217303172099328
-0.76029100716873,-0.505788328150561,-0.370112628540606,-0.340108976285897
-0.0476450545035422,0.380370129759841,0.606033084796124,0.637882805409838
-1.08319967717825,-0.759171071530214,-0.586388441578352,-0.54618302495893
-0.268979872307925,-0.0751913067393888,0.0527077994058384,0.0991503315953018
-1.86359698721447,-1.3781497838109,-1.05994387999776,-0.904720316314212
-1.30816232708736,-0.878923162063793,-0.620454325330179,-0.518907635575715
-0.712348387887009,-0.534475547237847,-0.444234630027184,-0.445837471899416
-0.984368554660259,-0.535343673484897,-0.286234007403934,-0.207794161392141
-0.876353625132456,-0.459280915993138,-0.264560373898745,-0.251567554882229
-1.37829507497759,-0.974638208967767,-0.77106491214514,-0.729421167365174
-1.29149474080514,-0.820982550307537,-0.496517051753994,-0.324286206914215
-1.83918889832629,-1.25116086300409,-0.831547167196163,-0.585302677245648
-0.808757584265512,-0.249017253467811,0.0751752982216192,0.181052492994032
-0.798680561030416,-0.061794148125659,0.332409218251249,0.45272101842333
-1.21890396962824,-0.582224959078284,-0.256483152976765,-0.181774757401963
-1.17477424617095,-0.88388823478521,-0.696835967275163,-0.610604150516134
-1.59480225519279,-0.878483171141101,-0.494733465857576,-0.360050249876726
-0.785078975471985,-0.182673273998274,0.244262511450821,0.492296742419773
-0.900483226837689,-0.352159658527086,-0.0233383584346832,0.105952639717475
-1.66663554328676,-1.08160224371481,-0.733533772963462,-0.587245567672073
-1.06510774227957,-0.978926320525932,-0.917927324494966,-0.89168765101963
-1.25560184326075,-0.333300808696213,0.152512566680763,0.302301342807151
-1.02156502730687,-0.456564305933316,-0.0254026340345033,0.249141288795948
-1.18373381801459,-0.385550409588658,-0.0305783965522258,0.0541415405157252
-1.15800635557122,-0.411016065996619,0.0161767865206472,0.190474819547767
-1.32258561039528,-0.735814893683065,-0.361285750429272,-0.182725521166967
-0.741018385091937,-0.22351391321373,0.0783704225592933,0.178226230892615
-0.806022356437886,-0.418462565191223,-0.195167175512534,-0.115919620905977
-0.984423985963144,-0.248698621805493,0.156769453715152,0.290093035542755
-1.81496278736,-1.38160681163233,-1.07646618431818,-0.915578456520814
0.197943915752199,0.650344605913524,0.880882390951549,0.885436518891537
-0.59105138503001,-0.275048693050699,-0.12402706646589,-0.138900154124674
-1.09963719940232,-0.441452817386964,-0.0447706561940747,0.143934991967096
-2.32400689718699,-1.81509332395815,-1.47621181673895,-1.3001769168127
-1.23551370620912,-0.611811681501497,-0.315646614614392,-0.266272454667328
-0.729673650754051,-0.308400380813854,-0.0683547084775249,-0.00837720046508567
-1.77738644934594,-1.22362228692895,-0.869006068706,-0.703713380611193
-1.46789577896114,-0.923741676185289,-0.631834438525362,-0.556169377419794
-1.05462227984278,-0.607513739948664,-0.338216904433982,-0.215029434165026
-1.96763845613723,-1.52662321390582,-1.20105261006335,-0.993930670235854
-1.01525435394502,-0.673379473834439,-0.458748010286862,-0.361045020839334
-1.89494069589974,-1.26174378142625,-0.817138971526751,-0.53500537888044
-1.42627440343476,-0.83644734578678,-0.457050622945137,-0.251360061455475
-1.06118708250505,-0.586006110006894,-0.296309266629773,-0.168469290604011
-1.9072760084183,-1.20673841559812,-0.801792501397758,-0.615804017354035
-1.14435662174842,-0.793599534276535,-0.587753555427914,-0.52203134340937
-0.649219990066862,-0.304161529637578,-0.135884445070191,-0.129387336082876
-1.33893350564468,-0.786597010265559,-0.42532414936039,-0.244368657383397
-1.54799815121312,-1.10964242122209,-0.814843782417983,-0.649749224777324
-0.460758387553436,-0.219693572440514,-0.043840417364184,0.0521830704301249
-0.187639830798405,0.311668249962138,0.566502973004756,0.605930274395015
-1.6332490887053,-1.24192790223363,-1.00342981153949,-0.908792988885281
-0.816123064931641,-0.162427937840255,0.233904110209196,0.394519740790147
-0.309630206662288,-0.0626583457134408,0.0485986471170962,0.0252258095808825
-0.934921867065833,-0.556254746389689,-0.32007325810734,-0.236144906687008
-0.349725268472652,0.182630639598328,0.451710914122504,0.490924536740787
-1.28779560914323,-0.931506469196756,-0.776409962342402,-0.765788907421725
-0.809375909078432,-0.600014131223287,-0.478856889789374,-0.45806608740875
-1.16349374188301,-0.720726077761644,-0.492491302691618,-0.425096513349136
-1.23772026968088,-0.866274326036618,-0.61307374726511,-0.466221450561046
-0.802354772424165,-0.146014086018201,0.220896037946917,0.354714102204955
-1.40341600732687,-0.799008678212757,-0.497044967662236,-0.424219494135435
-0.705029881188452,-0.081053470309459,0.277364618203346,0.399286731513406
-1.5897491297981,-1.02966261823941,-0.69212846146725,-0.549376447963419
-1.3654077336854,-0.304959502024103,0.256601701783892,0.462898657968162
-1.25655099684396,-0.449119758481343,-0.143468934544039,-0.113683823012681
-0.841908550617256,-0.587722562910024,-0.429131530901353,-0.376312714136552
-1.1593373164332,-0.612088872850505,-0.294276058312997,-0.170660305723735
-0.367639722979144,-0.0238037212713951,0.162628410710226,0.187745160435718
-1.09948927747728,-0.485106923815329,-0.0990337624279229,0.0840584451462349
-1.33741908333657,-0.777399091859807,-0.492370162589195,-0.413947534286948
-1.19302053529061,-0.687876225144954,-0.382979529721251,-0.224448940476757
-0.825742001141574,-0.0480420516353595,0.467382505660198,0.733482924737761
-1.18673588121275,-0.78133132403035,-0.578981394733318,-0.544652200082813
-1.28594613571898,-0.690412537436399,-0.34254362613498,-0.209232820539307
-1.91583912635672,-1.52410842703525,-1.2409475485748,-1.07405416522628
-0.772915490884396,-0.345514759035754,-0.129839263225914,-0.0955124311502845
-1.3310260195581,-0.611006530510351,-0.127005628186671,0.123923038045808
-0.971628374951378,-0.606493959518526,-0.369251474931849,-0.265199066799264
-1.12056098642022,-0.917629978372742,-0.763728919032364,-0.669870036516345
-1.33893350564468,-0.786597010265559,-0.42532414936039,-0.244368657383397
-1.5499883279082,-0.896280111399,-0.48690605111849,-0.310151138884512
-1.10762523618895,-0.609621545905992,-0.353146520179902,-0.291715749658441
-1.60972673145877,-1.25510195730285,-0.994700765053599,-0.826199502383657
-1.28455610466154,-0.76672479099326,-0.439211194169455,-0.288627225587579
-0.21337121396082,0.0156119209008692,0.135663648777498,0.129890386560092
-0.597114201072483,-0.219472861986294,-0.0174466614617768,0.0469843566202172
-1.10956445706453,-0.623760180353451,-0.360665238925822,-0.284765655980941
-1.29142763277609,-0.976317274197598,-0.80981964151845,-0.776117279118149
-1.36810048023139,-1.07276584279684,-0.960771757152719,-1.00847259143778
-1.19400774284241,-0.748036380549598,-0.477936866086207,-0.384154099448273
-1.11245555224278,-0.291873146052271,0.144334867553907,0.296326565925749
-0.889218988801311,-0.539440410331193,-0.353919029851399,-0.3120057993033
-1.32206414565003,-0.816893318789876,-0.4753972948641,-0.285467822040622
-1.94142891730083,-1.46338750813965,-1.1302407281472,-0.958730888376893
-1.57245226909002,-0.968142903304229,-0.569364274338797,-0.378248433865806
-1.44355787002868,-0.905211387647268,-0.633995534266972,-0.572999903777681
-0.883416963915638,-0.512578063044898,-0.342684371537471,-0.345840909115685
-1.78753798650067,-1.16555923187139,-0.786344534913752,-0.626801476016052
-1.22251695309044,-0.493445594987691,-0.121748920976881,0.00438042534016653
-1.68582720007408,-1.18256782434016,-0.844458224485447,-0.666161773088239
-1.36010357950184,-0.723697913809905,-0.358383776653825,-0.210646171370668
-1.04074147720167,-0.590964899855266,-0.319175382364446,-0.202415925959133
-0.671464453538787,-0.354045940320471,-0.166318313989263,-0.109491909035155
-1.66915340413665,-1.07271494074079,-0.700221165312122,-0.502914396529553
-1.75992532771539,-1.35447552306353,-1.09701871864308,-0.981703298429769
-1.29610010180239,-0.645710669429022,-0.168303446279355,0.123988752334359
-0.981571296198991,-0.295324447377559,0.130689158584198,0.331448426130347
-0.909853799255817,-0.214030621949212,0.180613233023088,0.318890179487068
-1.39526393826231,-0.856968497985743,-0.527363383509034,-0.372101073234242
-0.351057188149648,0.116760098319027,0.44103354435422,0.608422832784434
-0.733765965329432,-0.391902863500214,-0.18324711962696,-0.0988379053721713
-1.65572898888262,-1.23335502360221,-0.986382008932627,-0.912145335592645
-2.14268779888128,-1.74830096130932,-1.49188551949631,-1.36879471621958
0.103858849435906,0.353672913728497,0.521823403248763,0.58906669451557
-0.830556746890972,-0.4839492331676,-0.288956739323062,-0.228218686479304
-1.61448621286106,-1.12799810224307,-0.779779124052049,-0.564540969652417
-1.41380258217879,-1.08524140045718,-0.938725664547024,-0.956921503884786
-0.970974247170611,-0.441434758137278,-0.227895429264982,-0.243441254020409
-0.975502520981143,-0.589215154918615,-0.366898483344237,-0.291468907470171
-1.3884264303434,-0.915856735989663,-0.635708507072962,-0.530492839068972
-1.06644410081765,-0.615002942999596,-0.283737675695332,-0.0796259026699691
-2.1900975982832,-1.4357586874457,-0.972475655815942,-0.723227671645261
-1.02805212212042,-0.744853408697423,-0.58837983922283,-0.548529008009174
-0.562801598309955,-0.257629837761879,-0.0821693413541061,-0.0484932301804243
-0.893801214626202,-0.492525711773295,-0.250342099655717,-0.172105772591838
-1.41829355736459,-0.978768757555694,-0.65155847202007,-0.438365238441712
-1.89855073357664,-1.28909205175431,-0.869701177171371,-0.630820440687115
-1.3514687691496,-0.718762789512974,-0.247671290954238,0.065614324230849
-1.26084954543631,-0.750428962640296,-0.507706017130825,-0.479160224967471
-0.654158089488669,-0.4684292882385,-0.347360377295824,-0.300662061250686
-1.91224187159751,-1.15449443605542,-0.712874220390121,-0.515500762914529
-0.673224041992597,-0.431763014335717,-0.307491535295655,-0.298814434556631
-1.13654491743202,-0.868241715928225,-0.743487466257963,-0.736370926855483
-0.758137566957575,-0.2759649627091,0.0199842930574045,0.128167712896258
-1.37260408823621,-1.01323505001766,-0.822448225687213,-0.771853489083576
-0.815458735236106,-0.537400822198111,-0.380172267655876,-0.334738514446862
-1.1051093873971,-0.666529250765878,-0.394310028119065,-0.265445703590953
-0.555716209481356,0.0767374325311198,0.358933603951367,0.378599014802989
-0.711508472519091,-0.421844205662089,-0.22981291273697,-0.153482313285039
-1.63289574233352,-0.919540152085984,-0.477053523457986,-0.255121820479953
-1.15740470093171,-0.635076091056098,-0.298548300092283,-0.146354647722447
-1.64123627203353,-0.863699996944966,-0.450845417587888,-0.313398375342506
-0.846172592340619,-0.569362718117931,-0.375799395244944,-0.272017164913936
-1.81098929136116,-1.23729897303472,-0.869818114500295,-0.693987005014085
-1.15517388331854,-0.443258009995263,-0.0726605738153885,0.0523180481118575
-1.45501282446101,-0.831138752265631,-0.46090195515882,-0.292637278029649
-0.215838498582642,0.213057178597661,0.41631966299436,0.415891239222639
-0.917508925053304,-0.425658183265108,-0.114548853308273,0.0192603468261535
-0.518266422933567,-0.454434810807886,-0.413849887870334,-0.422864951671536
-1.52986436213928,-0.771040288648914,-0.296253387439021,-0.0622167940991053
-0.840840403654847,-0.376039471974603,-0.105831279803177,0.00595171031119363
-1.09348925642274,-0.744654452805925,-0.555091079331897,-0.514890387253914
-0.690122398302825,-0.000744639383324426,0.461731069642077,0.702382691836477
-1.62533545819121,-1.13924658390063,-0.838262575477314,-0.715404479804088
-0.807432541654757,-0.61634364747198,-0.507885650687484,-0.490099270233879
-0.740773558394751,-0.18556422481577,0.161413529873161,0.302843636373687
-0.739384680772228,-0.424162807279461,-0.280067152352382,-0.296107401548586
-1.41901486488756,-0.738439769023164,-0.26778868960805,-0.00863829444396078
-1.00834144371378,-0.779565008702429,-0.635572980919433,-0.575048658955792
-1.76183709399894,-1.3560571506796,-1.09834112400167,-0.94203363093693
-1.60962436270846,-1.17705582794217,-0.834714233691492,-0.602850326441414
-1.16690126635949,-0.721733476258659,-0.430838587134034,-0.289316712589617
-0.560923158390036,-0.0551507347184695,0.156409531792427,0.148081698449847
-0.679553297062409,-0.213163585301474,0.111285587719248,0.281395235825839
-1.09624851539208,-0.472408003288872,-0.102525004351775,0.0401172168746671
-0.780863638361734,-0.265490174465805,0.042689039907632,0.214595201275507
-1.94033234771424,-1.33968493257886,-0.939444047004717,-0.724207653748899
-1.10055785863045,-0.581599545114325,-0.231333207105447,-0.0515523694553215
-0.869452221055941,-0.28363537087398,0.0455101474084347,0.167722302295182
-1.37582906274695,-0.814557480786117,-0.445104923828767,-0.284622465147594
-1.47721888438448,-1.0662584846551,-0.777985835176863,-0.618138897736843
-0.831298883548064,-0.380265296312781,-0.0968489295745096,0.0275204542364537
-0.740866071322684,-0.199563868169376,0.0905754972067794,0.186988726118469
-1.02581364605335,-0.850332225942556,-0.766684969172067,-0.779435000484899
-1.19351087857537,-0.483720655600715,-0.00350842056319263,0.244343565102575
-0.80393461734362,-0.432225814862917,-0.250624504139085,-0.211764889457523
-2.04642605793801,-1.61690632107933,-1.37775743444879,-1.28755994785061
-1.00665676595959,-0.392151793372049,-0.020919792956017,0.103303025191732
-0.663024558029697,-0.0868263729891279,0.269795753083839,0.424932768244295
0.352439816896201,0.531804764666367,0.615847611357053,0.584156498898246
-1.22342508415729,-0.701021762034249,-0.416991378302034,-0.311602279271621
-1.63543839202719,-1.05347508685599,-0.670017760139219,-0.454450164844724
-1.09033097444164,-0.679465682653249,-0.397256982126781,-0.259851810030079
-2.13165356491731,-1.56416807708198,-1.17968258051958,-0.972588010799308
-0.622775546661035,-0.0788529333191719,0.273201691512669,0.416295268951109
-0.951804688608517,-0.370001361230861,0.0452311137415722,0.273790833800844
-1.35854539256654,-0.933455166954497,-0.665785260021381,-0.521602494545171
-0.932488904489534,-0.524664782345686,-0.261596755126774,-0.155178302763243
-1.37661987351373,-0.924894151646799,-0.690719119422181,-0.618729274157504
-1.54878928268197,-1.16975350037826,-0.896243187622804,-0.727785108166794
-0.626784719336294,-0.0922665532563669,0.107862527650683,0.0932179469716495
-0.516372527087356,-0.0977932701718437,0.156350499479157,0.26614479763687
-1.00867255965592,-0.535004023188094,-0.325359358361537,-0.293078600068091
-1.27925281012384,-0.941821716554997,-0.758836198629623,-0.695935140998456
-0.826353409019381,-0.453398879954735,-0.231930179571901,-0.160709287795104
-0.77902142741676,0.102219234491898,0.642495644696207,0.877065649632207
-1.36430125045453,-0.790566838203207,-0.454287000687918,-0.321481094103732
-1.47670060207842,-0.968617756964742,-0.628306626851246,-0.439712740411154
-0.913739051346353,-0.567234872083404,-0.374045373400818,-0.334324996284746
-0.642256650149609,-0.465785658697289,-0.362853933549411,-0.341837359014051
-0.467795838156054,0.0425989302789525,0.265085672942871,0.250574373286376
-0.690412943002584,-0.0981797911907746,0.268280776063799,0.42844780858167
-1.70000425148857,-1.12496266250726,-0.711643537288639,-0.452158371375231
-1.85311436485926,-1.26137152869504,-0.909873792277506,-0.719686445166289
-1.17954902390576,-0.590612274264343,-0.220652731137342,-0.0368506108604877
-2.42616609749429,-1.8289476199287,-1.44545942621834,-1.24514781332492
-1.53534921374587,-1.15937085111827,-0.92122361396109,-0.833265462307115
-0.578071428300153,-0.323137234116567,-0.194301284554212,-0.192716048083337
-1.61053383320166,-1.19458198411392,-0.924455160800433,-0.815439150760949
-1.02939292193858,-0.510717802429038,-0.215820593888573,-0.100820820976198
-0.785071117095075,-0.347852639317869,-0.12076242234799,-0.0838663519015975
-1.33312093535343,-0.666468528504122,-0.201933274664216,0.075601683918293
-1.33443947183735,-0.838474918415148,-0.515860279435374,-0.374800675769665
-1.17534249371286,-0.890293212240829,-0.758871204373243,-0.779052258486646
-1.18302990487418,-0.815403264781097,-0.617647473226981,-0.590781744486713
-1.10717974196703,-0.736548280919534,-0.523964717476508,-0.448630070318626
-0.676449676773969,-0.349278756930275,-0.23816632373544,-0.316900924040725
-1.2388010985195,-0.785256235563719,-0.461330791119915,-0.273685658444831
-0.314416198290682,-0.0635825143074914,0.0726620821015661,0.0914861945581379
-1.42483217315004,-0.964985905599025,-0.652826038811264,-0.498945572101426
-0.503662492850159,-0.148061495696881,0.0834213469694952,0.187344068477548
-0.371221662932019,-0.207638502806958,-0.0967870052314782,-0.053768917788893
-0.492867344847161,-0.241572872235183,-0.108195728584515,-0.0911883213669147
-2.86313713751445,-2.28745133331196,-1.87660362104149,-1.61593220172582
-1.58152513913957,-1.1598441928122,-0.897590010572895,-0.773706779192255
-0.659268428983119,0.052975699395039,0.424958048811608,0.551545445211094
-1.34891755249706,-0.762115402993061,-0.422320906222832,-0.273185845257133
-0.43824393446483,-0.171380031552594,-0.0127338827010339,0.0296675383728896
-1.16907792778336,-0.960899782550013,-0.835833841175337,-0.791629691491201
-1.46021255953396,-0.981256078030003,-0.683343764514451,-0.524653322335568
-1.52485060789804,-1.05962496719411,-0.760910191594227,-0.633043657530197
-1.49653499188302,-0.912582176788112,-0.522801946544308,-0.299810568108914
-1.19401653691551,-0.708925990859261,-0.409852877456527,-0.270085703311761
-1.89712621973195,-1.29996816967689,-0.904212081962284,-0.690831586367624
-1.11502589382697,-0.834271399439268,-0.690683562128929,-0.677483955540865
-1.24372765250853,-0.944310553793326,-0.757322790155173,-0.680055328982622
-1.86956413015505,-0.940127641380481,-0.373547882750231,-0.100254051462762
-1.0821010865023,-0.251394199737921,0.175653276741632,0.295839737202934
-1.64554274797145,-0.954376437322909,-0.485285965357008,-0.221174719992669
-0.493060159138095,0.0312487014323513,0.274415280057326,0.278944758955173
-0.929830224750869,-0.571102036649142,-0.353476306515677,-0.265864558472957
-2.15095905691867,-1.67364831358366,-1.34106957975709,-1.15441805797448
-1.21887110998305,-0.823111575728791,-0.544686784882139,-0.380118523222971
-0.988857356379956,-0.505595499977866,-0.236250340206479,-0.159018937278745
-1.27457756196204,-0.834422603699297,-0.55858172584067,-0.430491322322514
-1.28771455697826,-0.811944196577961,-0.500848008589938,-0.34277865230458
-1.13177892335748,-0.753197387828637,-0.535492348316816,-0.465296903430566
-1.51877561244131,-1.03401199034256,-0.695895448352367,-0.513214963354682
-1.64553592634344,-0.865221586782747,-0.383228412452828,-0.133494222073643
-1.01931773423302,-0.704363906728225,-0.54246468766989,-0.516864096484905
-0.656864436213172,-0.346784455226381,-0.170281332125018,-0.131799687347409
-0.395660910911948,-0.179504766976401,-0.111661270643851,-0.172959686444924
-1.13414090363512,-0.758552705872116,-0.481746865657442,-0.312094396339104
-1.34755609068773,-0.914016455303936,-0.636872616428715,-0.492277013521371
-1.24396954470244,-0.685184251340903,-0.308264261833661,-0.112433509534395
-0.918334789767513,-0.382712687388969,-0.0858477665018975,0.01205495372322
-1.87014181459788,-1.19224530608188,-0.783715201999595,-0.579308444231921
-1.37927780981029,-0.671236302166442,-0.316428443110399,-0.23725416421558
-0.701479955144387,-0.276492203314793,-0.0358010661483539,0.0161727420666009
-0.737600512397899,-0.156363097826215,0.118124164641497,0.189679028849842
-1.11945445231491,-0.630019568757414,-0.292834606067802,-0.111587103139547
-0.881365351085667,-0.363306090586959,-0.0845252707366989,-0.000750767493794491
-0.638040008619343,-0.284922531557388,-0.0642007345552709,0.00630259251881904
-0.749453907198021,-0.362004331595639,-0.115088772434288,-0.00762287190089209
-0.921143844173385,-0.151984408807765,0.162470708654757,0.203137710394268
-1.04931472261996,-0.811044388773725,-0.637647444133278,-0.543908632636114
-1.04672711642024,-0.90921172294171,-0.846421150489942,-0.865476772301013
-1.71907810634739,-1.16995591776075,-0.756303818220016,-0.495257071843459
-0.524537543809659,-0.215659113841092,-0.0619027648592469,-0.0475584692010208
-1.41181237523085,-1.12567687509932,-0.9418373037532,-0.855504115613477
-1.41883636851313,-1.24877543585044,-1.14932261411565,-1.12224212838611
-1.06512781883037,-0.640006582511321,-0.454586242484334,-0.436434376293061
-1.38269668787804,-0.859972479095763,-0.496499273101298,-0.29449493746705
-1.36299573188821,-0.832675170029557,-0.460685613825993,-0.240962940300778
-1.38516297618945,-0.586717478267824,-0.0942623000406165,0.151813579237055
-1.36348826519982,-0.695423756063471,-0.300426772475617,-0.131496353708225
-0.671563143710972,-0.252321625844551,0.00651568988759545,0.117015931202076
-0.981651596824941,-0.404501229983049,-0.0835954507253877,0.0317423175677004
-1.88210137065236,-1.52662362959839,-1.28069458226359,-1.16529788297344
-1.45010132752421,-0.883198212269404,-0.509004467042252,-0.312482285270199
-1.26767421229345,-0.680939038418914,-0.318476129766905,-0.174881325828265
-0.823634780599129,-0.397533358264799,-0.109469843670138,0.0274266554442952
-1.59757366205182,-1.02109514289511,-0.609700407151569,-0.390438222294894
-1.76240540414118,-1.24648909074324,-0.927898388532642,-0.81233713882318
-1.41936215960986,-0.844252967883845,-0.480733601384811,-0.299038616748623
-1.26905939758036,-0.436383910875832,0.0125618699400491,0.17800611730021
-2.0053004803027,-1.36287987218293,-0.939077367328387,-0.719299396545115
-1.08443570398306,-0.577923073198634,-0.272606554907488,-0.151734259118498
-1.27939189900627,-0.562720334485326,-0.134284893822696,0.0434735043709665
-1.82785434160803,-1.14911446237786,-0.758827999061925,-0.614946112043506
-1.08182453319258,-0.408858154461363,0.0195066091768646,0.229647132614125
-1.04707149420311,-0.435021888558461,-0.117973853726361,-0.0224827731782636
-1.1433829127492,-0.30300773154786,0.186520805991295,0.397845024003163
-1.33071420093572,-0.716855352390224,-0.342498130520506,-0.198577336709324
-1.53722276499085,-0.76402225783935,-0.338195598155011,-0.206708075613857
-0.478802928908862,-0.185024401224362,-0.0135597851745613,0.0192057507480109
-1.22224545923059,-0.463042913007497,0.0370150711242855,0.292327451922057
-1.93080057515133,-1.08267442989193,-0.501912533312537,-0.179383054299987
-1.50159905523364,-0.94884460145961,-0.624725262312923,-0.497835383382325
-1.45877692779726,-0.660641045608939,-0.19371864997436,0.00135881183721304
-0.254467339421554,0.0859117646306443,0.239114363263448,0.206832096216539
-1.18483611549656,-0.640344922595197,-0.320349410151583,-0.169561341868202
-1.93201284507996,-1.4553166331246,-1.17629630917268,-1.07995379783186
-1.01128374518772,-0.648876928751093,-0.422407483708637,-0.323675528346039
-0.979508249494577,-0.192782146378747,0.241330707500017,0.396850396382059
0.387226261354844,0.403625915196719,0.344697659546075,0.168997531394805
-0.938452316035393,-0.64497421470036,-0.475733060807583,-0.430668491200181
-1.38794205220421,-0.885346388998368,-0.555232037577669,-0.381152015620346
-0.570544578797792,0.0715657835658406,0.489983515654543,0.696341365193607
-1.97666265067955,-1.23524036157523,-0.685767492274707,-0.314659011247548
-0.910463802887583,-0.363557500271394,-0.0550403730949519,0.0338059596723297
-1.85484744144306,-1.16411145477801,-0.625134789272838,-0.269392231548492
-1.61221942293185,-0.839210027281461,-0.38579319983618,-0.195199071233779
-1.29488377445444,-0.834615489476091,-0.563777524515633,-0.448272427618007
-1.23186384415755,-0.855263886426273,-0.616581925733722,-0.513335852109331
-1.78797845983006,-1.18792454034559,-0.750364788485868,-0.473293202781006
-1.82154710547699,-0.987143698601605,-0.4581472429879,-0.176311533655787
-1.22789469540637,-0.782769458992427,-0.514611273374461,-0.413970251765594
-1.75838167389273,-1.41519603585194,-1.18988378372132,-1.08249142729012
-1.04467209886327,-0.257431112544979,0.12474444245313,0.21521263012072
-1.25107979907349,-0.791357300102781,-0.536918344630823,-0.470226128298365
-0.592737654953186,-0.431144622152949,-0.372723647237766,-0.419600719579886
-2.78209519578705,-1.87892114653491,-1.30762982672712,-1.01005339024057
-2.12715197420452,-1.71263982012744,-1.41163512335353,-1.23259791304779
-1.63567639456624,-1.0666335340655,-0.661529000802263,-0.411894620848738
-1.65824730893113,-1.11041302518098,-0.84523092109302,-0.768266895187411
-1.71713602716484,-0.887475110773675,-0.462936909745829,-0.332888679088203
-0.764390008596933,-0.288522006536225,-0.0332189572512447,0.0242779104466908
-1.0875422277349,-0.895288056532385,-0.79181410418081,-0.787949594978158
-1.62424496794519,-1.04634344614859,-0.662916959658712,-0.46194487701439
-1.34294376172644,-0.711700786434278,-0.32890920710944,-0.142875435549029
-0.421247016193121,0.132807486821716,0.455998293515436,0.568015844864051
-0.721648286868192,-0.335780003105821,-0.103349685258467,-0.0116802876558028
-0.484800079285746,-0.0808600510194672,0.14155132477972,0.193647974552331
-1.24292273160598,-0.720338014631257,-0.431149378292003,-0.31568737792827
-0.633595076918699,-0.375149588322311,-0.242652786003474,-0.241017796278519
-2.15929017977353,-1.47753482563544,-1.02923110942415,-0.789422438088217
-1.91729022496909,-1.33797781612162,-0.944325601746939,-0.71110309197716
-1.28809639109118,-0.671337856219016,-0.333528760425771,-0.232124258848978
-1.02618712657354,-0.349645393970708,0.00796770041131545,0.0958289250206022
-1.64469283078194,-1.05176214133828,-0.612592171123665,-0.334989316424011
-1.57148785573854,-1.13323921940553,-0.830712714089574,-0.652876961468552
-1.42766695500026,-0.84706544013619,-0.524093231245436,-0.420346498576003
-1.57045286897903,-1.04244998609924,-0.666536714783441,-0.441272159584471
-1.81875756146292,-1.02151978416343,-0.508450422934478,-0.24036972642096
-0.68920963597527,-0.462734901359286,-0.343712020325929,-0.322871136167897
-1.45501116767882,-0.896962164578731,-0.622098064562022,-0.55821594891908
-1.1254715668294,-0.699731124753552,-0.452506666730424,-0.36241573142857
-1.28232290178969,-0.610195063817387,-0.150805515734956,0.111108789668959
-1.28091164341611,-0.835158968406508,-0.566743373475715,-0.458336019981646
-1.02760433537503,-0.685938429788762,-0.513437443423384,-0.49025423138552
-0.546335958214556,-0.362658670253612,-0.250834878898879,-0.244309115924321
-1.04506225954345,-0.393468440968251,-0.0145622374915927,0.121155082099862
-1.21690246541661,-1.05857102884636,-0.98348129901441,-0.979316608657668
-0.431859590996601,0.0795405217812737,0.324860487910555,0.34388804957522
-0.504295933159187,-0.806328164154502,-0.961121502015786,-1.07114710731473
-0.997695890504027,-0.439788509076703,-0.0977981158138557,0.0787597554809144
-0.91483741961162,-0.307391597717922,-0.0443412077631715,-0.0473766071488131
-1.3470604829445,-0.786323937971508,-0.438226135666779,-0.282690783470374
-1.47201794994884,-0.824077496084215,-0.438559773184151,-0.290376240395885
-1.12448278453984,-0.459588905464984,-0.0153088866289335,0.19597734173643
-1.59124918806831,-0.942409473737977,-0.540142121015068,-0.351458512269068
-1.48554503065876,-1.01327332349958,-0.715413326997369,-0.557495058064464
-1.50909811039862,-0.865529601461607,-0.423191838208108,-0.18126377701253
-0.664626950900726,-0.323573961325413,-0.20508326315965,-0.262737673124339
-2.48136509660837,-1.81431822818465,-1.38428027844647,-1.15343770172792
-0.683640051266823,-0.284070483545841,-0.0820519258818917,-0.0354882361652847
-1.32786572119104,-1.01227185937943,-0.813266939232008,-0.735833539937556
-1.77421810096666,-1.41907386632048,-1.22690780155989,-1.17060279974343
-2.16245405240814,-1.66363066807967,-1.36151921083806,-1.26086476053352
-0.427157734141249,-0.113734321517667,0.0433374661987111,0.054638654300074
-0.987372268705975,-0.387577855519478,-0.00316257502618832,0.186067621009827
-1.177462895967,-0.800652912140709,-0.543573205127587,-0.423783300349687
-1.43205234392794,-0.737218687156102,-0.313716049678999,-0.104485820571041
-0.804929302774295,-0.284573857543127,0.114622671146931,0.375300367816786
-1.32134329745587,-0.950669014762579,-0.749320431984769,-0.734759769323438
-0.539945524977814,-0.165457764559019,0.0344014358015391,0.0826791034410727
-2.2929313588183,-1.56464921939687,-1.04166965830968,-0.693735863205329
-0.875339952909663,-0.394857840814135,-0.132093206203837,-0.0744017806307797
-1.45611946919876,-0.809265640815776,-0.395459587545341,-0.202063383145083
-1.88815317459934,-1.3812966031306,-1.04170068046205,-0.850585844740586
-0.991415177478091,-0.596723429161282,-0.369280093280571,-0.310161720955226
-1.52041252721106,-0.987307165591404,-0.599051936479102,-0.352487434676034
-1.16834237501552,-0.802084094535957,-0.590386154871894,-0.542364223389964
-1.37272476271631,-0.802828186683256,-0.433692671876153,-0.285106604515066
-1.20353023844881,-0.75568672002476,-0.514472146753436,-0.403928858352328
-1.39836508783206,-0.974184146422326,-0.717574709642563,-0.634195110519421
-0.935686732545793,-0.326265733672053,0.0350428350791999,0.179775549859442
-0.909646538581138,-0.153337383023445,0.331820078755532,0.578049608925356
-1.06676366416953,-0.453728720138112,-0.133441668040179,-0.0295932951600293
-2.12397378103037,-1.16599849079974,-0.704138548475693,-0.563509926232493
-0.943899819930563,-0.485553609169195,-0.265288205059826,-0.228832925351738
-0.842196911823008,-0.314755827813654,-0.003823278975932,0.10351671042231
-1.75575030931421,-1.15554440033309,-0.811491759501821,-0.674922466886524
-1.42907353881039,-1.0091301322385,-0.741039157298748,-0.602722834269994
-0.460581490641128,0.0638062019469373,0.264320664251584,0.286625931317663
-1.04871431879883,-0.668921590111291,-0.417964012014478,-0.28352465447892
-0.980914359214738,-0.595102742024045,-0.355784996210423,-0.254614092694809
-0.625960615447575,-0.120821662486651,0.10907228322348,0.14163386871653
-0.977000957217128,-0.609139172889004,-0.358374496887199,-0.233798558260637
-1.48386407022913,-0.897322758319912,-0.575570999305823,-0.494388471905002
-2.32852900358324,-2.0363975078581,-1.88394780325759,-1.83923757556511
-1.27737332648748,-0.813331328052345,-0.617456837595867,-0.607898439029971
-1.13800281208563,-0.62692694887679,-0.347869340617286,-0.269382693745496
-1.51608538545593,-0.822969074695026,-0.398224336373892,-0.183357395425196
-1.21715764946485,-0.494004527491839,-0.147375684183413,-0.0704810132220713
-1.67596805277283,-0.739865308857715,-0.138448602664544,0.163536634137741
-1.21036957200741,-0.685542423272522,-0.345199076519616,-0.173673529540912
-1.56759575231308,-1.01575143274238,-0.621873925682336,-0.377165590560387
-1.28531129840328,-0.622618217587865,-0.217688574808823,-0.031620381461015
-1.93620683075376,-1.16086641399541,-0.637294987387132,-0.332027357943973
-0.500810285838818,-0.410972550744454,-0.377190478144682,-0.417294437341217
-0.714386582049584,-0.0437877950065459,0.356379866347029,0.514159862028137
-1.83213260191282,-1.2077175549008,-0.795456834875192,-0.59562594937513
-1.61289733075403,-1.14488975138256,-0.816116479974503,-0.631719714476531
-1.2015502329961,-0.568469757878358,-0.174081742301398,0.0195249774663157
-1.02680928035378,-0.882374103589754,-0.806525515554421,-0.801851158573755
-0.950215972203582,-0.377529636345067,-0.0539522069175268,0.0689175511451908
-0.835657969705899,-0.525490565089205,-0.336049825404037,-0.270229280420823
-1.02624444485383,-0.428554298542152,-0.0340442711148279,0.163177073108821
-0.32875093712435,0.195353930119396,0.471321737893275,0.547375303049703
-1.52355308754822,-0.913544652254514,-0.483782546750285,-0.249523466105729
-1.07918269921494,-0.942054995701834,-0.866476990770358,-0.855164162635238
-0.811496279296617,-0.375103520090527,-0.140126593022953,-0.0858044834352541
-1.20718533344527,-0.462904707306305,-0.0366456831072034,0.110515320475478
-1.04008856710303,-0.624527575110001,-0.413969309591369,-0.381135376693949
-1.15082546945881,-0.606294433433316,-0.215699993627392,0.00280263477753351
-0.755781635399301,-0.363779467866327,-0.156150281763208,-0.120394642707182
-1.19358350663441,-0.485935607411148,-0.0830221087830319,0.0562164182241955
-1.24653017978184,-0.806072555085667,-0.632565578151815,-0.640667843479672
-1.07804800706666,-0.301426465946283,0.0929470344817663,0.2082022953602
-1.67496957943914,-0.851605145037388,-0.400076824301748,-0.253389806764538
-0.759702658383725,-0.16360403909094,0.152395029943713,0.23965400439199
-0.889526568847522,-0.654593290796421,-0.548266626522096,-0.544829313278177
-1.3379689242088,-0.953189381564116,-0.686109944226393,-0.527999690605335
-1.07113208019446,-0.843568407771746,-0.714562191119356,-0.690284482149023
-0.828485959694596,-0.234738955677147,0.16733057072075,0.354059335603636
-1.61828205750769,-1.0415278095272,-0.654762774159651,-0.442898273809372
-1.09529060962112,-0.49315107621555,-0.20034412257945,-0.115251948107189
-1.04816103812331,-0.31876421176014,0.123150302541916,0.33907986219653
-1.18972684050714,-0.831535725327534,-0.643933802179776,-0.615073605538221
-1.52155240845202,-0.994669443750928,-0.710798254630243,-0.625905923071385
-0.893759873020258,-0.346825731169599,-0.0153322823997572,0.130243006786198
-0.621919494817036,-0.00552330372140499,0.394169246246493,0.585208680825166
-1.17958494946545,-0.552527838157987,-0.169880839524436,-0.00827504822093145
-0.760314888359868,-0.254782273850654,-0.0300438640896898,0.0212043205644075
-1.76733674927888,-1.28179839578893,-0.957181270236238,-0.802081273904655
-1.29570018964276,-0.66159445072003,-0.268189881522424,-0.088520018152119
-0.803941528164783,-0.308961953430395,-0.023763612598019,0.100713538061497
-1.04949617367638,-0.425642415669499,-0.00880529503983761,0.20416565788566
-1.30515859179076,-0.782275007758694,-0.489537438987855,-0.379203140253426
-1.32110318937755,-0.861904223740392,-0.594639251612343,-0.502267850694356
-1.44416555319439,-0.626991218110695,-0.0987024597955969,0.179275403647128
-0.74800811036837,-0.435395614700561,-0.339963612708534,-0.422380732678453
-0.0269998706995345,0.0219754558309242,0.0528251374160734,0.019252174396276
-0.807306177479018,-0.21699913365671,0.0991550388049243,0.20338539857762
-1.0433619424181,-0.591100629302975,-0.32255371309228,-0.226383672529904
-2.06465599288423,-1.29191950769321,-0.791945009644103,-0.506328070901448
-0.893504809345769,-0.569435189780559,-0.394610166367982,-0.356899231558392
-1.19502912041184,-0.37475167351265,0.13776225450151,0.367513216921546
-1.24725232192359,-0.763627920540971,-0.476154922748816,-0.351203598246527
-1.03095769477539,-0.494002248151793,-0.235137698983769,-0.181379019574335
-0.646390090286889,-0.404809236439308,-0.292662784005334,-0.330127094489807
-0.687651512922543,-0.39811872502188,-0.236227027885785,-0.198839184795324
-1.57579072056855,-0.89623839775676,-0.453482549379436,-0.224425547939763
-1.13988644927032,-0.712155724108358,-0.47994249160408,-0.407929278121153
0.0964693934553554,0.47990327790251,0.639917811798389,0.59894013920086
-1.22996795589709,-0.864201899509656,-0.62958416727673,-0.53612253774256
-1.12869046865256,-0.780158203059805,-0.536610164606094,-0.408628265342726
-1.87303584198935,-1.2668052274211,-0.871929946720011,-0.662250912640909
-0.845370075966959,-0.168436582970091,0.259679642099363,0.467702052275165
-1.21187478265926,-0.629211788264038,-0.197443807214376,0.0589477734437921
-0.906452948503041,-0.624216011627085,-0.487257090959255,-0.47997953799944
-1.15053904419105,-0.755790776849499,-0.469047931534964,-0.305479136214825
-1.93247740496274,-1.54848845172194,-1.27551073525474,-1.11299561423058
-1.34683758339784,-1.061087319964,-0.867890397976206,-0.77107414214506
-1.60306577019433,-0.801734890933227,-0.283669829918356,-0.0327192639438763
-0.755040271955684,-0.135775723313061,0.193328689716923,0.284392775619113
-0.662466601904874,-0.175554499444199,0.129454582552101,0.258938214079578
-1.73968286474703,-1.10736590043309,-0.756184656674213,-0.603524457691221
-0.837706083614349,-0.286743601865707,0.0428962627486039,0.154960821519843
-0.895323662596838,-0.372404893700736,-0.113214945126757,-0.036435334655478
-1.83993481256502,-1.58865730179192,-1.42112635451298,-1.33628759283464
-1.07773016351098,-0.710226770610248,-0.517718755430498,-0.481708217467014
-2.02821661604172,-1.42215839332501,-1.0581018884377,-0.879650491432274
-1.20397542719926,-0.817736379842776,-0.58440887385122,-0.503237663336619
-1.12742198369565,-0.832371669540921,-0.693489580618725,-0.68139226677069
-0.764166197507842,-0.169162148858052,0.178452425007933,0.304124726106999
-1.08479265179485,-0.655325204450839,-0.394546304305934,-0.293000475532121
-1.16969782353045,-0.66105417335607,-0.299065571631241,-0.104463415100522
-0.934471978887893,-0.720388784901607,-0.625715324825102,-0.641840108714701
-1.51328034882605,-1.09460641913567,-0.820233639578752,-0.692663344040435
-1.81740617352251,-1.331610516194,-1.09171725708462,-1.03056396778331
-0.952472021678325,-0.553146471888658,-0.339774011100082,-0.289480701075161
-1.28725400729704,-0.655892139730603,-0.244998383495633,-0.038711011369561
-0.985510406832049,-0.710588721499454,-0.584271250449193,-0.584651309915196
-1.55472023173381,-0.963078490558714,-0.596403793242168,-0.429007762577798
-1.25959787533337,-0.873063220963433,-0.67410775345715,-0.638593818325116
-0.710776468812445,-0.167915039537669,0.147829424830239,0.263637190003078
-1.84932895793952,-1.19358555180895,-0.774984986201711,-0.579992403943969
-1.13197492248133,-0.685174797962109,-0.441605190704201,-0.349094541416497
-1.06656819936892,-0.662177398907127,-0.465564294311029,-0.436600487880871
-0.444194387529116,-0.291137993663237,-0.245688593950625,-0.301066343543872
-1.11410149951981,-0.491683378502596,-0.197297878224234,-0.137682373526559
-2.11931679443749,-1.44083885622171,-1.03993910965397,-0.847794623495285
-1.76024913460626,-1.02664072621368,-0.634870537492682,-0.471561636492094
-0.570642606668115,-0.0932678514386577,0.113880569098487,0.108605178991473
-1.47196915385828,-0.879409038214969,-0.535865352626883,-0.388755497614757
-1.13240440802054,-0.773622227361564,-0.559736652211822,-0.494861045111003
-2.0400016837928,-1.40545761321942,-0.972670699799261,-0.733461844849011
-1.93249491435597,-0.956014587926524,-0.409568434374212,-0.168136632950036
-0.964873108067319,-0.15904266657215,0.232431661565105,0.327640148050384
-1.95071037326189,-1.26803246876025,-0.851422301912365,-0.661273918258641
-1.37237011863632,-1.00548864628339,-0.737665450467191,-0.576439231735201
-0.708747651172261,-0.50879066037832,-0.375328128666197,-0.316498072511079
-0.633102329386949,-0.269826657895733,-0.128185035599792,-0.135989920272474
-1.0293260564991,-0.790558419758756,-0.677257432755686,-0.670058348489355
-0.664059981453662,-0.2825485625666,-0.104722707541069,-0.112215866967127
0.0463344539160885,0.586943585204424,0.914392011979827,1.02740726508369
-0.774495551193731,-0.262993799534755,0.077337089734631,0.242696641031372
-1.23119435302075,-0.619257007439837,-0.312525577466197,-0.209502313494231
-1.232351039642,-0.594975204614626,-0.26703787574125,-0.190877023888104
-0.983708393345965,-0.277889486921989,0.203526605574571,0.469944229808592
-1.78313018915496,-1.30709040983157,-0.958376256032212,-0.749346530767727
-0.506091517571694,-0.168996314176856,-0.00550211890154224,-0.0202696553691757
-1.58786347518659,-0.886074268517413,-0.532665809403691,-0.432263600135619
-1.37456954397848,-0.945122712594806,-0.697133979557799,-0.623584973327622
-1.64753365246721,-1.269920664164,-1.05295801730888,-0.994496790234554
-1.40511505190753,-0.768092584697338,-0.416755527899831,-0.27146190607571
-0.936924079453886,-0.513533185631925,-0.264424490897158,-0.183125785873607
-0.916316263976587,-0.668031623234176,-0.520008283681677,-0.462843616595394
-1.41673009335214,-0.624008622679804,-0.190960316551438,-0.0172570174106962
-1.11231604149401,-0.559202992439375,-0.249124314135975,-0.137091563184111
-1.55565579065536,-0.899077331425749,-0.519840921612542,-0.341151101443351
-2.08062016861955,-1.74691448296527,-1.52918452459804,-1.44069013759523
-1.31189890993115,-1.15948836504181,-1.09306352108577,-1.11813250856963
-0.857450139384714,-0.388586915227925,-0.127969508946623,-0.0604273380624206
-1.21743766184004,-0.600522447851058,-0.24598989235065,-0.10930785730448
-1.5381774082007,-0.907871060890025,-0.536334100506262,-0.357118741485742
-1.22493647647268,-0.567666645482628,-0.180871776864735,-0.00598976586981226
-1.00493035280804,-0.500579296651167,-0.259195593873799,-0.230887302812493
-1.22636591138791,-0.737372317238787,-0.434964032449898,-0.307911478294142
-0.382642702864052,-0.244199250093569,-0.177764411058547,-0.20228921973054
-1.30205101874034,-0.708899284302543,-0.382061493156108,-0.262008486050031
-0.94828211062223,-0.519600682663962,-0.279237232117756,-0.218891823391164
-1.52663011110306,-1.2295031937071,-1.04590729751981,-0.973505208614456
-1.5379904991194,-0.890118025546331,-0.476334589475006,-0.295825376873333
-0.689077321650716,-0.390023900785848,-0.203843545888788,-0.144054846707883
-1.50155265249438,-0.877327219871838,-0.534801226623781,-0.390425487811587
-1.09550527600947,-0.468729448144166,-0.121504193233938,-0.0112570912315983
-1.95130370221909,-1.34691716324004,-0.961706686231996,-0.796491340461272
-1.29788112799675,-0.968392591526864,-0.79479620419528,-0.74061836978127
-0.850230042008445,-0.0668012253348648,0.44137331293453,0.680905685780778
-1.08876025389039,-0.773394048053621,-0.550181347960735,-0.418565277809065
-1.01363814637295,-0.502968830482872,-0.181862913944417,-0.0399781796427205
-1.04132642291735,-0.545345367814498,-0.256824839370411,-0.150366335792098
-1.47928148742974,-0.827728787789532,-0.472351631614185,-0.332764925512081
-1.40067723716657,-0.840656263538504,-0.472553761911161,-0.285038822047511
-2.18721217799691,-1.43980817918217,-0.962479267752349,-0.744050543771789
-1.13974546325813,-0.748037236530633,-0.451594128132664,-0.249347228067496
-0.737889076470272,-0.29399263831981,-0.111202311942592,-0.0953061677946977
-1.640748206575,-1.02680275566183,-0.636485790651329,-0.430790424590475
-1.26529320812797,-0.688364581309507,-0.346600882787803,-0.184033529864411
-1.31321346448845,-0.736864196429903,-0.399436706338468,-0.27625402539853
-0.922842137614354,-0.426702153597223,-0.14413417681786,-0.05373598857611
-1.43969691045033,-0.853727174171389,-0.442352297583408,-0.201614063001601
-0.847272651840901,-0.321681850895552,-0.0478569716716935,0.0218192908781963
-1.33982947869075,-1.06236987627412,-0.917421407997251,-0.879295087344938
-0.92011101975252,-0.588438745479713,-0.41095041103759,-0.377467090401829
-0.926939020804953,-0.494894489690272,-0.199855133098719,-0.0416643384942888
0.115274013789932,0.537036467215381,0.797756455357739,0.881728064612204
-1.4755287108766,-0.976781703002088,-0.681165381236168,-0.571161732043285
-0.758934007211384,-0.47086606609455,-0.314278331210028,-0.3088056460368
-1.46346458840813,-0.884484820607588,-0.517929045410789,-0.337659293557132
-1.58192524582611,-0.875183554647696,-0.387605697481748,-0.111145932148579
-1.73337126735315,-1.47070657450576,-1.33735667551976,-1.33896289539599
-0.740448627936247,-0.572356590584845,-0.492301718891767,-0.518360749733935
-1.38865008378667,-0.741663989312019,-0.288663991979886,-0.0370095690072172
-1.25954593247884,-1.11836916440852,-1.04408376793492,-1.03541988792347
-1.92617590831322,-1.19943854855673,-0.72876832560552,-0.457459707840308
-1.16527905284179,-0.659386583113009,-0.378781021718659,-0.283538866922329
-0.924972969556664,-0.512488192136028,-0.222613716421441,-0.0595236478800576
-1.5610667052318,-1.03225264837956,-0.68864402395559,-0.511750670240438
-1.31844700544029,-0.793811398779315,-0.468424855537264,-0.334540162804984
-0.949923697195869,-0.601630486144815,-0.40774429205553,-0.368626423901499
-1.12916582502488,-0.493278359900397,-0.127464804137691,0.0139345692916623
-1.21647446281789,-0.640872802527252,-0.293273979300909,-0.13424595042365
-0.413558673129303,-0.187025679012961,-0.0761241689899644,-0.0853051439932379
-1.24996593900688,-0.760467470250934,-0.466831031707821,-0.34981165494323
-0.396098378022036,0.105366840835027,0.39974262032393,0.490465119654808
-0.855133102127586,-0.370574777474777,-0.136904824974646,-0.124662089958225
-1.21732258995638,-0.478402894752171,-0.022900859526553,0.193705890039232
-1.21694995221644,-0.647053946609474,-0.297704710606192,-0.137784515468513
-1.68805093501221,-1.25597053773024,-1.00364004065796,-0.900301737128479
-1.17189822881919,-0.708737138834471,-0.427631184382917,-0.321309928465669
-1.690710526648,-1.01269537318766,-0.558804629093873,-0.318703919983004
-0.987191858091472,-0.486640989202734,-0.208377871706445,-0.138254538484514
-1.40520887112768,-0.858736192640598,-0.457950646502312,-0.226121287646951
-0.961905288365932,-0.659270224922917,-0.478408845484114,-0.395266326455259
-1.60306577019433,-0.801734890933227,-0.283669829918356,-0.0327192639438763
-1.66511895282061,-0.95590020349304,-0.536474642039759,-0.367605029821085
-1.05814335023564,-0.577850097321459,-0.265891487332403,-0.137971800408608
-0.215608884420991,0.197447738388002,0.414595643854334,0.461745459549154
-1.37771657349889,-0.966553819780973,-0.713578608859653,-0.611649235092945
-1.91960440280133,-1.49063866605469,-1.24721561576684,-1.14297744089605
-1.28151826443301,-0.548475868146932,-0.0417629066389089,0.241150054968382
-0.823210628899792,-0.448616814927933,-0.221476072755117,-0.142415326004529
-1.44072991100867,-0.993497107449098,-0.704780529488811,-0.527761476156523
-1.10751824774205,-0.574387906493575,-0.243984466624273,-0.103506999652005
-1.50799770039707,-0.922261404724616,-0.56363638630462,-0.405441766336977
-0.401662219117254,-0.242156180168768,-0.109675908792447,-0.0365541134263723
-0.333798302405047,0.1138128429646,0.309581967422131,0.305611660673244
-1.81748522849725,-1.26717873388646,-0.944989096342515,-0.813363252196691
-0.709954273102309,-0.393729798425049,-0.23655996896812,-0.23345245866522
-0.688113619897807,-0.460869616833063,-0.304527790571222,-0.235552885447658
-1.13504742905395,-0.511735106666745,-0.0598613655009116,0.231562595117866
-1.37732848508725,-0.700786234677725,-0.245254757718088,0.00372471323375131
-1.04768420234256,-0.658567070100372,-0.422814951696948,-0.32930152178908
-1.67066212550244,-0.869115651273885,-0.326485656116346,-0.0374618325228245
-0.225342212707154,0.153092141585109,0.375167453093488,0.419773845515655
-1.75411521643084,-0.99315293375154,-0.516069797091965,-0.270126591776561
-1.79307933890714,-0.946614457340945,-0.398156240931968,-0.120770728973536
-1.41506207374667,-1.01623063779042,-0.810597028973533,-0.77369675048655
-0.906320590570373,-0.543528179945954,-0.328575373863504,-0.252280617084103
-1.37894499940296,-0.68640042625671,-0.268541837333676,-0.0594878355168556
-0.889545965468668,-0.419233529603642,-0.19829801779808,-0.147265795808193
-1.41225146071338,-0.854242613182664,-0.471898400980368,-0.248301453969959
-1.24432033805379,-0.850744510336749,-0.600907138586433,-0.503718742327236
-1.39288552886364,-0.686942027502343,-0.274974708747352,-0.0728353003097101
-2.58457297091805,-1.89693661573796,-1.44503617403978,-1.1940757312267
-0.762052531175259,-0.455825861998447,-0.299450116335902,-0.306679406592016
-1.60069952266929,-1.09271814311218,-0.739391976898426,-0.562728264048112
-1.42736726411662,-0.794476031427714,-0.385923222030171,-0.186220706730937
-0.614690496287429,-0.262485776612148,-0.0430496811185913,0.0497849057800501
-0.86261901764576,-0.651298850916965,-0.540015751029928,-0.535054500166499
-0.461888754080639,-0.357803123267247,-0.294777194026438,-0.283688468330914
-1.04399267308682,-0.570825079271535,-0.325025156290128,-0.272181426634586
-0.815058055695826,-0.0781718862420711,0.426099003470791,0.714470293168041
-1.4902722594765,-0.963991710763277,-0.646363715473763,-0.517480185832147
0.0760855770673365,0.337353719317767,0.466722394218071,0.450511006571176
-1.78005839735806,-1.14158126116892,-0.80809006238296,-0.690958877872411
-1.93798069945808,-1.02884762928784,-0.448913219275246,-0.15482488337091
-0.742375265385485,-0.142096381828151,0.304847641047684,0.588622948246765
-1.53256258755054,-0.928959064087186,-0.584190659843178,-0.44618167087738
-1.09950744199189,-0.943653389295065,-0.807879932222758,-0.707589322871009
-2.33695564895675,-1.51641693992335,-1.00472661793829,-0.770112709431717
-1.50466613196035,-0.824547524889104,-0.354457242510598,-0.0920973385464157
-1.1861796781224,-0.822076790328645,-0.565226795437992,-0.426692307193144
-1.89855073357664,-1.28909205175431,-0.869701177171371,-0.630820440687115
-1.54504384719352,-0.703214807991636,-0.116682250054548,0.22982970972006
-0.814148487385194,-0.489817013089668,-0.390957821169435,-0.472707356753035
-0.301788479651475,0.183208129740166,0.480851026653381,0.598405426666052
-0.704076484254081,-0.0297574996567268,0.335187285268303,0.450063201219122
-0.721468692331196,-0.711981293502738,-0.759721704891326,-0.881801761010515
-0.904552494443962,-0.31496933126318,-0.0415234535386876,0.0133237078950236
-0.945320195387537,-0.40143491231995,-0.154902014019738,-0.116235504479834
-0.749156977878098,-0.230907331416346,0.131581536835532,0.323667862285849
-0.760960421036064,-0.458124533157751,-0.309232504864165,-0.295813460126806
-0.772422499773211,-0.41255693912163,-0.183426710797412,-0.0877439866153938
-0.609806492118367,-0.447212873149603,-0.373067554400623,-0.390504490142961
-0.83828486429565,-0.319761650480421,-0.0418967335557012,0.0301616821557342
-0.267774953691496,-0.0547296602191168,0.100848231703169,0.170747171027658
-1.09878992357325,-0.537894980114533,-0.235348853946161,-0.134310606437739
-1.15123111778486,-0.902602363709517,-0.7581483068079,-0.700679092506462
-1.41771118385444,-0.792911221114353,-0.390545933354155,-0.180907879306277
-1.5543208540714,-1.24492692448835,-1.05199319113142,-0.972285139568021
-1.62691847391079,-0.821689251022596,-0.417117362826027,-0.269100813514564
-1.35524919406893,-1.0532536361522,-0.875870478054309,-0.815026028035318
-1.52755696053538,-0.876587791103214,-0.483178944931472,-0.33557485801469
-0.801068514362404,-0.452393160031925,-0.348190036279422,-0.395287691744506
-1.55348974770847,-0.912727522477957,-0.501768830600832,-0.279668475372827
-0.683064526866828,0.00253206740401675,0.391936816209302,0.511846827496645
-0.845795214311335,-0.561900061232007,-0.392108192826713,-0.334251804637401
-1.52867441146644,-0.978552705410699,-0.602297126008647,-0.384659490198004
-1.35478840458376,-0.831303935092672,-0.554557967172215,-0.472026743020233
-0.401543779699808,-0.0902316778045653,0.114980376221302,0.202406050215305
-0.531096062939828,0.150125023725147,0.501947454234248,0.582274046212611
-1.85973846559393,-1.33356936604925,-0.988229855069549,-0.815648774198083
-0.342686534801625,-0.30575335398074,-0.28861785973946,-0.330893023535545
-1.14572863558314,-0.48453332154098,-0.0951490780550022,0.0636754055603408
-0.875887991014268,-0.582334432568642,-0.414371905953403,-0.368273486949832
-0.711873424296989,-0.17176959650148,0.130047015283608,0.194834552675282
-0.633944481741251,-0.468785012020305,-0.429552908371752,-0.522231574773106
-0.833360271802422,-0.601385717817887,-0.48993207730418,-0.477002752101642
-1.50769501315059,-0.802795138161139,-0.418183574035907,-0.267097106221307
-1.44568867270629,-0.93952166088602,-0.684246023762982,-0.608064917848161
-0.447735892440926,0.0587726247544886,0.296596038178599,0.317600242678842
-0.809930713509979,-0.0931864539819076,0.289514722837554,0.387688730922686
-1.54469058982452,-0.992310787406921,-0.604713087075994,-0.378577433546825
-2.43529431058078,-1.76358726931308,-1.31929938873219,-1.08405143180353
-1.56485581226938,-1.12141200054043,-0.81131622750866,-0.6262921996258
-1.37815109549478,-0.564804039327604,-0.123358084013959,0.0437767464131307
-0.931278940265936,-0.478334854838426,-0.222460566048358,-0.137463871903997
-0.981199318185394,-0.469515803528354,-0.15266489493666,-0.00646415148286991
-1.25842665423443,-0.715107199282352,-0.400470780572287,-0.303015427331878
-0.785429268993953,-0.467356625126906,-0.290428003374584,-0.250398527602692
-0.393415656911482,0.061163079664054,0.296805087807119,0.35408264856569
-1.38889468378721,-0.743527217438548,-0.310127802219554,-0.0641292243037449
-1.3756732650116,-1.22359887895759,-1.15043905576608,-1.15344768446418
-0.743713595795154,-0.182204228338034,0.178980011308885,0.350633301252268
-0.528058339794393,-0.0845917840072398,0.203128641971321,0.339825915521049
-1.4744255031384,-1.13730823283292,-0.965015403500777,-0.937478756510217
-0.870617064863995,-0.481256959194993,-0.260339573006511,-0.187913428773117
-0.978412435861413,-0.523223500181288,-0.281212500137116,-0.234202208139472
-1.36889830189015,-0.874769531055306,-0.507320787100623,-0.283243116545886
-1.3662822125716,-1.10103366687218,-0.911978542077274,-0.804117465732818
-2.06252501218534,-1.34023551090721,-0.880712925800167,-0.654577632367025
-0.522830446875109,-0.223061054446357,-0.0497257116349373,-0.00358051051286956
-1.45425832190558,-1.08070550846077,-0.838182368600074,-0.724051469265158
-1.16322520449275,-0.391476029037737,-0.0202218214380276,0.0705431280681162
-0.62866908354555,-0.254299070038007,-0.028125285323537,0.0589756863527131
-1.29204406528502,-0.461228634424124,0.000524731742701873,0.193357133474844
-1.78299376211159,-1.49418373670833,-1.32315226603335,-1.25058464530922
-2.01102741267601,-1.43892704824305,-0.984583983604043,-0.661725124711054
-1.78680852502761,-1.08922472709203,-0.654873778088959,-0.431661747563071
-0.656035744150149,-0.389419817062561,-0.264392688748212,-0.283864990094019
-1.12796394902183,-0.583716022132572,-0.272024415888004,-0.16909665365357
-1.42162206344735,-0.714895203359732,-0.30489652392343,-0.114697310017702
-1.8852631181191,-1.37562250437474,-1.01552235897562,-0.808654013012424
-2.09120952964087,-1.61869812736225,-1.29590365579283,-1.1185663965728
-1.09780955197922,-0.548032680806696,-0.225283321539679,-0.106133532704431
-1.15181109587556,-0.631973649268387,-0.274699093421107,-0.0868715608457483
-1.32137459509411,-0.759811120665167,-0.425965201730021,-0.258029363701011
-0.936086071481816,-0.341109736769156,0.0514251468353581,0.23185153671349
-0.486703527842774,0.0360262274854182,0.370419655924498,0.512316375657833
-1.07928607094356,-0.387864299072411,0.0127731242815268,0.184430839430987
-0.496595188018778,0.0691505186534822,0.389282937599656,0.487749266540069
-1.08735128735572,-0.453006675374311,-0.0450058857291429,0.144530833573808
-1.3945015911295,-1.18086752993346,-1.08340617681914,-1.09033542811084
-0.985241959230572,-0.687091066904016,-0.539202136119189,-0.536126280185246
-1.1097482665059,-0.598978352858429,-0.247894928810892,-0.0526396089266539
-1.06402142348512,-0.40946795151,-0.0482205686912786,0.0710377090796096
-0.702326754360624,-0.498288206800538,-0.402043630680655,-0.416862532252127
-0.666597914446392,-0.512381592835012,-0.398165036316236,-0.357832512453141
-0.671649356726245,-0.103446014957355,0.190037078280949,0.253523134146203
-1.60400564574118,-1.17907253682385,-0.865368390810956,-0.677366195394212
-0.717690657022033,-0.269287003460341,-0.0281335012756415,0.0419921165419032
-0.96704275421125,-0.450111164376639,-0.129290357276316,0.0186597420800088
-0.645991479540911,-0.346664226730337,-0.204289927639986,-0.233587851437909
-1.43827869079583,-0.750337469565731,-0.357877578586028,-0.224906221337641
-1.17354036261594,-0.501475224834207,-0.194297049776651,-0.142170482584722
-0.406510487900531,-0.236986538727199,-0.115317474292164,-0.0811476055229116
-1.65190758453959,-0.92748340845062,-0.477131986987604,-0.275025392941859
-1.58931590234469,-1.40504409562231,-1.30975747551237,-1.28816777102115
-1.12036494094465,-0.723120744889639,-0.528388885958747,-0.499877420131236
-2.00326642688218,-1.59548200862544,-1.3196316877395,-1.17162268042697
-1.53892714664674,-0.92052740504255,-0.577894716854981,-0.437498297158193
-0.89904462917101,-0.463738187394921,-0.220013909418623,-0.136871692922558
-1.41383350924988,-1.15670736972383,-0.962661091241798,-0.834517456411214
-2.03637205910836,-1.32299822851288,-0.868655888460554,-0.62568431838916
-0.927636566036544,-0.742876544554382,-0.635423466992141,-0.613668769254796
-1.08330726601915,-0.484136321940123,-0.129847296848389,0.0218143458976817
-0.917934871278929,-0.314095160633311,-0.00398355075015425,0.0919295733457839
-0.86711313127484,-0.527788172690597,-0.296521480209844,-0.180464735185523
-0.46626501373249,-0.279256063824458,-0.192000604777337,-0.210146401147424
-0.531573832436697,-0.164397880446989,-0.0210010460418,-0.0623162058267658
-1.03565761324259,-0.580033262832142,-0.309002622182997,-0.196555554493991
-0.699728040791617,-0.00939166225736603,0.37364200973904,0.493623231761852
-1.68133733451765,-1.11496804322637,-0.763979752866147,-0.604580711203881
-1.11942242861313,-0.47467594771611,-0.121545183856701,-0.0108517970438655
-1.02665981270465,-0.562832511479609,-0.294293128576066,-0.181537615621917
-1.13881591530227,-0.61902808835606,-0.314424183531661,-0.21428900735349
-1.97634764431544,-1.26967862504227,-0.813425039450929,-0.582346563928102
-1.28923404313284,-0.804530198881786,-0.501615905821171,-0.363742756954166
-1.12089556172968,-0.67708709562763,-0.419626881186208,-0.32971014659255
-1.47283129731395,-1.16982126360361,-1.02268547775809,-0.995012767578295
-1.28124803948888,-0.687354969025208,-0.309036869546791,-0.117133615207979
-1.42399459752024,-1.03508044692929,-0.803938518539451,-0.731767471969575
-1.76628908650928,-1.23856767845565,-0.89801401574458,-0.732598350648286
-1.19294440816203,-0.658998250113491,-0.440044791562101,-0.441900002909808
-0.970166013500209,-0.589926844470725,-0.406203881507162,-0.408505765085243
-1.83319456642793,-1.29636222862597,-0.894554356763798,-0.635229131092442
-0.973102526146214,-0.318104643851666,0.0188430945246982,0.107824653082502
-1.15781008869603,-0.475462355334286,-0.0771605084512474,0.0841545348332282
-0.773242264185275,-0.120560510586355,0.256665186249747,0.405543978113439
-2.24760368729198,-1.84766269219539,-1.5900610380762,-1.47684974889237
-1.87299374221972,-1.35635994434443,-1.03395437983521,-0.880992704489554
-0.995101242021256,-0.286868953644871,0.151372914519638,0.343533159510242
-0.691981856712391,-0.367218116240821,-0.175182131931508,-0.103182004869658
-0.96042929199381,-0.297522599082918,0.0459145463088363,0.149468325223385
-1.26730712723624,-0.752567833202779,-0.424025931616433,-0.278013870480815
-1.20450707948446,-0.738886286231948,-0.476733565110448,-0.359053930350584
-1.13010623748945,-0.423489697436811,0.0158191078786954,0.209916665856564
-0.634014585121248,-0.144989878316293,0.133723382468605,0.209868854985465
-0.0846073285687031,0.145012781157679,0.305084191379791,0.37927855126721
-1.419001588611,-0.77221797931847,-0.399352460126844,-0.274880212749871
-0.805025146438842,-0.390759370327727,-0.149348238721321,-0.064767851715103
-0.733510557649196,-0.358492663893928,-0.139064832378721,-0.0768796989527304
-0.658478490114427,-0.23513851405846,-0.0136224653280018,0.0391472244779152
-1.2545717395473,-1.05042185485421,-0.918267340090683,-0.862619340482089
-1.47786461638134,-0.630894122777372,-0.0673230730171982,0.227456420567816
-1.57404955197216,-0.96014958899012,-0.61977438470429,-0.493618612837001
-0.709016118016925,-0.181794058265876,0.100981370814683,0.190932809066385
-1.72001194719691,-0.948720543811695,-0.512023780773074,-0.343375273868927
-1.46095580280299,-0.753140914537136,-0.33293916850856,-0.165728912354449
-1.48743085023735,-0.922916361537381,-0.645624664471639,-0.583861276139363
-1.08391298196567,-0.699940025203999,-0.488644623883699,-0.419964875030509
-1.31415685006087,-0.694703100652037,-0.28315577159775,-0.0674765507569988
-2.06698743500205,-1.30840608278422,-0.785053877839942,-0.461253324036148
-0.678046959440877,-0.543055569858258,-0.469257442544479,-0.472228254605707
-0.122362792250286,0.34395368731522,0.586512533977792,0.632102803000214
-1.19584055479218,-0.676039640497731,-0.332333108316374,-0.164076334597621
-1.52935838788122,-0.843930334537795,-0.35814000114452,-0.0676390812967504
-0.679771179140077,-0.359613088270032,-0.168771443564537,-0.104366763027028
-0.896721944972445,-0.248386743127304,0.154462947641659,0.34597354579743
-1.20348744995663,-0.772362239730084,-0.491037552593009,-0.371465852750747
-1.31025368691966,-0.711048666628317,-0.291385277688669,-0.0500270119500081
-0.877990478389932,-0.103898297789886,0.270564959443247,0.376610102346637
-0.735111256777246,-0.156470302055257,0.205208602554494,0.359956642446044
-1.15920034271725,-0.793940487528212,-0.579798575857181,-0.501126215121521
-1.75735056474336,-0.82262020783089,-0.337212266028146,-0.162932436581613
-0.992910836251874,-0.84779081313541,-0.767825057220796,-0.779683646704251
-2.05296480555641,-1.42336613963508,-0.997053381467139,-0.787314656240114
-0.741941830196545,-0.4449632055594,-0.263635506466313,-0.211369428121482
-0.625960615447575,-0.120821662486651,0.10907228322348,0.14163386871653
-0.680657486558743,-0.125631284272792,0.238107806760518,0.414015603976322
-1.63079396039984,-1.06412642229336,-0.698204437652382,-0.519172039586355
-0.831415297738999,-0.333755646701762,-0.0683056304904497,-0.00272105828673097
-1.02824099815888,-0.760744093704382,-0.584943354214378,-0.500571259548957
-1.34265534571334,-1.21107104688186,-1.12845652214145,-1.09465989795239
-1.45894733306265,-1.01599746449144,-0.817435100744805,-0.769828127808449
-1.73611724532835,-1.14910436770858,-0.747144123350404,-0.527272907694193
-1.09020035325261,-0.542215774169219,-0.243086122425538,-0.137379276105187
-1.32786246153097,-1.00414512352679,-0.796283605362509,-0.717245516716594
-0.757649491014527,-0.353990637252063,-0.0550140337905672,0.119629158397937
-0.253710891966657,-0.0562817049464424,0.0802102935511982,0.132854687381565
-0.899045230634609,-0.332134924619175,0.0304734205853388,0.193733714414519
-0.5432495655982,-0.00339365709291358,0.234316542371032,0.227323810047854
-1.00744443657889,-0.639760705726357,-0.453982764577438,-0.438128989554103
-0.710594059560682,-0.577150756766669,-0.4993848852401,-0.499820974763082
-0.832019284122991,-0.276418021652419,0.0715081202418568,0.223964433430751
-2.1597347734338,-1.51247811682815,-1.05852729522036,-0.819842478773214
-0.87151762992237,-0.440398813636891,-0.253143962682546,-0.257017909301084
-1.2117673700115,-0.746034997641924,-0.42996268662988,-0.255159647664411
-1.26735099919328,-0.710883550438709,-0.460735833829109,-0.431981984649656
-1.33690307652502,-1.05265439657672,-0.878794717987198,-0.810054922027231
-0.887251877373905,-0.458417111062351,-0.190448778234983,-0.0896214970896511
-0.821175069261527,-0.287956985818303,-0.0405418629493867,-0.0331434412596531
0.572601411723909,0.326526216564216,0.178060346525062,0.0380959368960507
-0.933690562490116,-0.478607603956505,-0.162312102432295,0.0054905549298559
-0.47624998100284,0.0933991432933341,0.338183706146727,0.339878906474769
0.19648415660064,0.449066194716438,0.576823663227805,0.568950311873101
-0.635205027216421,-0.387303872201436,-0.289671732621709,-0.311780666875446
-0.848963934142287,-0.536556778001089,-0.314205145288793,-0.186359807552639
-2.30638226833937,-1.79208432660992,-1.43745450820826,-1.24817975516262
-1.59899673440323,-1.23000130938091,-0.992521190092167,-0.876684219737037
-0.905916320194105,-0.364421223649263,-0.0114048565369968,0.133994163892449
-0.48273793765243,-0.127621292610667,0.0835206740173835,0.154026012953257
-0.671563143710972,-0.252321625844551,0.00651568988759545,0.117015931202076
-0.770478716624665,-0.443187998809379,-0.265832586203094,-0.222260451396872
-0.590808777713895,-0.476564333356525,-0.423983339519812,-0.454989279475648
-1.42423954976059,-0.921723916301467,-0.629634112884242,-0.521817146371551
-1.98558079115383,-1.38519466155194,-0.936178004617598,-0.643871654034492
-1.05863574177098,-0.621827095546021,-0.384802764013019,-0.327837194956853
-0.666281214486476,-0.364193650354651,-0.176312618076179,-0.110281098150391
-1.63601116777225,-1.02794452315199,-0.644743470510656,-0.470375438057345
-0.843185948922478,-0.674315641733014,-0.583340775927921,-0.562582357130492
-0.992885165316229,-0.380221778548249,-0.0762176184099591,-0.00659332715499106
-1.48271020687285,-0.646607515747611,-0.0587354880534147,0.275382696962893
-0.983392790790139,-0.664696354842147,-0.488841278287452,-0.452227734177242
-0.790348809284078,-0.468587775964622,-0.26289922449584,-0.175909673785711
-1.60410291341499,-1.15765862408752,-0.885730792403357,-0.762040605017239
-1.54360636208822,-1.04911196662417,-0.731067468775862,-0.567441416063412
-1.65100452304699,-1.14104766162636,-0.808500920248874,-0.63988466347773
-1.10465429781248,-0.775334029995855,-0.574680311593266,-0.516231409439072
-0.569589761759214,0.132738870676102,0.474006587691295,0.537721338414045
-1.18800086150848,-0.765290926766277,-0.524584085664392,-0.446948852073544
-0.806272700918013,-0.255436955713166,0.0318295100529312,0.103976013586581
-1.15421516062821,-0.667594323594611,-0.400922573392496,-0.311955892590728
-1.57416305042662,-0.98001642002869,-0.606413258761348,-0.426125433433944
-1.00974510315125,-0.546360496354019,-0.259207555263089,-0.14514703379111
-1.02690833570263,-0.590999793022724,-0.31918536710349,-0.189620169925252
-1.69535162243881,-1.01065028168367,-0.64520070123394,-0.524476525221483
-1.93680290501219,-1.29838083910714,-0.885131809353165,-0.672027825851303
-1.66252942106441,-1.28198227684927,-1.03800073205787,-0.937701702074588
-0.628963011699473,-0.257217325921935,-0.0492046409824397,-0.00369595948264367
-1.51723381564585,-0.779304678509869,-0.299035214498368,-0.0651988250604255
-0.499785761784578,-0.127533307993741,0.0633407554691342,0.103138387370409
-1.94033234771424,-1.33968493257886,-0.939444047004717,-0.724207653748899
-1.14015849979112,-0.598227168301528,-0.266484133791661,-0.129145031026303
-1.35957523048279,-0.536468662336654,-0.0384228178842619,0.16942802613086
-1.25575135715835,-0.69343631136602,-0.35662723088824,-0.211674810478908
-0.72834586799998,-0.199939796626406,0.117595914809763,0.249107448385606
-0.827885202147223,-0.249698152287902,0.0813705168335836,0.201367276124763
-1.10557773850732,-0.579096745612797,-0.318323780344361,-0.294177572545953
-1.11345258995724,-0.784398323336419,-0.602743028449595,-0.579721647227468
-2.1351430543983,-1.48335273226668,-1.11401832681809,-0.943625136685058
-1.34942257287258,-0.783317038525287,-0.500427527903718,-0.402783686058079
-1.33676544512869,-0.818790386918388,-0.549413698487552,-0.455380004654313
-0.600789969233504,-0.0465132011554887,0.278792983405106,0.392179090270375
-1.9803843672095,-1.68268939178734,-1.46499091070831,-1.32119123380248
-1.63565614281151,-1.06163954996797,-0.651124337685366,-0.389041998080142
-1.97917270946098,-1.37638572295476,-0.948316893239139,-0.701784281718974
-0.714092203105367,-0.344356403925986,-0.199754983037404,-0.256035629267719
-1.24748705289837,-0.658788205442256,-0.329403031662944,-0.208730254793362
-1.62698478485692,-1.08731633203847,-0.766402966860158,-0.632398312901769
-0.978023690131513,-0.652886098335783,-0.502325553846718,-0.48009755672011
-0.672484862259627,-0.175390666119661,0.136261246003695,0.265261568867982
-1.18244234225422,-0.740902053650844,-0.486756629370075,-0.390021903574187
-1.88810978214342,-1.21555616079665,-0.755233991153181,-0.475518044903172
-1.3252714414483,-0.818736189193708,-0.515108476977316,-0.401420824460752
-0.915135914786942,-0.212701649427602,0.2520435561431,0.494082436803441
-0.950468245583854,-0.655488796465516,-0.469122445709577,-0.393983452992464
-0.714269903753836,-0.371626330502994,-0.207249233868514,-0.195033233751169
-0.913588424506109,-0.473275350783562,-0.223372929565619,-0.135743376754261
-1.22155850990532,-0.605762094717872,-0.242354596875629,-0.0893037175768885
-1.06464682399679,-0.509005854338151,-0.263616260617053,-0.285731443515281
-1.43292065684079,-0.842134660008299,-0.518867646802923,-0.404076857063374
-1.36189769989161,-0.638025525810986,-0.198859955236174,-0.0177739087487743
-0.741105808257164,-0.429872092952303,-0.215951498484124,-0.112473503759198
-1.84374676318074,-1.30725626169437,-0.937344920573696,-0.738493155820552
-0.963186425590891,-0.665188742540412,-0.493473266281194,-0.440980521319063
-1.53905476770779,-0.848349122509144,-0.409588666008691,-0.207401906468389
-0.539725765509829,0.0129283709252837,0.383510250579627,0.561987355532051
-1.3640394246943,-0.938937687987599,-0.65580761315043,-0.504844146235513
-0.798080597432478,-0.3456214430653,-0.0790480380085416,0.0256560963711222
-1.43813621707227,-0.761220282623931,-0.395112739168291,-0.266197055044184
-0.688164564917247,-0.395643708651098,-0.266649116753033,-0.26623357663352
-0.94974255685959,-0.555382445417603,-0.371999366250607,-0.357228292475944
-0.893289866322088,-0.307445362969502,0.0602524442477506,0.220334893517956
-0.959688012421427,-0.207596631566024,0.138052108904891,0.186388028839353
-1.05897185908503,-0.331225257689183,-0.0595362666120384,-0.0482918141637127
-0.572388441189456,-0.201905334845794,0.0100140019541864,0.0366110470622359
-1.47826316232768,-1.07767892756629,-0.845242516401727,-0.754454767732508
-1.86012076717417,-1.20625784577735,-0.842338610249351,-0.685132572102115
-1.86290780757727,-1.28705872849025,-0.913475342719834,-0.711854231313959
-1.29358742163285,-0.647354724176241,-0.235730133120732,-0.0317867051213635
-0.808866672658452,-0.0889830982949718,0.315970007708363,0.441149022830396
-1.31277900916387,-0.674315230970008,-0.227161616487273,0.0107841015469763
-1.39282138914289,-1.06992346713455,-0.84604657441024,-0.72734765419769
-1.31524741685049,-0.950445269910679,-0.710233138488188,-0.593204848784642
-1.36538375480045,-0.921873976717606,-0.591354407086847,-0.361912284585553
-2.00562642432797,-1.16049074750694,-0.690950529502871,-0.49286540542177
-1.01215884517534,-0.827160246747106,-0.719538441797002,-0.688545912421279
-2.06450055809677,-1.52145712370262,-1.14168676670226,-0.918308150432892
-1.474322383643,-0.747128984916075,-0.238836497363924,0.051464318491592
-0.942119849384356,-0.458246214783434,-0.179971423162044,-0.0751577153683694
-1.68010896293722,-1.08384677101101,-0.74188241470984,-0.588028576622228
-1.62778744653695,-1.22169816799159,-0.942896178986713,-0.787513805496838
-1.59744753854135,-1.28891328613785,-1.12398209569649,-1.10302993308046
-0.84535765704024,-0.341185811795464,-0.130576781054123,-0.13571189079464
-1.5220030271762,-1.15298902273902,-0.906370511129736,-0.777048088574214
-1.19364697626782,-0.577450888868173,-0.225785165332137,-0.04915489145567
-1.40904944106746,-0.836583998020896,-0.510885622072927,-0.364709218652314
-1.5372505036423,-1.09990080340673,-0.841379694811056,-0.737341333058091
-1.51877288288936,-1.02388593161672,-0.725749831950253,-0.587882096824323
-1.13375156245367,-0.61515421984265,-0.357263186132117,-0.294787635097744
-1.59859658054845,-1.21093413530096,-1.01385402689742,-0.951485926438074
-1.48878833965287,-0.718883742369212,-0.332438350654848,-0.209099390137628
-1.61712721603745,-1.0292553496889,-0.712450162674411,-0.560866050262356
-1.66587798359476,-1.2105019280052,-0.941984454308255,-0.815595290494927
-2.07043229184864,-1.68697204218505,-1.38982826567661,-1.19056998032238
-1.2124099461635,-0.819283099587837,-0.593817842180557,-0.51534141928139
-0.781263910892044,-0.61735758679583,-0.519425490888967,-0.514195770011104
-1.07088700782113,-0.640227889058933,-0.436201635250799,-0.393817581816611
-1.19249438603371,-0.6395603309675,-0.299397108872151,-0.159857868022388
-1.21361264393424,-0.890033342651519,-0.692235097184558,-0.628734019022796
-0.950201390973071,-0.57094303635368,-0.29980786867802,-0.149293308586075
-0.770016379055626,-0.220188579558513,0.105067314432542,0.216570175436783
-1.87687729424242,-1.25892226479353,-0.922322374441008,-0.79386022322252
-1.92843089207265,-1.55319899396211,-1.34327789276892,-1.29625775774111
-1.07907736698278,-0.436362668211882,-0.157394053408765,-0.114961082101858
-1.57860703890266,-1.28264592149289,-1.07679907682047,-0.964614293443145
-1.5165836743554,-0.975533297180252,-0.606483782189006,-0.416284441764007
-1.17207170338271,-0.297138443458365,0.227344996689143,0.451371929771083
-1.77046350409966,-1.26371030011284,-0.927571547014728,-0.758160216330992
-1.79392148892795,-0.909988437473619,-0.380263494719351,-0.116687503694097
-2.02044863100322,-1.839048687231,-1.72574774266712,-1.68351005827758
-1.30979883425404,-0.478365013444471,0.0272017591708592,0.260636094201627
-1.22436264575578,-0.427097840870953,0.00987582925780589,0.172919793787294
-1.50799770039707,-0.922261404724616,-0.56363638630462,-0.405441766336977
-1.45132225518041,-0.856375861540004,-0.464681021243802,-0.257909187047851
-1.32835640059573,-0.884934820266658,-0.596064140716663,-0.443347745313399
-0.963235992341251,-0.534914586987717,-0.266285391750106,-0.143814111716606
-1.32661998089106,-0.853226016074419,-0.56692857871255,-0.449991888387359
-1.84218745209336,-1.36572211216663,-1.09621920612218,-0.996213673378228
-1.63883328535826,-1.0189406935551,-0.596544733832575,-0.348925650723798
-1.49263481415747,-0.967884701370797,-0.673139650322405,-0.534838735962739
-1.31993764594089,-1.09471180529621,-0.945933345689047,-0.884447231085766
-1.018938131611,-0.671353552018455,-0.442558156884316,-0.325956556934965
-1.82642535193386,-1.3003943163031,-0.948247081676828,-0.768633832186683
-0.762062734218957,-0.316031209066669,-0.0955854164254026,-0.0726851039610278
-0.734107874402972,-0.138076402607896,0.198815903718612,0.323835961581396
-0.398510854114738,-0.335743362268146,-0.286481714779607,-0.311962895501875
-0.583384187117445,-0.222861853666932,-0.0412632306043355,-0.0347194324975116
-1.41799968081586,-0.85703223507631,-0.48308405764173,-0.272739788229117
-1.24701762159159,-0.766271271432923,-0.496686868249781,-0.400133060020445
-1.05956618224908,-0.557764948823373,-0.240861277838564,-0.0743870364130203
-1.23512531508558,-1.12528161808928,-1.02351481889895,-0.95340722320491
-2.05893737516222,-1.52692011485121,-1.18780693988646,-1.01156647167882
-1.74519620027792,-0.943937648300215,-0.411402617279772,-0.125346879613723
-1.5691776079488,-0.893503144016433,-0.478168737168673,-0.284007063127781
-1.25176636301807,-0.852391589977981,-0.623276003175083,-0.506462342105797
-1.95085602845352,-1.48833791887357,-1.18100492375676,-1.00214694758356
-0.616734648005857,-0.192976230656609,0.0727934286887555,0.177359978803143
-1.61312099804769,-0.774481075793256,-0.281645543860416,-0.0506721147750375
-0.214854047274468,0.165088131873481,0.385672100324638,0.449177421747029
-1.68082337663038,-1.14007455343977,-0.822172601811895,-0.677585665543943
-0.020222889331397,0.0896887377293678,0.13677187180703,0.113872139282803
-0.891900764372104,-0.238065844427347,0.166199918096889,0.336467800466608
-1.46103183828049,-1.13717939586451,-0.975060180233809,-0.935615802527539
-0.960631165028683,-0.428217026691425,-0.0581161549934636,0.150446960711006
-0.321636271796753,0.129204525896321,0.369894245409534,0.427214387292316
-0.831922032026228,-0.40865888142862,-0.141283709482064,-0.0120700956693897
-1.80379705011644,-1.21826406453544,-0.806941257408373,-0.556409215304883
-1.25828551622806,-0.823917672118259,-0.547150924209738,-0.422722255623104
-0.994600747904362,-0.309316132945888,0.104704544123935,0.274320858327444
-0.834875818877252,-0.326744020507185,-0.0556172805839701,-0.00503719209744707
-0.605810560595949,-0.11710462779682,0.120846371220075,0.168347460706868
-0.67515899138192,-0.452118072911609,-0.322722273394002,-0.290823605336895
-0.737713387447005,-0.101737108536699,0.234440939045503,0.344177881589791
-1.90657207498091,-1.29324060966999,-0.856978975897654,-0.590106945033096
-0.833978971772642,-0.62260362833288,-0.510570842949686,-0.50132538095423
-1.66974129133305,-1.13844039557083,-0.738007285854871,-0.490253969433275
-0.479168069279767,0.0189323070864314,0.322173284158106,0.431189999427336
-1.59566975176583,-0.956804782652423,-0.582614704029348,-0.40701844214577
-0.801718957943639,-0.191755619987656,0.209858944928792,0.415029720664929
-0.831872790467708,-0.31948862506824,-0.0512510718341597,0.0154477616956991
-0.608439081398346,-0.504161072338614,-0.412846701980756,-0.359890958539339
-1.07787299859316,-0.451903937183094,-0.116774015508343,-0.0137393807439798
0.0382625049954497,0.178838062199701,0.243007136621557,0.217055230837166
-0.871762906786509,-0.5144752000453,-0.306937556461303,-0.235076170732451
-0.699838933256776,-0.376229158291887,-0.205946364833947,-0.180227638043121
-1.08202077853632,-0.637027723586544,-0.382531729556395,-0.306617787555246
-1.15746944459324,-0.672560972354996,-0.367592975719402,-0.244108898555401
-1.46588914942102,-1.0181201653137,-0.746379232766568,-0.619007297943971
-0.861999804528356,-0.54891079167072,-0.359100091601311,-0.290667341427213
-0.461358395713237,-0.221006829608093,-0.117441349103549,-0.141880429322545
-0.863349369106322,-0.487771829360719,-0.258863595407238,-0.177842684329957
-0.992310270346754,-0.849051966189726,-0.759278527388171,-0.736147509358761
-1.56281839075124,-0.82860356910282,-0.464205727929135,-0.374985681731461
-1.27978954346869,-0.84136724146393,-0.567385676971648,-0.446686935230403
-1.17961251858637,-0.574785749192547,-0.190506631499924,-0.0349431380505068
-0.503031666519604,-0.159649327188927,0.0376670097643699,0.088561918724214
-2.06398136402328,-1.19581019635256,-0.588336335212151,-0.227677390896824
-0.823036607483836,-0.529288635451038,-0.389664827116914,-0.389647846305397
-1.70368531015185,-1.44628878884192,-1.26402198435624,-1.15328238198941
-1.59914720072275,-1.07074022711669,-0.694863645069028,-0.490960239080616
-0.654183972865324,-0.116565729940223,0.217066213197784,0.347586749121825
-1.60236546043099,-1.0947044991027,-0.786890268177795,-0.642590373431704
-0.253243658186994,0.0506600501136106,0.204315506265248,0.204812669921505
-1.57923973148735,-0.807007917671963,-0.292215225276629,-0.0217559781061739
-1.08624974275196,-0.845559528934793,-0.730207030372796,-0.72625691797304
-1.69408319807632,-1.04386436822227,-0.552476773997084,-0.241793481416823
-0.130970728587736,0.18973569783087,0.367712648914269,0.4027931844311
-1.12006409258971,-0.992585953488147,-0.962692150147596,-1.0281903570925
-1.49737777316395,-1.05211047057101,-0.735186694892421,-0.553413507828712
-0.401398868388154,-0.315236195235297,-0.250077824016709,-0.251226682640647
-1.57811779906947,-0.816881704262624,-0.360538118759921,-0.135616684512748
-1.28042484636752,-0.628263572270884,-0.201463496358663,0.0139847984930311
-1.44656707999265,-1.09470429935867,-0.889152189472422,-0.810671324918017
-1.33811372173343,-0.659267059621492,-0.242409050182945,-0.0500965481512402
-0.946480249179091,-0.776536944477988,-0.692133105830396,-0.705515439471745
-1.43933427855036,-1.00809971925713,-0.746091951954713,-0.6422044189818
-1.49782585387014,-1.04810045337502,-0.746188785321117,-0.598865039739308
-1.23513520762001,-0.463883962964471,0.013861980687955,0.244829243631783
-0.184841613199811,-0.00493921007033216,0.0928547469995772,0.0925734507020553
-1.48959531435587,-1.20389678244795,-1.0609351300099,-1.04241901641829
-0.976416640377015,-0.290022833101043,0.15728691162729,0.352932407067791
-0.914705890319347,-0.587859393991392,-0.413899293201233,-0.372758881309247
-0.383893602902928,-0.0237283437543493,0.175704722182265,0.225346465150984
-0.917432861929054,-0.479472704396911,-0.223457147602844,-0.112706518392791
-1.67613477417636,-1.29898177594623,-1.06986787028559,-0.984836386402688
-2.48236351392413,-1.96803260342004,-1.61276795027068,-1.41449374221417
-0.494951718319015,0.0458337284412517,0.384313709550991,0.524073514461089
-0.849794565395149,-0.561839103478367,-0.398347977315613,-0.354825623609087
-0.648363220425807,-0.401415779017935,-0.300683262974665,-0.311580305967769
-1.03180949822983,-0.787282478720909,-0.621363650084619,-0.534008518991731
-1.51071801254265,-1.01597050375894,-0.656481760108228,-0.438187378157148
-1.26719824530831,-0.584823837714023,-0.237431115080098,-0.146846894696269
-0.613587441548067,-0.351477749815647,-0.20786711033612,-0.185294092708987
-1.23081110668494,-0.61479661517099,-0.186269161202275,0.0573071537948315
-1.52258922046047,-1.04047351390285,-0.789270109610863,-0.712430951987144
-1.43664230033991,-0.707493988587865,-0.203896039334845,0.0839815937587222
-1.09230737735005,-0.860861836313276,-0.700217334718634,-0.61170632654431
-1.75908607741479,-1.45180041220127,-1.28400007780543,-1.24264910330098
-1.82417604330865,-1.21290185419893,-0.853049586035575,-0.698087813435002
-1.69559554395078,-1.2064367851052,-0.852812673183564,-0.637969238473613
-0.544226749902774,-0.127391444415985,0.165980794426505,0.330121819393318
-1.04011133369258,-0.663216096845961,-0.411763882106574,-0.302769737578996
-2.00407876657475,-1.53994280018442,-1.27080133556096,-1.16869832425819
-1.45919092349061,-1.28561015861542,-1.19070723609593,-1.17753987858831
-0.343413244166631,-0.119547137635651,0.00675115331427983,0.0236734706257528
-0.772422499773211,-0.41255693912163,-0.183426710797412,-0.0877439866153938
-1.64068655311408,-1.24455983846197,-0.993657870595957,-0.868599743567391
-1.70171481062422,-1.05757293096522,-0.607705559298508,-0.34628326069456
-1.28836706900003,-0.829124362239027,-0.590540750326286,-0.538554701203723
-1.50480348723058,-0.893326586165873,-0.541740829966988,-0.388973685330518
-0.520168250368935,-0.180073995503687,-0.0181013210953704,-0.0241776427594469
-1.27876873177558,-0.51993478847212,-0.127458377791906,0.0144867857368704
-1.26085394276114,-0.987501421524869,-0.798587904429027,-0.700869861210599
-1.75845229496502,-1.23972049520262,-0.931292290491466,-0.805701391300525
-0.756325878053077,-0.452748322055167,-0.26366487020748,-0.185174019872099
-1.67276803573898,-1.03658474268622,-0.663945576663322,-0.515517143243219
-0.848719156157876,-0.26734668723646,0.0257034111590179,0.0806800800832028
-0.698224687361157,-0.153862730033499,0.0610059307461832,0.0611122623881724
-1.324097112733,-0.702922767374243,-0.318682161745014,-0.150252148893193
-0.420528050294213,-0.0445202198969353,0.141499439224217,0.166520165716855
-0.664276295943867,-0.202011289911264,0.0597807007783031,0.137066535193431
-0.85601685935158,-0.367715188130033,-0.0514585777268891,0.092062602644995
-1.2437343344784,-0.509649871930825,-0.080357477227193,0.103192101709019
-0.92864466633055,-0.452872882280026,-0.226331467625903,-0.206634897770247
-1.78962405193669,-1.29953282518466,-0.94962357983674,-0.758105008474161
-0.648414301003631,-0.341758549734471,-0.13797712155095,-0.0484133634630815
-0.396623030676609,-0.023115441166907,0.154165780734832,0.15975017197966
-1.42214085935698,-0.975114857946132,-0.662631164974355,-0.483827505784066
-1.60328472623857,-1.28841479090129,-1.06933733479574,-0.934264647373925
-0.927354262708923,-0.478389493765711,-0.196069633379537,-0.0644941077466802
-1.74199406417436,-0.922533629559729,-0.538050591885697,-0.434900161071316
-1.13972746719807,-0.629115368800515,-0.318221667881614,-0.196685563370077
-0.331303184572094,0.0657996172811038,0.251928021878468,0.271353901158723
-1.12468278345341,-0.812157963314884,-0.639124822905357,-0.586051656582543
-1.24605161674473,-1.08918977347556,-0.992601939566309,-0.958142118872415
-0.4184812747936,-0.0332706722929293,0.142619604150118,0.131668436444867
-1.63939790883708,-1.28576649104015,-1.0585351211959,-0.962174197671826
-1.32593724493149,-0.590523354732195,-0.138494921574691,0.0572313274742474
-2.20521517164984,-1.55546896263435,-1.09790013467387,-0.814622067283161
-0.748994845297581,-0.372651741096909,-0.16947083324098,-0.116221285975688
-1.55050402505305,-0.673669169795397,-0.114036950559039,0.156576710279671
-0.67186777623896,-0.181373727764842,0.0650085461941909,0.112459719476717
-1.25203722850017,-0.656639893967135,-0.241235260061488,-0.0030856199789086
-1.00578375099432,-0.507011897138614,-0.202240304199923,-0.0958696445295383
-1.08335552257493,-0.421072712850104,-0.106758056637158,-0.0281814805178143
-1.20339520841407,-0.627982265232471,-0.283504439606532,-0.133546718398275
-0.92745843831797,-0.439431843355199,-0.174566348255665,-0.0737200027770519
-1.05922082361784,-0.649089561063203,-0.449753703440033,-0.415549694088905
-0.127087570825132,0.35472836022433,0.587322509718576,0.571448647540938
-1.53519451729475,-0.9253989602862,-0.52480928023029,-0.303174923792415
-0.601902840544519,0.0797981434958369,0.440116638921966,0.534552408671443
-2.19431325521414,-1.64343279663202,-1.23483913266006,-0.969238558656621
-1.27950291886664,-0.607851932069693,-0.240215521806049,-0.117043999410011
-1.04996787621853,-0.857042794307475,-0.73395000840532,-0.694801269718865
-0.733649395709322,-0.268683830451451,0.00405910974604716,0.102763769615789
-0.933367034450546,-0.715508190120382,-0.595680196045345,-0.576392215808296
-1.16178419321488,-1.02630896353581,-0.949125059709598,-0.948563694201708
-1.03060551210305,-0.44442278867281,-0.0810396812516253,0.0837315859854352
-0.860330110760308,-0.48238715884231,-0.200183657367001,-0.0270005056423452
-1.49404197872363,-0.852895752056127,-0.477229226831479,-0.330063896160422
-1.3082446367885,-0.747425739153331,-0.480974305357354,-0.430815294175836
-1.34453010435348,-0.796481572456572,-0.387951404376951,-0.132469797540093
-0.873167864083956,-0.468065989492128,-0.249706402185049,-0.205847107788083
-1.10069031564145,-0.448697432723406,-0.0251876241792545,0.177356781000632
-0.991784773450715,-0.58842624432232,-0.358316522965166,-0.296252695556181
-1.22215602092315,-0.688061211178213,-0.356372526705817,-0.192731969228432
-1.25897021117167,-0.535288000242182,-0.0249943312444929,0.293137715923465
-2.40435659193982,-1.68962161882404,-1.23775865979923,-1.00378863553904
-1.2425880507276,-0.650933823719143,-0.273051300849126,-0.0941723812447589
-1.05661999490791,-0.641851602380075,-0.406919420631496,-0.307999212454495
-0.890424304072149,-0.294451373124299,0.10705840624648,0.303717146309024
-1.40853572215997,-0.75178896830631,-0.381507174262663,-0.255233280238974
-0.842388578440579,-0.295995733182196,0.0823107764883265,0.287011224714488
-1.40490513489454,-0.803340906684357,-0.44268087839182,-0.306618924119651
-1.61295351368331,-0.929775584984521,-0.445171910800451,-0.158715105349209
-1.45414663194378,-0.67584844228099,-0.28078045466332,-0.143627847818021
-1.12595998974996,-0.763852002064133,-0.520116015391382,-0.409011100713452
-1.71283896543934,-1.13466195647661,-0.758016766603323,-0.582928099073849
-1.33828078490002,-1.06082311839048,-0.87603052696263,-0.783240630312147
-2.17788417325461,-1.61495131339689,-1.25166269973801,-1.06408672118846
-1.16507070613738,-0.526065581280271,-0.224092552677587,-0.174837558310146
-0.679971873320537,-0.285336099433114,-0.0596963612673543,0.0155299017296795
-0.53137306198001,0.215465017807006,0.712116867286202,0.960008957213393
-1.15702750870342,-1.09024096193194,-1.00030494904266,-0.921011854310316
-0.69846830709023,-0.437842245058539,-0.277930213674951,-0.231148919129833
-1.37986431497845,-0.849250019947559,-0.477197506682714,-0.266431020861096
-1.63735968985252,-1.11338481113395,-0.841123134564523,-0.776478934595591
-1.63150639210513,-0.985825347250667,-0.592694604067432,-0.404235333541507
-1.15396167166899,-0.563910076655889,-0.336521066929724,-0.342101727091704
-0.901299364809284,-0.64916705084087,-0.475137090179071,-0.38247566094623
-0.38004958724914,0.00923945819001865,0.261883450028573,0.365335744484813
-1.10100490630764,-0.718849770624934,-0.484259538252035,-0.405920070622506
-0.886957094399318,-0.467013152850463,-0.228484805546088,-0.17357023586835
-1.80410078101067,-1.12957202584881,-0.673632438498782,-0.425265050220524
-1.0574667943544,-0.601687798086596,-0.337994942160699,-0.256837864634708
-1.38334490630757,-0.866997741450694,-0.620676720016558,-0.574734920328547
-1.91818002697762,-1.20685288395939,-0.776046906478777,-0.596830728147286
-1.55571614690816,-0.857118769764974,-0.363662855297268,-0.0593569743162419
-2.99217380802381,-2.2110012863676,-1.61803495068185,-1.23948426466728
-1.215364054171,-0.72705182986318,-0.39963403212256,-0.214079659993767
-1.65648316184202,-1.34342817429662,-1.10145439475707,-0.933715657034875
-0.316077774295973,-0.160541414509045,-0.0614141271292304,-0.0385843975365503
-0.77201948987261,-0.515123181924082,-0.37786826323651,-0.356055846859808
-0.290907112519566,-0.133049312864507,-0.0297937219685575,0.00780188869825112
-0.259262411058439,0.0952392917777357,0.237315149768435,0.194437844424516
-1.76333874281611,-1.39284849675198,-1.18455072231469,-1.09856951797598
-1.45993048198674,-1.08287750391817,-0.853898915217306,-0.758014870235992
-0.944867705311897,-0.666862823814996,-0.552019371697041,-0.582700633133844
-0.380776576605573,0.102191954071928,0.367432398727195,0.435353720360871
-2.15865079909652,-1.42742666090074,-0.947029067170271,-0.689522109086038
-0.923766349935779,-0.688431620018202,-0.58424712002036,-0.583216889194314
-0.636307229527973,-0.291536608850491,-0.0716706515624579,0.0338421995507105
-0.277139400412988,-0.171916804454473,-0.1619971951351,-0.257361475808711
-1.60069952266929,-1.09271814311218,-0.739391976898426,-0.562728264048112
-1.23580019952724,-0.778876148901945,-0.484767543671926,-0.336514149165386
-1.43608749679,-0.989168321590245,-0.739379914422058,-0.657885411328518
-1.775131073712,-0.928764001829637,-0.345132144206972,-0.0106728719418628
-1.50272652901342,-0.814811062086177,-0.359588956578905,-0.120291615669537
-0.950958194935493,-0.663771568048635,-0.45807137959036,-0.347817497827884
-1.53210999381864,-1.28523964073411,-1.13536618720653,-1.05051397560715
-2.23348054287535,-1.42053236145234,-0.893997248203496,-0.607275121808288
-0.959243830296927,-0.307915938447172,0.0932243663952346,0.25944859164975
-1.13503385129622,-0.43103055354756,0.0456146335259301,0.313965700565047
-0.768537144841986,-0.058748766559376,0.376105290308247,0.576290054555225
-2.29681242454696,-1.70217617209886,-1.31352301933979,-1.12050293516525
-2.04914188466608,-1.22383893411825,-0.658870768502081,-0.31181701422876
-1.1245023443539,-0.629611146577313,-0.376133883317901,-0.320410286652453
-2.11141186091691,-1.54552110409481,-1.14180044155143,-0.902602342371323
-0.579391833159228,-0.319114852193272,-0.142042885329692,-0.0559888587117661
-0.997277349536964,-0.623730482038099,-0.401420362091418,-0.325722565694058
-1.00721386095645,-0.768570531700226,-0.648396423704763,-0.65389793147705
-0.813634063852428,-0.329802989797808,-0.0713086309721025,-0.00684164694939371
-0.527406130362514,-0.315180585478019,-0.20244343276373,-0.195396493444342
-0.761221241909107,-0.4127559293514,-0.255432750375096,-0.275057850624037
-1.69398946549508,-1.25736919086807,-0.990922339339604,-0.892451615174327
-0.31250452818819,-0.121138703465684,-0.0458106862723115,-0.095748007479726
-1.46112076337729,-1.10942987331864,-0.935812555254494,-0.900242534604779
-1.55055589608055,-0.842879137593973,-0.454046419563227,-0.29457189314081
-0.936625480511135,-0.610137002237518,-0.420254844005145,-0.363103984886134
-0.830109597375896,-0.252168612775342,0.0931110080949953,0.207859644941696
-1.19451489184412,-0.813818014284189,-0.554629670278524,-0.407021936128875
-1.75606267141137,-1.26610297003214,-0.964716966110482,-0.85167336560925
-1.2045739776422,-0.805847061560672,-0.587445577076957,-0.533569704509901
-1.62744769361918,-1.21921369305799,-0.976967284028591,-0.897439360206131
-1.37095936602179,-0.73218216668548,-0.353879556725793,-0.184251431218548
-0.808876019894339,-0.236177000943769,0.095394199022368,0.22355742919724
-0.806902812494703,-0.429807805348208,-0.18513910972913,-0.0742702168297985
-0.643317516789629,-0.21183349911985,0.0250627076258473,0.0798513173132063
-1.3927720190781,-1.03574077556651,-0.805904934678964,-0.704214658613691
-0.723450688420246,0.000906611860799801,0.382026234539645,0.489090263883175
-1.49542001912625,-1.28147420771017,-1.16984124502769,-1.16838670360451
-1.01880166798668,-0.689219372517404,-0.471578893438876,-0.363759669202553
-2.27553714410097,-1.69819721814977,-1.30395284748992,-1.07149949928192
-1.12880478767088,-0.869142196258902,-0.704683476201483,-0.640007347014455
-1.33653576377658,-0.550447888100265,-0.0546499681161638,0.193012970806554
-0.529399319531651,-0.378254848011914,-0.306657807364403,-0.326909859933162
-1.50215820881275,-0.902384363097454,-0.582873702857003,-0.48236584251884
-1.3087787203754,-0.581962814967804,-0.165233691463463,0.00135172401104861
-0.63269085511298,-0.23006861755337,-0.0326875982470576,-0.00495825913094988
-1.06113405353767,-0.234034153233477,0.23233197438883,0.384447772691639
-0.651130327793634,-0.145721462263707,0.0931141500221442,0.137445727442028
-2.05808967310442,-1.43986031441425,-1.00157027721524,-0.726862094120863
-0.827247345686059,-0.122095022050483,0.346958909502622,0.568502609591353
-2.02019972397323,-1.24892081993973,-0.759808905108493,-0.506656318046239
-1.78882165567989,-1.21507256623905,-0.802165415467184,-0.568172097005839
-0.432798367133385,-0.0143777729790426,0.193858813473648,0.214435085241743
-1.36207209293067,-0.560419388063137,-0.0942074599106991,0.10435600174726
-0.827242263287271,-0.366068814393008,-0.0674491073382579,0.0594094019067457
-0.632261962104768,-0.158455328797053,0.0796673975996324,0.120675747682286
-0.891413974533709,-0.271475907462776,0.12130283275114,0.319624007169383
-0.80169600470431,-0.406958085151408,-0.177918119424961,-0.110880108349712
-1.00652252725824,-0.409970654444885,-0.188630832834242,-0.184772632474731
-1.17589423991531,-0.597657331872015,-0.230799921727924,-0.0630557119206626
-1.33248225952988,-0.960995694024915,-0.785394514426331,-0.762311184491127
-0.596007936429831,-0.0910119171026099,0.198404948461401,0.29058658786665
-1.28657777847851,-0.794591482056452,-0.484720397659795,-0.346904749566114
-1.0759385657677,-0.589275236414502,-0.327483562039823,-0.269291547166884
-0.864086784892647,-0.564183593682402,-0.415975603741921,-0.401409617212376
-1.00818907069193,-0.631012225136112,-0.39124313872424,-0.274944279455467
-1.53664925779454,-0.725420033806429,-0.167419660177653,0.147453288763709
-1.55685788316947,-0.992235811736784,-0.605765831026944,-0.395155362262737
-0.993507279742911,-0.41697619086251,-0.0861200751687829,0.0514914233502866
-1.80543261552045,-1.30513128876941,-0.931501300518413,-0.699745939182971
-1.07194149432823,-0.408856725118361,-0.0613512870294242,0.0642979688260514
-1.49265427310885,-0.915896019905157,-0.579655580996531,-0.437987373356091
-0.939540157860369,-0.33587508275503,0.0321425591112087,0.199014949947425
-0.866345842134326,-0.403081665472074,-0.174969231427586,-0.134149296472375
-0.886804419359679,-0.411569140727,-0.130378199075768,-0.0420328875612333
-1.19321579205326,-0.761260517000636,-0.532795120393456,-0.46942713149049
-1.55966806810859,-1.12043798623576,-0.840619552780235,-0.723380930817513
-1.28441861788004,-0.93207973396122,-0.710681365602689,-0.604945107152496
-0.94755287158296,-0.491375747435097,-0.241854642976169,-0.189336819185413
-0.480693831782972,0.244077896112798,0.629024814426284,0.712215465981209
-1.11685767904837,-0.713701176824275,-0.481407449898379,-0.398374527708231
-0.337056718057012,-0.19040362037827,-0.123196317313968,-0.152169524269327
-1.45310437637983,-0.775817500874138,-0.364433676290623,-0.181730931612788
-1.03134297950464,-0.572186839400719,-0.311603184560341,-0.251549144405564
-0.719821513997749,-0.24457693690818,-0.0122611690137766,0.0202225330925611
-1.0979093701761,-0.336515852521282,0.0805255467412071,0.223402698910336
-1.38143512796735,-0.766556764097269,-0.345739255692853,-0.120414096575146
-1.28003913108807,-0.88822089162974,-0.66887405696573,-0.625559079839218
-1.01792338878647,-0.442778194064619,-0.124818853202384,-0.0250936048404963
-0.820038820306121,-0.473602485633742,-0.302327080106342,-0.290136899551068
-1.1661624107276,-0.644210561588474,-0.334187461211345,-0.188176988231702
-2.29271699483362,-1.51933458345467,-0.99512686446201,-0.687537074027585
-0.55917134054517,-0.265142256095391,-0.0787178850084772,-0.00703690693862841
-1.26406012026229,-0.578299388526664,-0.186197808916343,-0.017006245227854
-1.3277180831726,-0.961527132372953,-0.745763045784065,-0.664981678848198
-1.07846592310882,-0.447290550182736,-0.0581182507804482,0.124907499051926
-0.272357191064748,-0.0601284594180877,0.0395161423719359,0.0161198716411964
-0.862440837663465,-0.33225696768564,-0.0111730986848645,0.134266949185689
-2.14569835744606,-1.60007672918214,-1.23334112905612,-1.03181628493178
-1.36082140586694,-0.612738454401411,-0.288690425387528,-0.234697505582721
-1.90443652776715,-1.23580082559416,-0.796905120835608,-0.567220091190199
-1.61349287167389,-0.878558043701914,-0.412512703943469,-0.194122249000591
-0.656993034211647,-0.327195385603534,-0.165777930135191,-0.178897497697106
-0.893918304908662,-0.547215982777973,-0.38185180596194,-0.379581083663349
-2.42638574920038,-1.99206862613929,-1.70889256420089,-1.56525101929158
-0.966120393213842,-0.608643028664629,-0.395823141710246,-0.322733272035186
-1.16747196722454,-0.584151021156055,-0.258686744147092,-0.151833648137877
-0.922309734092182,-0.347065875982169,-0.0711691614336847,-0.0234581822976856
-1.95032892066387,-1.71666686624916,-1.56076684998942,-1.48656035488629
-1.9879655452306,-1.29644022269629,-0.853900620854738,-0.621470216252903
-0.949648780009639,-0.665113691837917,-0.522287357143558,-0.513891162935462
-1.26007965376846,-0.652338027983575,-0.249989385629321,-0.0429112976521898
-0.960047359597294,-0.569838354337146,-0.356321065602582,-0.309117659324402
-1.4167692223069,-0.967824188383396,-0.706585995327076,-0.624468316237613
-2.14595114337433,-1.73421213066154,-1.48027324307183,-1.38190176296757
-1.63485464826632,-0.95643518805524,-0.581074302765979,-0.45396648916053
-1.16725882545471,-0.312825739203435,0.239771753437253,0.537760711465046
-0.834358325477344,-0.541877103968083,-0.363627298678905,-0.294320362093958
-0.692877164556947,-0.298902536675644,-0.0497465549367545,0.053918387620463
-1.00254196226472,-0.388676147525714,-0.0523942838318446,0.0752621325953965
-0.954336038541436,-0.582299562343353,-0.363608290888681,-0.281842857821407
-1.7094255398701,-0.996412430765704,-0.605096734860535,-0.468753303666341
-2.00708027872917,-1.50310233423739,-1.16454024049951,-0.979690664192665
-2.02343952698431,-1.48846110173634,-1.18159796381927,-1.05041094976809
-2.01661221995226,-1.10332319632817,-0.48732343965418,-0.14924015693921
-0.667905144752882,-0.385430208118762,-0.229245396667532,-0.208868760382989
-1.66023708128129,-0.770867064356028,-0.316456124865585,-0.160324310642395
-1.43976114031878,-0.916216831153092,-0.570853453601706,-0.386619110694358
-1.3985660537803,-0.853899371051296,-0.492823825046312,-0.312915795302816
-1.34679651178548,-0.867888948832103,-0.582164433117615,-0.473293165728574
-1.13513172255521,-0.655138531789212,-0.341843784590355,-0.152002716704888
-0.77212697223269,-0.385171666497453,-0.196894134972724,-0.173914311489999
-0.939292291932285,-0.473926793378199,-0.235423337679365,-0.168395236042241
-1.99912726461861,-1.19910517245415,-0.667900614651174,-0.356086320908218
-1.08164190987686,-0.627262855503377,-0.357062857857891,-0.237066059793653
-0.836329104981132,-0.192571433798529,0.19947286392557,0.359002132092463
-1.25055120633418,-0.645371154946044,-0.254300552751806,-0.0373559177455481
-0.755344218229983,-0.186130684773399,0.106013197321255,0.210568047339536
-0.748083727678574,-0.247767952609665,0.00445734723566579,0.0615280251498067
-0.889798150496621,-0.423041547555068,-0.114738175679963,0.0483583486135115
-2.46808184099531,-1.74027738497815,-1.28646377274508,-1.06894768753643
-0.925558898488341,-0.479153246255046,-0.149112070145806,0.0547989732333858
-1.10194721853538,-0.735967926311015,-0.525628632554651,-0.440324059576008
-1.41715268499844,-0.864615572199753,-0.555492905707893,-0.454694092913007
-0.801893037228044,-0.396764796566355,-0.143351486004736,-0.0323030877009021
-0.87134834395173,-0.40430329376943,-0.138916319613262,-0.0536485587494323
-1.92430054748032,-1.38124301800506,-1.02458442716307,-0.824498070430763
-1.0198769039762,-0.526252769368285,-0.203814079635016,-0.0516054490926546
-0.871953650960588,-0.32561504692859,0.0210814317789202,0.188167832828913
-1.03287843738254,-0.5273416789953,-0.227158450620283,-0.116267711084652
-1.01635023815677,-0.52856984946135,-0.215698013002274,-0.0779144396715879
-0.557876674604472,0.049477210568308,0.404100145185442,0.53406831599269
-1.59528190505671,-0.852817017092181,-0.403121643556055,-0.203208294515227
-1.35822429953314,-0.704640295963192,-0.323315019588802,-0.142991353213577
-1.27322393595996,-0.665776535460364,-0.284850178857523,-0.0955356279408613
-1.2111769412741,-0.583517689277181,-0.251809463400454,-0.162006732071908
-1.15327979572191,-0.751704878603476,-0.531594706566642,-0.467776706390851
-1.09562704862418,-0.621735435065879,-0.351931720676454,-0.264393658860276
-0.922398643844836,-0.493532625847927,-0.216424604536262,-0.081835912663509
-0.339886743769913,-0.0055638003842406,0.176491467141807,0.205344912901953
-0.860922801812564,-0.417607759078823,-0.171377011291216,-0.104323432318358
-1.4673442609191,-0.814305458387273,-0.397828390188632,-0.209654502798208
-2.12422947456924,-1.42405968842802,-0.96683127334666,-0.746701539396366
-0.960523899581961,-0.556495770729732,-0.304088342910227,-0.199620878743161
-1.95321426016778,-1.35717488158082,-1.00748768687726,-0.855898904466039
-1.00616849104473,-0.688227111193777,-0.494627326267815,-0.425083531959295
-2.83688418049712,-2.23454616963641,-1.80416771629818,-1.54259421340466
-1.62099617162732,-0.902016431959401,-0.446735260208781,-0.222164945375461
-0.843332441019425,-0.542999032710718,-0.400753479866519,-0.399525839084068
-1.55061146126695,-0.972816669790356,-0.550067351052159,-0.294969416866607
-1.80026473851939,-1.01071092839689,-0.516354482425614,-0.284486030142775
-1.52387673659093,-1.03185617798531,-0.738917048271412,-0.621150173471387
-1.3264556093994,-0.778077312378486,-0.426507171205876,-0.267838867346628
-0.604500281694584,-0.0509727846233527,0.213697707466787,0.248913775609912
-0.848159884659264,-0.417802491066339,-0.150839092672146,-0.0445372509373608
-0.402343296687698,0.158947303140984,0.475642944094017,0.570907384314588
-0.604443478404649,-0.459528297679342,-0.39074827029869,-0.405274854057273
-0.706069313742791,-0.472191856088245,-0.325460685675996,-0.284149225092296
-1.366253995844,-0.766103497783171,-0.43037902551512,-0.326233044998218
-0.607359852561322,0.0292645375887675,0.4125312299074,0.584695512753505
-0.671834873364683,-0.372825841818867,-0.178405914778601,-0.09244148551792
-1.31314390063312,-0.881670718088323,-0.62968976420748,-0.523564106933706
-0.771514149388015,-0.393255966064889,-0.23284290764269,-0.258401625077077
-0.192839183110922,0.000409070537247418,0.10601181607694,0.103412390017674
-2.09473874663734,-1.40811526260502,-0.941326422022105,-0.686506376855557
-0.796783009443064,-0.663978357064472,-0.565550286272742,-0.514535713830769
-0.971025311446711,-0.346418050444341,0.0806843032025035,0.29765343771485
-0.430619799264129,0.098924860522462,0.421692280432033,0.543972918968829
-0.763988246702938,-0.517713910336324,-0.364517940936521,-0.311907241953023
-1.0715611249461,-0.527335801243944,-0.212238900872331,-0.119177591548148
-1.13624662623595,-0.813879984795393,-0.628238010622125,-0.564997152742663
-0.614782230072925,-0.405958618023441,-0.264003219363558,-0.197554098582252
-0.676823516987124,-0.285785212286838,-0.0215439637873029,0.119646946764038
-0.926751636992599,-0.584421988263316,-0.373732657397781,-0.298877536217186
-0.639569445426636,-0.277684790494577,-0.0678881056342901,0.00311725631358328
-1.14168018534997,-0.456027921303842,-0.0618664718723856,0.116717980943989
-0.839473849880808,-0.528966032729371,-0.370606586943987,-0.345675019515717
-0.373594946190122,-0.0375600777348876,0.157787770881199,0.197396466149927
-0.972697194295966,-0.542978310206717,-0.307720768827609,-0.233565637244731
-1.22997623851634,-0.507770583081359,-0.12850075980908,-0.0033506561151066
-1.38216273913879,-0.744688255271807,-0.368081134194022,-0.179156835818988
-1.80140372596729,-1.19110524117385,-0.779977194428973,-0.539379877766976
-0.6145841451227,-0.314555713156371,-0.197012490457859,-0.236448863878856
-1.42089042757424,-0.985499143120622,-0.762979673520627,-0.697220211022816
-0.805774485976903,-0.533465111534849,-0.390870002500159,-0.367107062384586
-0.989239130243746,-0.280063875472751,0.160283769611688,0.353100435330016
-1.68582720007408,-1.18256782434016,-0.844458224485447,-0.666161773088239
-1.0134548814821,-0.582534907457427,-0.340128923850874,-0.257330264510041
-1.20530927478043,-0.63601103527386,-0.290359273692557,-0.138822101967094
-0.992015730691772,-0.434689819651687,-0.0880958601664287,0.0647378672013646
-1.33537820808058,-0.986734528212118,-0.749503217190266,-0.62830139864578
-0.572951813167365,-0.0400240025625929,0.222039865267194,0.261091496433522
-1.03955330678384,-0.75209367888093,-0.620921799573187,-0.617449610965048
-1.49190456535465,-0.834833986382812,-0.427457042351792,-0.235168238352915
-1.42514614543482,-0.970664203760663,-0.727559748485295,-0.654918422677415
-0.384566489473305,-0.189244001411902,-0.0770868529478,-0.0612830377120734
-1.01417921214795,-0.550715952268521,-0.24558327542535,-0.0854560555400488
-1.42549450213948,-1.11377054715252,-0.966352822193199,-0.970450316167025
-0.782714832164008,-0.452290529534024,-0.218495746186999,-0.0829683007434705
-1.39191549887676,-0.904032863127405,-0.552063411060673,-0.338613441720329
-1.73071066810473,-1.18584787761185,-0.844651907750304,-0.687548606340561
-1.3891601662735,-0.788037641903913,-0.387023266805995,-0.174621681712007
-1.1554731663595,-0.792147879243764,-0.561765550491036,-0.45781332196202
-0.982677204854443,-0.0922566725281903,0.466006091462175,0.739869123887471
-1.57525322247985,-0.770112188267402,-0.340823614322707,-0.194882410000704
-0.76354929551449,-0.409208196243753,-0.209771224050872,-0.147674550169789
-1.28329175108559,-0.805376446752553,-0.492792415121965,-0.342811305976073
-1.29735672758084,-0.927219954060668,-0.689622104962704,-0.586862664247071
-0.55007522470492,-0.0937808635193111,0.158359508718215,0.221122833525548
-0.911217035512752,-0.411848559854658,-0.106098784230877,0.0305970225755942
-1.66716901323712,-0.985443903486274,-0.558822907989788,-0.377402456872381
-1.49085726990014,-0.866632408766257,-0.477575064731508,-0.310318701563289
-1.54351635828851,-0.937550344287784,-0.536099514123645,-0.334956541432275
-1.33456666874791,-0.878136437424136,-0.573455589581923,-0.424603262188395
-1.35297468435236,-0.840159443834341,-0.516325805749156,-0.366993391353366
-1.2692582906318,-0.625581322378991,-0.242813175086218,-0.0716813198000269
-0.538367761602741,0.103693288687994,0.484744547646721,0.629792402327527
-1.55092782411725,-1.09497049731808,-0.776574645542557,-0.607063401055843
-1.00641748589544,-0.612026584849246,-0.319864623041507,-0.139660743388011
-1.16698785289703,-0.749749466921417,-0.506344488756032,-0.407355399328337
-0.848874193708432,-0.50967963997103,-0.295505907230393,-0.189160813250945
-2.66832911913196,-1.97167485286491,-1.4922123135617,-1.20911729435942
-0.293808053149969,0.273129816483234,0.611105050162523,0.73765411737087
-0.767276659143062,-0.241292108009123,0.0685853538934226,0.191289175638581
-1.19785454058581,-0.580393440253828,-0.169836098141083,0.0553773704204504
-1.92175493129218,-1.62617597506801,-1.44057083582702,-1.38004940756816
-1.18441928816971,-0.684903785592748,-0.4498826509018,-0.398971693969902
-1.43842631959713,-0.639305487150959,-0.207222701634012,-0.045525680217701
-0.561102242145078,-0.281945717029161,-0.116582496514058,-0.0612430596935071
-2.18504766817873,-1.81913278757117,-1.58882747529577,-1.50602344633312
-1.93998112977334,-1.39742940461064,-1.08442842790054,-0.957136265406156
-0.894425689109516,-0.603562439987501,-0.46729662707412,-0.475633009593482
-2.43284184114117,-1.77445184712788,-1.32065325602799,-1.0624662012911
-0.971315638469856,-0.387138026492259,-0.0727659288875252,0.0322565981280116
-0.503480202303155,-0.00323410565371902,0.215425757926611,0.251567774570631
-1.29393684752733,-0.514414680025455,-0.0618749603227548,0.158158779074598
-0.845795785056491,-0.257071275222768,0.0683710913252054,0.157457295148353
-0.938264316363611,-0.530786431715414,-0.332088727447855,-0.320638921923192
-1.53199002578329,-0.934755593108412,-0.616512177434313,-0.500466391668049
-0.728538734051877,-0.228787338146122,0.0433858108780559,0.0970395467180674
-1.84385955775558,-1.18238966057941,-0.790133204246037,-0.614238105472887
-0.641110546756798,-0.419921367902623,-0.297574872705996,-0.288100968839028
-1.11839571191019,-0.518362978358644,-0.176286504453853,-0.0359541148099809
-1.27094137747703,-0.830561776879559,-0.597704143429088,-0.552004848106206
-0.971685760799116,-0.3418836114036,-0.0136406641355152,0.0830201308438835
-0.946272597813499,-0.58308649783851,-0.34995108769983,-0.256400773937979
-0.506822511364892,-0.11443304404543,0.116208841674617,0.192361274572805
-1.56989117915876,-0.820721125706532,-0.376231774713617,-0.186923714894002
-0.796739909840791,-0.318962689988345,0.0191493944806615,0.219456576648428
-1.46159021953493,-1.02799434584592,-0.720330029162428,-0.556360109358251
-1.09631749637496,-0.687534974982026,-0.451452661775584,-0.367999362699022
-0.111667943679414,0.114081932003616,0.222144228955563,0.19882489395904
-1.4052106350797,-0.933033997939587,-0.630015789394059,-0.48680378105491
-1.69788157151221,-1.02739958954984,-0.580580932069276,-0.300314740479529
-2.37606385058662,-1.64791447533296,-1.16508667403085,-0.902248911216819
-1.11405924195904,-0.637423653621248,-0.344244298764015,-0.209269202838634
-1.08463095294562,-0.432795574456861,-0.0842398089822474,0.0117997042522131
-1.27933841855946,-0.798412550101722,-0.487633753520474,-0.334264624887804
-1.96254754696364,-1.45840624534206,-1.12903124684815,-0.958539882009009
-1.35539673508414,-0.561916308911892,-0.154339611240058,-0.0301673221790228
-1.61225881915785,-0.915220088952719,-0.48208289890323,-0.29794396760888
-1.69027432221248,-1.18544046050468,-0.871917612977181,-0.744730252902374
-1.58900173368928,-1.24787610596813,-1.05563612309918,-0.983395616574214
-1.20899179889623,-0.584536614238294,-0.196378707578205,-0.00324167500556435
-0.0468852619824534,0.324872366050269,0.547176574218696,0.616146009727523
-1.01862520142982,-0.499886583400426,-0.194584698149855,-0.0706177239756401
-1.09920606126701,-0.880929822143604,-0.755285929420298,-0.729142139457172
-1.33926186613108,-0.925284351830067,-0.610778867824055,-0.403297275578742
-1.72917700983597,-1.37032110825147,-1.08766794405872,-0.892719616912953
-1.01960244174183,-0.45529667323748,-0.0967900922543074,0.0513183458825312
-1.42138886370298,-0.635610562212082,-0.142197099070066,0.111818645119687
-1.73495667943085,-1.09858638738159,-0.618004391016011,-0.299185915327696
-0.398226129118244,-0.043545912285034,0.113778238978618,0.10610652951856
-1.2864323657671,-0.782034297651916,-0.479150234930702,-0.361356164498776
-1.42347888342371,-1.34137778356133,-1.32550361170974,-1.38919973433817
-0.790073201202073,-0.591724709734768,-0.493724304622074,-0.495867644446823
-1.44507670330755,-1.03807649214806,-0.778912252714401,-0.671644668675824
-1.61595344962915,-1.2464318508034,-1.05142822101635,-1.01263640199074
-0.716737865636432,-0.21098778555974,0.0212920660254884,0.0220896478785861
-0.971147241857837,-0.318529872813818,0.0309900095444095,0.12830811309507
-0.786370106958471,-0.0405462769126982,0.454679933581076,0.707329362457565
-0.893348048884065,-0.45853573009097,-0.18581965114695,-0.0606210009105636
-1.34522956132441,-0.733730480763067,-0.311922177422454,-0.0783195340185445
-2.20618842156713,-1.59628578482023,-1.20311659647247,-0.990328683324636
-1.52523764255183,-0.722765940457147,-0.214153978829839,0.0402008477992014
-0.975974206026853,-0.704279258355961,-0.574903682395319,-0.582084526155571
-1.12776801022051,-0.781261598071462,-0.558199221474792,-0.450041560295217
-1.32913127565269,-0.861272205404863,-0.56790539161714,-0.446081309609435
-0.553433897895731,-0.251499560484845,-0.0849467486711615,-0.0487809510452682
-1.77436131871847,-1.14411847542337,-0.709069814362835,-0.462273093630682
-0.789651230523903,-0.406185959346414,-0.204903414420441,-0.18542231190964
-0.975412791456735,-0.482767953966695,-0.204952383085389,-0.112448346497481
-1.29087291378808,-1.28074671660089,-1.30438915919439,-1.3635114808184
-1.66142118937585,-1.1805936114842,-0.906632661527967,-0.796050994133141
-2.30013394822069,-1.83134020456043,-1.49953038698589,-1.29763329307278
-1.45236332715378,-1.09383910583784,-0.857878142030505,-0.715275802204314
-1.62628357268877,-1.20026842227526,-0.927043336713123,-0.811292503619087
-0.189684130202372,-0.00169240625215383,0.0679275773849567,0.0115188748156567
-0.62905100174668,-0.385582507302893,-0.239033858873207,-0.197275687582794
-0.281320327210125,0.316677209515665,0.689545902806748,0.849506901378474
-1.83632844441654,-1.18196736447908,-0.759194731029082,-0.51757715807969
-0.309468709750086,0.110371581194483,0.327277816896332,0.368901586690671
-0.812187880165395,-0.599907983721561,-0.481164818451387,-0.457992941775179
-1.42781972814582,-0.735048816334499,-0.301821860359832,-0.0783833672356102
-1.92474144829416,-1.55886866386072,-1.32521785055927,-1.22505949226199
-0.925188405542175,-0.51941607182676,-0.278071873257613,-0.179949294952049
-0.855513027446539,-0.207822202957904,0.180508413144361,0.336536711187975
-1.00437129122249,-0.526599834841184,-0.268303027383282,-0.18571234728681
-1.0214462485161,-0.445417714108883,-0.160541861403762,-0.100782996084608
-1.07123951005099,-0.527876282398608,-0.214426081163122,-0.0657913109155424
-0.375072882079109,-0.130036999380347,0.0105291508226617,0.0351157413314811
-0.915115940986349,-0.515474266862694,-0.284792817310067,-0.203148607893089
-1.50341966624233,-1.03878677079196,-0.731360337960165,-0.592245006856725
-0.953905845472658,-0.472769070974359,-0.181484730403606,-0.0589794019083492
-1.80620593727659,-1.28547493488431,-0.967090973175475,-0.841261963240171
-1.70320554540964,-1.19220708733177,-0.851317184954874,-0.678737185306119
-0.971826755864419,-0.753682006340264,-0.625088714286126,-0.588669889177652
-1.18505433470498,-0.82325957467808,-0.598231452255533,-0.5024568728972
-1.40450583295311,-0.940556712602814,-0.618854700999355,-0.43233959846045
-0.365797189386203,0.0560368470448125,0.32620544621331,0.44212662237075
-0.969655922529667,-0.466977597318479,-0.171862522653284,-0.0426099697887873
-1.30985437479461,-0.819848384180643,-0.499792476672003,-0.329980967043124
-1.38078151576076,-0.687845427003051,-0.322769971403753,-0.223504073856314
-2.18515689594799,-1.55286161898734,-1.11520192863437,-0.85973941993971
-1.92986426207662,-1.37219927109245,-1.01254811937634,-0.842188391624441
-1.19385376829477,-0.676000774263404,-0.379525390344113,-0.25550988082996
-0.756853266170275,-0.374196217630043,-0.167975767583473,-0.0945878758578939
-1.00927795154479,-0.293879747469673,0.146183606651803,0.359965032867896
-1.54131596483116,-0.840322456534369,-0.369292496831828,-0.107803139850701
-0.770727337710871,-0.375140438175712,-0.148342075598133,-0.0786963781838851
-0.739602766003832,-0.31065677492144,-0.084236993484102,-0.049977848690024
-1.07047021646826,-0.340134364760894,0.133539115575309,0.367257239227743
-0.951016619282086,-0.698837146361575,-0.522190989176739,-0.429698672846817
-0.81050190534547,-0.32118386216768,-0.0767474883276602,-0.0403818706534249
-1.22137488593732,-0.539765339640411,-0.230241604217772,-0.159299655738337
-1.76787026768407,-0.802101692208119,-0.193665235575158,0.138833106245374
-0.664212418893014,0.0179684595862408,0.410562597609035,0.543074934171852
-0.698224687361157,-0.153862730033499,0.0610059307461832,0.0611122623881724
-0.925508412601517,-0.48119563325179,-0.213003972126538,-0.101852042107667
-1.76937355728417,-1.04316316286609,-0.614042475842621,-0.403598756452741
-1.17041095958872,-0.746965538482434,-0.466408507439996,-0.325540532001026
-0.972989699997008,-0.645079588242102,-0.446280350812461,-0.369217714766049
-0.947419336054888,-0.440745672863213,-0.181914594324083,-0.124382587174814
-1.46192132876771,-1.06574287800666,-0.827601325846911,-0.750102326772228
-1.42030419641332,-0.819227392422615,-0.503169778549477,-0.39028481464483
-0.694740797315222,-0.344263619905434,-0.126786421244514,-0.064448255080574
-2.45782864289705,-1.63774935854552,-1.11023985295284,-0.816063973662128
-1.87460188830233,-1.25573932915403,-0.834499550888574,-0.596581150674384
-1.18134197366223,-0.824330990580696,-0.597306832095107,-0.485813601305603
-1.24437223259804,-0.886290359489836,-0.679622917773029,-0.606919135454105
-2.32958285520932,-2.14599415651777,-2.0241237994632,-1.97079696552516
-1.30324829139197,-0.817408834230308,-0.558474335568616,-0.484369551024801
-0.926353853050475,-0.275436056461313,0.121113549432532,0.284430121664429
-1.10433199130608,-0.516243008428881,-0.189015322981018,-0.0878648990129851
-0.511501237291015,-0.39209761232742,-0.30774192610155,-0.275137173829697
-0.759617102845243,-0.498818489978512,-0.326259206283762,-0.252861963459299
-1.44259635693363,-0.914911112718402,-0.610271373686672,-0.499259749765572
-1.11257967027391,-0.613560423955103,-0.269774242903066,-0.0964122606172436
-2.1224942824958,-1.59593336799469,-1.22844546365068,-1.01322238151094
-0.991300067646813,-0.43990899813322,-0.132224643430922,-0.0260141215815129
-1.63287599454439,-1.00898757467645,-0.641551349080042,-0.484466022700273
-1.26379305494985,-0.847021575589467,-0.571922310399704,-0.437630435911334
-2.25676144439544,-1.62281791144925,-1.16165644649007,-0.871786840388966
-1.06808009450982,-0.707875095178636,-0.479242436544131,-0.389803825129128
-0.90006059699471,-0.392101154133179,-0.0753152298792622,0.0583463410970905
-1.20812154338514,-0.827228688252925,-0.630108041068616,-0.613966352224691
-1.39832629513592,-0.784984629288798,-0.427500324363504,-0.276065201364647
-0.823446809123514,-0.33339380270441,-0.0406856364074518,0.0692709325700794
-1.4753769525407,-1.13609029441577,-0.879598838312031,-0.702075988085308
-1.18400127393324,-0.587322254322335,-0.201145584626885,-0.00322377148304365
-1.21009044423868,-0.659842340225624,-0.320230426048379,-0.14075556565884
-0.271166393200417,0.26105124514257,0.496062180076625,0.516256657174811
-0.931599937929559,-0.504609038391797,-0.215550043467738,-0.0600614385438479
-0.668128031437758,-0.223499473194785,0.0463624152705592,0.157819258115642
-0.933695472117935,-0.303562261965774,0.0769830918968443,0.249747929834777
-0.902755671700547,-0.553879047995658,-0.361604734739078,-0.307478590386341
-1.47893781460564,-0.699187286450774,-0.210215766567315,0.0254323779166789
-1.09137894157229,-0.845656796628172,-0.698935673821664,-0.649622852744656
-1.36784176004499,-0.759122754359517,-0.373120411258403,-0.181433342941252
-1.17759759386823,-0.737292342279859,-0.55063095812796,-0.498654244680249
-0.860398697741631,-0.601086036329866,-0.420507033796267,-0.32721944171859
-0.589974254389986,-0.222427844904951,-0.033303401363869,-0.00287740487154634
-1.08810046629412,-0.75347805652171,-0.549443668264927,-0.467789820808311
-0.489057275952211,-0.222147755582746,-0.0185562470105314,0.0954600178799778
-1.6216991818278,-0.845418148964329,-0.364643400527116,-0.136768406200664
-1.70918910506565,-1.19851871838815,-0.871848529087152,-0.718824404754348
-1.51215366750755,-0.765836761059702,-0.355842095041735,-0.193266304326509
-0.435864935828252,-0.0728208642302057,0.154059233663791,0.236683030516606
-0.877990478389932,-0.103898297789886,0.270564959443247,0.376610102346637
-0.796954981905612,-0.686015926448907,-0.644405571219966,-0.6786330841712
-1.49393446310574,-1.07437876349416,-0.807885988877915,-0.675240681317282
-0.791875168301674,-0.478610039515163,-0.345009000150264,-0.36087978785328
-1.37054962847279,-0.961556591986612,-0.727744649460827,-0.653760224102097
-2.03279377733053,-1.41087500285972,-1.00957065147128,-0.793600945020079
-1.3729749199058,-0.874328199901625,-0.618857042450761,-0.554891147705523
-1.47379988679574,-0.857852987253731,-0.489542800829882,-0.335486027316951
-0.847245636948107,-0.426007672961743,-0.231576785272779,-0.225766919878556
-1.50876610727993,-0.921559596466778,-0.5486011250346,-0.345230729361735
-1.46013714006905,-1.01666574048058,-0.805052521492286,-0.776265233170573
-0.403859129985587,0.310170849663816,0.692590221922495,0.805633247272353
-0.878926182554788,-0.210005927751331,0.222485984957002,0.419724647069861
-2.07807299365275,-1.85996533565536,-1.67502948669435,-1.52647108490222
-1.42888174106647,-0.920144516293616,-0.579337332783867,-0.38576150068745
-1.49987740008838,-0.922292304233405,-0.602410839608184,-0.48762964655348
-0.848733094739222,-0.520187176071567,-0.3329172912354,-0.278139168585447
-0.558656664541305,-0.228584710869295,-0.0524667809471779,-0.00276986340223806
-0.717012288451077,-0.119443205357833,0.200427026224505,0.276096521202771
-1.53274805223892,-0.745099317049589,-0.259012010095621,-0.0112032713216485
-1.81618634689775,-1.21803236503274,-0.832937374177929,-0.631777598150607
-2.85972537192772,-2.29663965931375,-1.90956227681521,-1.7008465207799
-1.33005290249841,-0.624737107467954,-0.214905557428251,-0.0330121808455417
-1.41439073412126,-1.23241877987053,-1.1399988664953,-1.13760683848091
-1.17137686103222,-0.62727546298899,-0.325833334759702,-0.231779479300977
-0.984052148030241,-0.424578703743939,-0.103239942914242,0.00922415676242733
-1.15796761514137,-0.805898954881347,-0.577457277600258,-0.476611391614328
-0.467614969095753,0.0876540373304473,0.385986661166188,0.470585994005593
-0.929441241082367,-0.325651166766411,-0.0033770942304292,0.104236295449624
-0.339387234964394,0.388828566690939,0.635570432296055,0.599842692824524
-0.847175390374722,-0.360554311898692,-0.11000224936229,-0.0843267249781942
-1.74686565638768,-1.13683166629192,-0.764059559622607,-0.581854675994286
-1.2672107241349,-0.740928226653843,-0.400417938615822,-0.21976311934086
-2.49547938946073,-1.89625993655349,-1.52664634481803,-1.36644442153122
-1.1732329822256,-0.70914972611853,-0.420039461870633,-0.281664360986673
-1.53212513650895,-0.886645056455858,-0.431469985931262,-0.174494261189214
-0.482706967742283,-0.284978485254102,-0.169342073656425,-0.145652142775985
-0.554476824816233,0.28333399606939,0.74757048102474,0.923574638892022
-1.20289416056563,-0.577875181149621,-0.177840156767509,0.00910243698874766
-0.692607309112742,-0.18060886302699,0.0784758443530539,0.121885029677743
-0.199345310119885,0.0684954660978955,0.20767914204276,0.209553608690673
-1.00827531085797,-0.744141678203658,-0.606766121550604,-0.599237586891415
-1.20153421772758,-0.933102178690678,-0.723294465417065,-0.574020872426988
-1.60646893748178,-1.08038437221522,-0.771807082328198,-0.664983646977666
-0.417897554972279,-0.15558321855197,-0.0216613063747949,-0.0140959820221879
-1.38943531317781,-1.05542646380574,-0.882136120788701,-0.845160978195639
-0.861547018366722,-0.744593670468806,-0.676502353137627,-0.674917425911053
-1.32626048168155,-0.50610262540381,-0.0712410796647504,0.0761523048921595
-1.39147562715474,-0.709436194150056,-0.257650020521879,-0.0150190101915898
-0.524744878459606,-0.263752372460846,-0.0846781860901856,0.000241276680110675
-0.943082820907122,-0.362324072270919,-0.0376394787834946,0.0701355649085145
-0.781709341280685,-0.450905333989279,-0.290929515025893,-0.285550710213603
-0.793251698682455,-0.393313470195064,-0.169046148670158,-0.0921080639826281
-1.09472766055027,-0.383619593145543,0.00951207546249805,0.164640558491849
-1.59587715609366,-0.849852079937964,-0.446244673892016,-0.300397141245448
-1.37207193785648,-0.855258331182588,-0.488110719412233,-0.266162836340053
-1.76430946822261,-1.29807592335556,-1.01654958795233,-0.880341031239914
-1.35024682711683,-0.999119118059181,-0.775726596944235,-0.679172070440181
-2.70672770669586,-2.2572699269019,-1.9042639919633,-1.64633858027799
-0.398256475882848,0.0138520608229334,0.264444902411923,0.352928278404617
-1.2245271833291,-1.00805377340622,-0.882228470567673,-0.84786297127326
-1.33634739454478,-0.978080614494532,-0.777929118231112,-0.714809939293908
-0.583607767577877,-0.441125764663467,-0.349771676169771,-0.339478045577623
-1.6847426258425,-0.985334052838768,-0.557455579575836,-0.337615850628156
-1.2803457080245,-0.897254150959846,-0.66237407174939,-0.570339905667316
-0.540495365809628,0.0110885137646933,0.414517193558605,0.657662033639983
-0.985648511911134,-0.669644089730281,-0.503856766673549,-0.477411248203941
-1.51216679860772,-1.04681496648239,-0.802676777320408,-0.742219357106356
-1.4764486381148,-0.901632323349869,-0.589338635512763,-0.480685752768273
-0.724162277574421,-0.285843656480622,-0.0128410216050834,0.0910159978333915
-1.65844924311803,-1.12747223303243,-0.827838322935815,-0.693522280740124
-1.54979123257092,-1.02566173134696,-0.704238372480343,-0.567965634491565
-1.4803438099308,-0.854534764407317,-0.424368206099771,-0.161796741727589
-1.43898691760632,-0.998789033762477,-0.725405216864403,-0.5969178835298
-0.913049638947428,-0.661634550732824,-0.526135906692811,-0.508243516165696
-2.46775833689603,-2.10556510054693,-1.83264442801412,-1.64624383967928
-0.878151796076008,-0.156554315779623,0.316576707468882,0.547823086068209
-1.29880517529856,-0.5445360306852,-0.0955011854422546,0.0900977740268198
-0.874917720977975,-0.347002052977393,-0.0156097700234431,0.118581321988786
-1.02791695351259,-0.425767672642968,-0.0948771506669873,-0.0278542754437372
-1.28484376663752,-0.512739330171353,-0.0909662872914997,0.080423445590014
-1.54810283670845,-1.04937663113829,-0.68243220008574,-0.465436528333214
-1.59263673619682,-1.37205417310752,-1.24956741782258,-1.21815900515585
-0.837436704620738,-0.270922098428461,-0.00595435882679179,0.0337129940154562
-1.58001150862747,-0.944896902098655,-0.509246319808516,-0.270742754009612
-1.44380262941494,-1.04017857890769,-0.766137463610048,-0.632204204456539
-1.81554687811229,-1.00871734466558,-0.571823882952059,-0.382677519755823
0.0551389814204965,0.464621769669104,0.685466059106709,0.733878968295607
-1.28961283885421,-0.702324091437601,-0.351049163317833,-0.186567208635455
-0.813405018144803,-0.234218842415742,0.06586759894929,0.153767927781269
-1.88960137237052,-1.19366172701289,-0.790377038593993,-0.585451568203557
-0.363017633019134,-0.132714431341204,-0.0508030190669469,-0.111616360417373
-1.61509704834799,-1.05572620218124,-0.656567882290701,-0.422100337671107
-0.317160584454764,0.0472005478768811,0.257763023615837,0.322099398241664
-1.42561715894594,-0.837103554326612,-0.442701594228306,-0.252378426149636
-3.02267517672799,-2.23057978196416,-1.66825155571666,-1.32251659086113
-1.42237457725713,-0.545750177857789,0.0651120101858848,0.415230752820299
-1.04755449441728,-0.635752550491223,-0.388038320985462,-0.299384910738371
-1.369150795831,-0.921111330964215,-0.603059698077636,-0.431282190984525
-0.782452586944264,-0.298935250953065,0.00574917142614596,0.13879684969892
-1.18204357881544,-0.67050796544735,-0.387694702718248,-0.318290796209901
-1.13380094232717,-0.568541990846367,-0.216508177923641,-0.0630989804193194
-1.556149565713,-0.908027594213801,-0.518258376447692,-0.35986116117643
-1.28590406184475,-0.651575222109402,-0.276763735111491,-0.114729158345192
-2.04635525399315,-1.47346660531303,-1.13587754136782,-0.991410873487018
-0.755696914072276,-0.525216912790096,-0.402308058687454,-0.379413649325235
-0.45125846449219,-0.056748230970126,0.162974798011241,0.213562096019219
-0.890025081627937,-0.499893529899035,-0.274357693566165,-0.191053828593966
-0.599259516485887,0.0165348980060689,0.316205817048674,0.365505598363707
-0.703973732217956,-0.559170960177555,-0.497741053619206,-0.530593129213301
-1.75732033305847,-1.29988376625173,-1.00268846446397,-0.840334875544636
-0.43497126841393,-0.00946787428785129,0.228119466686615,0.290322654735538
-2.21632018537492,-1.95481642597266,-1.75428043614257,-1.61181984051682
-1.20879949764825,-0.679938829111654,-0.360086800537226,-0.224819968601941
-1.09097974585395,-0.369896555684488,-0.0534628399903387,-0.00984622758519105
-0.564575935175021,-0.198376155327985,-0.00405297945043548,0.0238613234081496
-1.58308694231414,-0.793447849728324,-0.354719559220988,-0.150766838070612
-1.48861907982098,-1.0200177350295,-0.731315860002879,-0.604193218394126
-1.67836735074739,-1.32018509038606,-1.07381798137813,-0.934735067261986
-1.15348553683465,-0.61010534340753,-0.25695703235294,-0.0837340423768092
-1.31141787582423,-0.751805917270222,-0.408788253839013,-0.274661359267529
-1.28218087228219,-0.84560172603897,-0.648441066737684,-0.628066497491759
-0.657995619269692,-0.249722663429527,-0.0379213388381314,0.00622337935784256
-1.24770183423752,-0.935764399908262,-0.765721495017047,-0.727327948148968
-1.14908350042956,-0.630201423633938,-0.367482189889594,-0.293079162536232
-0.210338743644906,0.114919774527601,0.245613991187009,0.21220815104088
-1.50985224800506,-1.16735295306515,-0.948164209953338,-0.85654382900961
-1.40839747801612,-0.849015056800226,-0.510980818297337,-0.335910088150993
-1.03152229769616,-0.72019249411365,-0.539541190087073,-0.483329725776485
-1.60097875266535,-0.728710052627284,-0.230982616144682,-0.0340594305594131
-0.971847534865164,-0.64638911621397,-0.462853776485508,-0.39847696940822
-1.1628312806288,-0.647179390142512,-0.376582772688376,-0.276210091687577
-0.489443965523876,-0.107036951952917,0.146563741066232,0.257363863511058
-0.984027195585543,-0.511435910279746,-0.193201982211636,-0.0259886349403322
-1.36030693107431,-0.923294089241127,-0.602457812503441,-0.394191846419567
-1.17573585395368,-0.333924887156746,0.111242744606768,0.244547970122076
-2.07469276521347,-1.6802034021615,-1.45466360550676,-1.36752112079355
-0.965915851842072,-0.568243581849496,-0.353748266918121,-0.305241656478115
-1.42798769037988,-0.783541394843025,-0.38963680768749,-0.193083349562485
-1.69148601564022,-1.09728468301876,-0.720152543672285,-0.502053624968365
-2.03059405500979,-1.46225791063265,-1.04149774207554,-0.767949114165858
-1.38763000163672,-0.876405621239153,-0.533367717971109,-0.356587537059596
-0.380433370549327,-0.0789764464884212,0.0633024754942968,0.0824916499260977
-1.66455415463687,-1.34174902941948,-1.13667660834711,-1.04757650269057
-1.58198241482989,-1.0791916451046,-0.819404833551579,-0.713118545100945
-0.642868310239385,-0.0664820717684139,0.320245330156047,0.507166297882997
-0.377194459517728,-0.146146757564558,-0.0182867853121406,0.000775502567882058
-2.67255000222571,-1.82606305500406,-1.25985739286408,-0.942199281958412
-1.00588143496643,-0.572535208830702,-0.308344570341583,-0.197483907995391
-1.17775902085739,-0.485065841476638,-0.010172392232068,0.234159245164794
-1.3626076915769,-0.916126547589496,-0.653254585133645,-0.544966383741934
-1.65096035934146,-0.972614776338998,-0.578381212049753,-0.415753973425129
-1.73034580068917,-1.23240448483783,-0.898250159029642,-0.732407326147719
-1.77593064660834,-1.0639965016997,-0.687062761537187,-0.560864579108372
-1.09366927161239,-0.518503602324513,-0.202938264988559,-0.115214730884157
-1.25322133934322,-0.564186914575019,-0.198481667023134,-0.0849951736436659
-2.06646036362738,-0.923948185217492,-0.240754982789335,0.104887848086074
-0.686623045576361,0.0286446818398705,0.437297037468462,0.56453658458953
-0.0895996176357765,0.169561948198414,0.350648292714959,0.4344602491551
-1.03293911366193,-0.580020496890632,-0.282113179433508,-0.151572766087788
-1.16946293881451,-0.50228303441524,-0.137393504721318,-0.000227705470530526
-0.820145487821517,-0.584142365739112,-0.447865246746798,-0.417041717591509
-0.981876107161419,-0.458891202659058,-0.134520140804744,0.0104905457439698
-0.361777437803679,0.0941766305750046,0.414675351588045,0.584154981870778
-1.53166527227456,-1.156504863533,-0.924157930363359,-0.838240602183906
-1.13429918856056,-0.776469611428896,-0.571065984706103,-0.504143242107021
-1.47151339467885,-0.980281265188879,-0.669810318643724,-0.507041840531568
-1.04721479603935,-0.647895344302476,-0.354295484338651,-0.172877426900968
-0.680507600071141,-0.359077124201556,-0.116251915778009,0.0389103718868047
-1.33275900774797,-0.765206352638847,-0.432695968791158,-0.312692958378331
-0.410328544239434,0.132280193793164,0.423386066615957,0.492837534577966
-2.11526833729337,-1.48943396669835,-1.05649075490274,-0.778670614537596
-0.530679490315725,-0.140247804950952,0.0349928953787731,0.0585392592754876
-1.16834049148593,-0.531843406070171,-0.0876193201527738,0.154784373587437
-1.82469269934789,-1.00294867110454,-0.434565460495782,-0.0958455435455844
-1.03974892384599,-0.874124774177432,-0.791580742385874,-0.783855525823419
-1.40185354479769,-0.877308659720453,-0.549663943238637,-0.387239689138382
-1.30874670313537,-1.18716627878497,-1.15426048804077,-1.20410500761058
-0.541727218115869,-0.282124696686925,-0.150493243621622,-0.137230025601929
-0.562712661039643,-0.515867237103018,-0.536734201531872,-0.63836251596555
-1.09430078298244,-0.639896353318185,-0.321150901889836,-0.149715041969288
-0.564460546868242,-0.453487488255383,-0.442515814321366,-0.525713710808329
-0.933407323987769,-0.538490938961555,-0.302676299462735,-0.222281154730514
-0.597087424481479,-0.314764270477719,-0.1491661466527,-0.103671557377658
-2.36623600074041,-1.809537370365,-1.41470780750592,-1.16747962116117
-1.00741358774075,-0.553285004209848,-0.28514843222361,-0.170227169529254
-1.0128817119636,-0.475431996444776,-0.140304642026255,-0.00112239788609969
-1.03345758628319,-0.587264292243593,-0.293996188397777,-0.145556061863272
-1.40068540994722,-0.792863784853381,-0.392465452762129,-0.209602975940715
-0.878506920195384,-0.346639748870439,0.0347847587685073,0.248048606630317
-2.09167261680426,-1.45803316422875,-1.04351634520297,-0.83224801226557
-1.00193324210597,-0.685194650881429,-0.501243317374458,-0.438131939568815
-0.57469026660224,0.0329142391953019,0.443450126533745,0.64068220609457
-0.714982176643237,-0.258028772710538,0.00601147221285603,0.0744889250370487
-0.490804286752217,-0.0476479115989288,0.230189385522691,0.346951505647691
-1.28529439553417,-1.12072340256359,-1.02893108120928,-1.01138139524746
-1.79816462199423,-1.43799430262264,-1.16104291925572,-0.963906756301218
-1.19039425802283,-0.574995536658375,-0.242758310509386,-0.145341036704041
-0.862050837435366,-0.494582333376489,-0.305334337630747,-0.284194773197072
-0.645590818586607,-0.587351644082137,-0.531278610697867,-0.511255769178893
-0.737180926015443,-0.358229555386716,-0.201091612996866,-0.227159757748677
-0.920717135529255,-0.297183055793805,0.00920405793166995,0.101633706866246
-1.63157919024888,-1.03117533879136,-0.654955917379547,-0.450038741576401
-1.1984565963431,-0.479488011045152,-0.0616536502893079,0.104090418137426
-1.40340612794357,-0.786583189282417,-0.400335706850404,-0.191607305969226
-1.83940638390934,-1.27785853745272,-0.930097238098378,-0.76906698092435
-0.759624036655055,-0.634126648165051,-0.564188100961699,-0.566272984097802
-0.940844843460264,-0.501207194284197,-0.216071455854367,-0.0913138735120419
-1.07066430007049,-0.631463520269895,-0.349495266030852,-0.216193204157506
-1.40125861635876,-1.01634759112511,-0.756099296277413,-0.612655129045389
-1.0389036079215,-0.488466996736959,-0.134374993535496,0.0568931219948057
-0.269864358405303,0.341618417461627,0.687799068815936,0.788044595571091
-1.91799551968337,-1.44417601665878,-1.11184506085438,-0.911488409896444
-0.560934679148534,-0.21749970218376,-0.0138884310025291,0.0483639186381563
-1.14539758219321,-0.883400468774706,-0.723597983710154,-0.671127901489616
-0.937478509423886,-0.652751393094146,-0.492816653920911,-0.452222989584537
-1.29698312951756,-1.02436863302934,-0.869203001017191,-0.844267781021715
-0.779999375662455,-0.338298607951391,-0.0815743550371388,0.0120152772336216
-1.39225688285849,-0.968372819321915,-0.698392792040114,-0.575531257265838
-1.25534322726999,-0.80140132535029,-0.510112192409046,-0.371864666205446
-0.569435131607574,-0.241705800462758,-0.0914836805496922,-0.107628590686434
-0.794914978468657,-0.422261210843234,-0.177970114979678,-0.0642165159612491
-0.924166251755431,-0.642011738236584,-0.464186486187781,-0.403252388820914
-0.774487963023878,0.00618610158742661,0.441045132944802,0.60350486322073
-1.1559642806281,-0.595054818217462,-0.265558391983946,-0.136276971509554
-1.96279656487499,-1.48864594856779,-1.18866727667058,-1.05591661958756
-1.55093798999471,-0.954571391696223,-0.597350303384907,-0.432741794239582
-1.29618351355077,-0.854788344405363,-0.58379700413258,-0.468337429956654
-1.20314208667883,-0.790831442770251,-0.55867228397048,-0.499181566142554
-0.654894568799475,-0.0933733726335962,0.26666763001135,0.423688294055547
-2.03441289464321,-1.43779499927486,-0.989901273683187,-0.682667288301484
-1.91038063350711,-1.15099891330664,-0.617073232221851,-0.295088122925198
-1.66586990606797,-1.06920043049527,-0.695095114629263,-0.519865227228918
-1.57236348103747,-1.24122598722005,-1.04959156444165,-0.987180814071344
-1.09222871996904,-0.50196902393413,-0.128230822696535,0.0440628983790389
-1.12435986976321,-0.65161193994584,-0.340152475494634,-0.191766372500099
-2.07686710556117,-1.33034150222415,-0.829422066520127,-0.543892332915828
-1.51084391415416,-0.96590767002462,-0.718998987041482,-0.658551105879301
-1.14382247488346,-0.620964374618302,-0.289829547206299,-0.1457044403686
-0.877895327689714,-0.384048728048045,-0.0138991639975283,0.225905757025469
-0.705625186737351,-0.278714068360298,-0.082999054502149,-0.0648003271480002
-1.27078587723339,-0.806822639436684,-0.524444424265063,-0.399198478519744
-1.1207196098018,-0.421355507609132,0.00341644258378151,0.188787656924087
-0.602152660267467,0.019606171193837,0.28043498753688,0.289160034742441
-0.962753506174032,-0.643040290850276,-0.437214490810115,-0.347405326511962
-1.03899482293666,-0.263949947215877,0.281728803526245,0.599249655218201
-1.92533473236173,-1.3427645908052,-0.920921800477643,-0.658031703111808
-1.105154300756,-0.700844176556202,-0.467154192887346,-0.394393837725932
-1.47254028612542,-1.22116498105866,-1.08996100193831,-1.06556127866641
-1.02496321949257,-0.584883164209709,-0.270567800111671,-0.0809793803632346
-0.956257744715869,-0.317036970082137,-0.00990799816371044,0.076850245179607
-1.25884542508857,-0.882268551726545,-0.697160658993107,-0.657789885146442
-2.22395322808468,-1.68047943339476,-1.31355380494511,-1.12574915293943
-1.72088188884904,-1.05657959413461,-0.568235820642017,-0.253258371853004
-1.33649318676149,-0.883294227251157,-0.61693477281329,-0.519484145898983
-0.440653376687898,-0.286188576794129,-0.226492807253922,-0.274967437739467
-1.05567665957663,-0.251636123985825,0.142333207530588,0.282664023514136
-1.78200128966101,-1.06963577494751,-0.586476104973918,-0.314475947482008
-0.392949293637548,-0.153277376489179,-0.00237279103710081,0.0642266472364747
-0.883174244424189,-0.286346625454353,0.0642133770703657,0.215940017207484
-1.43231000100657,-0.854068975912898,-0.521440854597342,-0.374757113801005
-0.907302174989715,-0.422905057079666,-0.107219440453507,0.0481652002782972
-0.979320154338609,-0.727945979908035,-0.528131280963261,-0.38024777176285
-1.29467689167279,-0.837886971178593,-0.543631344526905,-0.418866250555322
-0.955430607710148,-0.595481044253738,-0.4242102056295,-0.421456865229917
-1.24491432544635,-0.497012598580781,-0.0815240696686768,0.0781995615636045
-0.690307830591998,-0.255965827456916,0.00775340193721266,0.0961098522558941
-1.89439659439714,-1.39027826356249,-1.06096742115944,-0.908109531878451
-1.32637541090001,-0.807195470050126,-0.529013816973264,-0.452130872630662
-0.673082505134579,-0.442379579955498,-0.284591765813286,-0.206739869724674
-0.664838022991819,-0.236320766378148,-0.0566845297928656,-0.0709545830240054
-1.37050835419452,-0.865865721562105,-0.541985887743048,-0.356621544306525
-0.531809326812947,-0.133267769782419,0.0773554353142877,0.127578914017886
-1.35069260174695,-0.686884860422857,-0.305256819466385,-0.161580218141538
-0.558615079033129,-0.205054246376544,0.0113151881961441,0.0896532726775724
-0.845765915237983,-0.342861638358113,-0.0649486143400581,0.0173890830613083
-0.508651777352754,-0.315092593042677,-0.181924061130965,-0.118442960940299
-0.616315782894969,-0.183220373854964,0.0520136171173803,0.112853737509909
-1.6276942919578,-1.05657823048015,-0.662345820735263,-0.432632831067845
-1.13912555451453,-1.00626218935058,-0.933626827294694,-0.914030658576097
-1.2639622498877,-0.950769462183278,-0.759430453988338,-0.69387231484797
-0.654741913533295,-0.432084529556698,-0.298287919574603,-0.254721708198789
-1.78287176602011,-1.19001755790759,-0.809147361316045,-0.625091348060895
-0.671025424191548,-0.236578318982007,0.0188598708624983,0.111715034041897
-0.712223742728494,-0.124264025384989,0.177150110731006,0.223081912587518
-1.52706703621913,-1.00959513490031,-0.711385899496886,-0.594286047726488
-0.771205605990345,-0.39205942125107,-0.19546889013956,-0.154499176824483
-1.40013539663802,-0.888813839861795,-0.555034028411163,-0.380664255883472
-1.28336870930193,-0.6108885552149,-0.153200241998689,0.114579087725207
-1.31050850149636,-0.697787748123648,-0.309496257503613,-0.140709192548094
-0.741764872090683,-0.152127686763694,0.207362417656088,0.359684128401409
-0.998583488589174,-0.518400395730179,-0.295161471655136,-0.26163147179517
-1.22533426172891,-0.992866904458868,-0.829214437529022,-0.738400330961539
-1.27530747627557,-0.771064555497056,-0.449064795369807,-0.308358806352771
-0.944455991489243,-0.532221645222657,-0.223901438639154,-0.0163354871082327
-0.38972285343532,-0.162982238837722,-0.0516979865556049,-0.0605941615252678
-1.48716914094836,-1.21945931469506,-1.00646870983073,-0.851751167080319
-0.690047850943205,-0.155821541815412,0.139074667284671,0.210499690429896
-0.698357525945429,-0.282399917964535,-0.0355838072458272,0.0558821217515587
-1.72337281038183,-1.006670521346,-0.523802833891484,-0.260112424747196
-1.58101284835352,-0.753543033188983,-0.228689434540261,0.0308617735713677
-1.73297894310782,-1.08392746321182,-0.712043222010231,-0.578829343311088
-1.4358349075429,-0.944828764912992,-0.669918865274965,-0.556646046915687
-1.08797375645103,-0.797385815864167,-0.62308403727928,-0.575779117960293
-0.918731273723929,-0.335641607285252,0.0157705189508103,0.160216677343704
-0.749191269412572,-0.447197610116964,-0.270044713845256,-0.213376271589037
-1.41511428640706,-0.939520764976205,-0.657630839233078,-0.557935199673919
-0.917687916160804,-0.419618089086113,-0.128078312190603,-0.0158461800621635
-1.0675812235213,-0.590086247669224,-0.26351806838912,-0.0809262744609882
-0.982714652962818,-0.442192951033306,-0.133037735210824,-0.0274125618965452
-1.83295390028159,-1.1935027500903,-0.786961825427185,-0.591285222009838
-0.649940827098372,-0.412779578043042,-0.300116332269951,-0.310082184445654
-1.18289130270007,-0.585313991064632,-0.146510496519809,0.109238632406547
-0.67332928375095,-0.418719424851593,-0.3263720300875,-0.375158337781588
-0.143299960646678,-0.0146460162477458,0.0224255721841876,-0.0514701918018961
-1.58405899988893,-0.82899630209157,-0.300371446806919,0.00224572603262529
-0.324478277816711,-0.0658750181083822,0.0781775342178074,0.088988876874447
-0.765582204159352,-0.550838500788202,-0.466077185260381,-0.50421716222375
-1.56173118661311,-1.01350012246365,-0.668192484644949,-0.490877351879607
-2.54431799232663,-1.97372249622191,-1.56741878887208,-1.32120257782306
-1.62430670047457,-1.08054559435471,-0.708822363820303,-0.504521314541926
-1.2157046053318,-0.79850826146831,-0.545672170599925,-0.455777865598328
-0.680237999230001,-0.199114336997724,0.0575069399004581,0.120786430279118
-0.368475520823171,-0.0372658052308603,0.153301864609183,0.200643007182628
-1.171135230293,-0.577204761011275,-0.275099119087959,-0.18553273406179
-1.62331272863425,-0.914403105325373,-0.461412289187196,-0.250087483377062
-1.91785139845354,-1.57867773827195,-1.36621365338785,-1.27282374172969
-1.11199465282544,-0.665923764704255,-0.411747492930883,-0.32242431388087
-1.38286915593109,-0.938046085004462,-0.640398226274846,-0.501530807669702
-0.592517895708191,-0.538370493069044,-0.46213741237521,-0.398305156589874
-0.829327164350096,-0.379295152427131,-0.0816579709913878,0.0719033757175638
-0.699146034148767,-0.20685815829245,0.106315326515803,0.237741735426188
-1.28133501805098,-0.906561242297599,-0.703067762811366,-0.649043613835061
-1.48091167678374,-0.918468569357062,-0.519950709806038,-0.301728641230252
-2.56544316157199,-2.0173551037428,-1.64214484348641,-1.43745236090031
-1.00576003489762,-0.758121391696685,-0.61151585668926,-0.559842678154673
-2.76708850281359,-2.30848184791436,-2.00534177458674,-1.86824758501349
-1.60687983465042,-0.902682221725881,-0.40868756703685,-0.139119107435534
-1.51546113549586,-0.923001523035403,-0.558583301253377,-0.397124520020818
-0.378739613662676,-0.00338171464898888,0.186095250580651,0.2184048795314
-0.883499219467216,-0.328072242855477,-0.0656960306997399,-0.0394123553158616
-0.917033841338242,-0.310537534806138,0.0912946888394986,0.276864811965357
-1.37693414024743,-1.06059296408056,-0.824067203760697,-0.665594172884035
-0.864451127215622,-0.605861746843159,-0.442574820199095,-0.383926979847468
-1.15308880593863,-0.418369371866676,0.0327037285364763,0.244676255351551
-1.13957708075882,-0.737313365461928,-0.550328116822434,-0.525700530106072
-0.932054881480268,-0.319225056065684,-0.0488632716556132,0.000641295658036667
-0.93689798114669,-0.436333553229743,-0.16562041308017,-0.072816233436212
-1.30401194038146,-0.462514141373903,-0.0351803128210577,0.0900026022079231
-1.54169376880163,-0.716215986500389,-0.214696397503002,0.0204524211353939
-1.82882267798311,-1.34138861178376,-1.03514721077273,-0.897552029328578
-0.896548985854145,-0.52506069681881,-0.285377158130368,-0.194939405581362
-0.774899265890892,-0.587088513744988,-0.446824998167846,-0.368307663925791
-0.90519601829547,-0.331989117165969,0.0116464341458625,0.152712367264154
-1.17859929896404,-0.655505880196513,-0.342712340460352,-0.21230885843178
-0.682965061800192,-0.376503493847646,-0.225101668582105,-0.214492048948542
-0.898909372448967,-0.528798965832768,-0.292041693971176,-0.178844289550947
-0.704074908058516,-0.147832498497877,0.130815290520906,0.172113224326922
-1.47130910445398,-0.906091421195361,-0.567763127416553,-0.413474281462536
-0.786821319464284,-0.533642981165902,-0.408184068124217,-0.415092560239402
-1.56007297212586,-1.20296797809492,-1.00755693783541,-0.943450381098344
-1.17758830882619,-0.770467514330731,-0.58079579065157,-0.576714093726823
-1.29855628691131,-0.735390806828394,-0.373975903934838,-0.196373223906454
-0.610757441312904,-0.121557722228237,0.194507270854963,0.335136194419429
-0.846840620530445,-0.490425022722655,-0.279830173824423,-0.205472618701163
-1.48584033266492,-1.00053202271738,-0.686636725324547,-0.519056949493194
-0.165641861781466,0.0472787099771281,0.176771080362999,0.202689521309954
-2.23628518189197,-1.32760710678533,-0.672654222032852,-0.262462198257727
-0.453132449272958,-0.208943570084427,-0.0950829852752271,-0.1214691756562
-0.91726770872127,-0.2875959773861,0.063325355048559,0.205502652556915
-0.524287573125228,-0.108919840187416,0.105534340008087,0.130709271962139
-0.685451166941362,-0.624958893015952,-0.59579842239858,-0.623839949338589
-1.34403805248727,-0.87793705365119,-0.619496247122201,-0.535622672694094
-0.592946412485428,-0.467809839437751,-0.400896208779313,-0.398934359984571
-0.853388348114152,-0.536844005503244,-0.401295603387447,-0.415651297476585
-0.88453247377849,-0.554372481945859,-0.387482441063124,-0.374272308533259
-1.65843034117758,-0.979365267154183,-0.552179854439461,-0.336212695132123
-1.24392182222612,-0.988667597000436,-0.879825212865757,-0.889866067061887
-0.653847335512768,-0.211273404366576,-0.0106920941417635,-0.00916855987539425
-1.87226942858944,-1.28636076741118,-0.876829236877589,-0.63914232870847
-1.11248949989319,-0.495404845654102,-0.116084399099168,0.0535941304003497
-1.29788112799675,-0.968392591526864,-0.79479620419528,-0.74061836978127
-2.15459150485136,-1.71840752725916,-1.44395589178148,-1.31351589287476
-0.663974793758964,-0.393220798671234,-0.238745975810334,-0.211923659115146
-1.14308972435836,-0.745328706798665,-0.513306269462805,-0.42934091476427
-0.700017270552716,-0.392235064491655,-0.221120205170805,-0.198975127432592
-1.00468234186639,-0.470917689443076,-0.198954871375387,-0.137908460645239
-1.32730382493528,-0.665920505699992,-0.257120685407988,-0.0453414721143356
-1.19430579804877,-0.507258564059456,-0.0250192001111218,0.250692232358153
-0.688912955939818,-0.391860927342458,-0.281409698823566,-0.326484742624658
-1.76792110327233,-1.3051403024665,-0.974512349963229,-0.781378854339208
-2.47579914028938,-1.93762090811977,-1.53501289768205,-1.26906018891006
-0.591144630609408,-0.305110636042167,-0.115726644169049,-0.0303388730039797
-1.98520617759248,-1.19082469502606,-0.751202721595276,-0.585066669724263
-2.19406121143218,-1.5509047418431,-1.10456348253916,-0.83141869333522
-1.08929655946147,-0.413491155402933,-0.00821017732936735,0.151790198710855
-0.725180468706987,-0.148682392137041,0.243590406431592,0.441776903176244
-0.782113163375487,-0.139735340692459,0.251268405329853,0.410890773489808
-1.33080361710517,-0.757320977622582,-0.415922036215067,-0.258407188051719
-1.17709943040303,-0.92903617876004,-0.776853980638657,-0.718057715037555
-0.997638807779544,-0.77047316026939,-0.609462988014124,-0.530824317396212
-1.15102662962946,-0.581891214324578,-0.292208848495766,-0.231023824685383
-0.379529819318361,-0.00885575192461422,0.187635075840466,0.208271096998562
-1.54305081753823,-0.87380860606506,-0.486108192465695,-0.311375574665996
-1.20678676758266,-0.626628683933353,-0.254987089681034,-0.0750331114623756
-1.61355473308715,-1.10671302080087,-0.790339141311279,-0.644534074052993
-1.41680648732669,-0.866104817851361,-0.485719723465366,-0.27575133848752
-1.96516881680301,-1.21106286702385,-0.689288606427615,-0.386212368435535
-1.13982616458609,-1.02576800699363,-0.985755120678304,-1.02463339658972
-0.641971575043003,-0.334156755895759,-0.175888496701919,-0.133140605339669
-0.851832755705862,-0.519760922960207,-0.293081689757346,-0.184965286974055
-1.42445824682185,-1.08345982422264,-0.871527905893844,-0.775438712400561
-1.31744113154085,-0.962992077822666,-0.749069157114264,-0.654035696589502
-1.81301106109079,-1.04327993210901,-0.605792925029194,-0.441525087066807
-1.21640767190459,-0.665513447455137,-0.240427347382795,0.0372692706421824
-0.507731232152939,0.0757415229002783,0.42973286189053,0.570371780558654
-1.32792669016042,-0.615981607381062,-0.258693917718353,-0.165356360395794
-0.836329104981132,-0.192571433798529,0.19947286392557,0.359002132092463
-0.541040943667016,-0.110386097516906,0.127222858121281,0.186597787593053
-0.687923421523855,-0.438982092998121,-0.303725929809883,-0.280988561561101
-1.04166488111072,-0.545453076611596,-0.372925677922904,-0.370369550176175
-0.871020338183477,-0.572387691067851,-0.453961282089714,-0.476395952570537
-1.23683982850212,-0.546630591016185,-0.229096504863542,-0.187336263810621
-0.98655970481325,-0.643468546275786,-0.387850017723868,-0.216050236212676
-1.95454068165512,-0.959634542325901,-0.322042613005714,0.00196336066494907
-0.812346716998703,-0.398237921028131,-0.18718879986581,-0.144657756750185
-1.18128247101743,-0.677279909831332,-0.383428238838221,-0.255220908057984
-1.60827033203323,-1.11684677104271,-0.781278074307076,-0.587089712304892
-1.3787835766109,-0.848830646355155,-0.547102687552767,-0.441555448804683
-1.24572794876833,-0.732703817262989,-0.371208836690643,-0.147417521576559
-1.627282166456,-1.1604059615577,-0.816590015988248,-0.593559662975474
-1.66012224136197,-1.03504804606957,-0.709422801401145,-0.600212767119711
-0.643326078036629,-0.429445797708632,-0.30095968687853,-0.274419054674536
-1.87603133333998,-1.32180711311603,-0.95380854752127,-0.770762648418417
-1.08838220966133,-0.531614703785981,-0.237708396189982,-0.160574789247077
-0.911090100699722,-0.511478955875774,-0.290541546235089,-0.20886386968315
-0.689982787812226,-0.483564181917924,-0.358440784172117,-0.321925433546577
-1.11158335624431,-0.875366236440591,-0.756792343762332,-0.745902149191919
-1.21651125243227,-0.748653200799956,-0.452609207295327,-0.316923123266711
-1.52446912737184,-0.840970368414625,-0.361763541992255,-0.0652797732841471
-1.42533061659624,-0.866259873749415,-0.555093384250258,-0.441203342636968
-2.38791006701522,-1.68798361573198,-1.1552530277873,-0.806208405676862
-1.34642975119059,-0.797115840889363,-0.472510827611971,-0.336343065909453
-1.77670430156691,-1.50122640253562,-1.34647824706984,-1.32915587418617
-2.98649853752964,-2.32163234616143,-1.84807863219005,-1.55805391056061
-1.21836627935243,-0.515283200409011,-0.0427382220213921,0.196394819168695
-2.27783713026761,-1.6689093165365,-1.30570575937613,-1.10803661121669
-2.03370348136875,-1.19222897946489,-0.628796691239655,-0.325062941964577
-0.449929742600392,0.14262412755713,0.553712950089048,0.762428174554718
-0.646480877099655,-0.10708796879076,0.0936567688253793,0.109072611487067
-1.62253725471674,-1.13879394215629,-0.81728867245304,-0.642351915352268
-1.90788490809594,-1.11883651078304,-0.629633664309046,-0.366120481783986
-1.24996593900688,-0.760467470250934,-0.466831031707821,-0.34981165494323
-1.68526907236623,-0.938305963546104,-0.533010795740114,-0.364996996602934
-1.32579539208821,-0.789001506934908,-0.485047772783657,-0.384540359708109
-1.50915022746561,-1.16985407931408,-0.981269750887263,-0.952626907909936
-0.951637481975306,-0.704680941788204,-0.558462387821604,-0.512190131177474
-1.34496327771563,-1.05481161141306,-0.911396931475828,-0.899988317931367
-0.955915980365481,-0.6496636136083,-0.433841785124892,-0.314368128928996
-0.989876961263601,-0.49449330713226,-0.168423570228483,-0.0126594952390907
-0.791207401484635,-0.404417516174185,-0.209161310261209,-0.158071681350356
-1.39084154659613,-0.700477027885791,-0.234013077982325,0.0256752550090681
-1.1166719058347,-0.636936236622131,-0.391844279235846,-0.355266737923248
-0.631793425792054,-0.19943367053035,-0.00427148492267412,-0.00782704955184799
-0.71632495314805,-0.0128281620296,0.466340832443751,0.726361705583155
-1.57888595509513,-0.985260657874842,-0.590559083439322,-0.394020996214172
-1.30613805329946,-0.68499654724015,-0.281188143906202,-0.0825317483406169
-2.14870213773351,-1.59383750787884,-1.25140029729786,-1.087549052719
-0.47557420083048,-0.256321953897304,-0.113615076307259,-0.0696430610850069
-0.417618365725369,0.172243226832134,0.514257922135871,0.635310458093749
-0.943080437715521,-0.474720346153094,-0.227824948426918,-0.177333324027736
-1.40706013024932,-0.899434752824758,-0.569419355065733,-0.419119574037536
-1.14032343983905,-0.848086901245392,-0.645238450264,-0.547939892567099
-1.91386003693092,-1.08635548937579,-0.51015937524557,-0.174341637840711
-1.66579415897188,-1.08502299061296,-0.855937369922547,-0.861098417857338
-1.13646906588959,-0.634203412942192,-0.304394040496602,-0.131768555832621
-0.852849004230471,-0.38005773904637,-0.143325617320583,-0.0811317866607157
-0.691085567814876,-0.109418825853543,0.260564642679872,0.426946700198086
-0.797681150493765,-0.37747142594367,-0.128839786103942,-0.0543883422415673
-1.71798636990656,-0.978121956537773,-0.487459872055575,-0.217487943986314
-1.13064774410708,-0.634489041994931,-0.382385766521139,-0.29116948853423
-0.633165276638175,-0.122619039621107,0.0985616484278595,0.0993505865782456
-1.20494639245516,-0.544357636078169,-0.15266006346649,-0.00594225801427362
0.0042778716389501,0.0433863484217822,0.0446807380252626,-0.0215349603611126
-0.819160736144786,-0.411146337730462,-0.178275877994026,-0.101285566588228
-0.622509590283766,-0.406899090129385,-0.284354209033566,-0.25542303728872
-0.794129180943505,-0.518385377237906,-0.344924997505828,-0.281412609007393
-1.08493440108223,-0.667233440128294,-0.437315737966191,-0.383706917873129
-1.5292039321568,-1.02336094317035,-0.725585172613439,-0.610447467982562
-1.10143972574644,-0.633644603855881,-0.329839270385128,-0.178449218717536
-1.03158302220215,-0.501618160634746,-0.282503733258147,-0.291628111585714
-1.49945944103713,-0.805758196380159,-0.375678134037173,-0.19825971879599
-1.23308555024403,-0.845723476452153,-0.568071413372672,-0.405802508780317
-1.09189166096747,-0.55709698923644,-0.278278878033659,-0.221113559328811
-1.53930575933376,-1.09501122274169,-0.84536488979959,-0.743742104012912
-1.0050563064331,-0.5754523270043,-0.324274822421639,-0.240601944641407
-0.821254341038909,-0.476386499036561,-0.291273708313524,-0.255836332227429
-1.51591289312737,-1.19773802940837,-1.05482239103815,-1.04853354885694
-0.433488951829476,-0.376507409703474,-0.336907872409219,-0.35941900324631
-1.89587547805044,-1.20962968997818,-0.707501025854967,-0.394171480616288
-1.47924973576624,-0.799691422244815,-0.339586347151525,-0.0840710285696409
-1.63440693164768,-1.18372537650801,-0.87299012809379,-0.696597658842366
-0.66554779793351,-0.0325266440482032,0.333000714200631,0.481604788247024
-2.21199674894975,-1.36344698376464,-0.783453899099051,-0.439195590664645
-2.25881607146299,-1.5152926699235,-1.05463318506994,-0.822517011014656
-1.07682860789568,-0.810828819794774,-0.682978710839754,-0.696663868058593
-1.02954114737679,-0.418211548783537,-0.0338241051216564,0.131973249856116
-1.13944009555025,-0.453232486315321,-0.0507492359090049,0.106832102522378
-1.17825479330671,-0.375087798747833,0.12879320642991,0.35395510824137
-1.1456155684664,-0.676939427474295,-0.419266214206847,-0.336713661987647
-1.25995200937826,-0.550773751208693,-0.164318213162013,-0.0459419901458878
-0.861797504158361,-0.500745348837137,-0.304417788078832,-0.237574581210298
-1.33826702893388,-0.853006779927105,-0.526218995542631,-0.360866683742329
-0.096199495499568,-0.0165086791590745,0.0410761015228395,0.0393363529554951
-1.46204174889591,-0.792403884350349,-0.370244694872836,-0.160930789720568
-1.38966185362382,-0.712161202946082,-0.231892824035852,0.0638883944938147
-1.18542035779661,-0.426639450634796,0.000383188152901615,0.175922200831671
-1.03859475639693,-0.495720750963138,-0.185260867649946,-0.0965694440424529
-1.09416774232585,-0.631737816290569,-0.343973541782509,-0.212321675524098
-0.454825306654006,0.348733559273073,0.739395846734606,0.822675919449966
-1.66906086756063,-1.25667399521502,-1.03367183087713,-0.953053197175133
-0.843362014684023,-0.381685557317185,-0.10172828481459,0.00756868791175982
-1.54292911253821,-0.981141626652373,-0.645040707819134,-0.508809128285217
-0.259929760075733,-0.00757735505021031,0.138329864717144,0.169422104468921
-1.27495405047011,-0.802919297606121,-0.511600225987824,-0.382024915331117
-0.771349714417644,-0.346497472766145,-0.0979641170269898,-0.0251194504843086
-1.64232389179642,-1.28379946796071,-1.08264759941558,-1.02695214143323
-1.68870833724701,-1.15377859065268,-0.784660976093155,-0.556351706733436
-1.25444864913454,-0.726508139797612,-0.428478902787707,-0.346271226020685
-1.64383955689294,-1.03169671622886,-0.697357165278351,-0.570478942855196
-1.60830838868478,-1.05518915692205,-0.69720151088402,-0.531742413684692
-1.89908938919212,-1.31833638247304,-0.930805195361208,-0.714908818093761
-1.21695009663211,-0.746121659597989,-0.456889568253564,-0.328658562820909
-1.91430516720319,-1.51515312418176,-1.26761383463496,-1.16468948719746
-1.15107469897924,-0.515995214946765,-0.184799132470371,-0.0946734962312351
-0.462115821845951,-0.119791591615115,0.070910649904077,0.10737987861146
-0.908541301319286,-0.510340614929861,-0.285764629314724,-0.220213679912977
-0.847100159526548,-0.270203370892662,0.0642504824319734,0.205403462871326
-0.958870923888368,-0.55808140495321,-0.336193857015016,-0.266021602676624
-0.85065733043064,-0.461703242227404,-0.280380489776489,-0.275021070150628
-1.21965120728955,-0.619882124049352,-0.240272966426493,-0.0735595383701429
-0.67819990433899,-0.31318674662611,-0.0743696977813531,0.0333700586488839
-0.795728580884441,-0.504074296680901,-0.353964498720917,-0.341930201157704
-0.355327665459274,-0.252955635242806,-0.22918864456413,-0.303952586426518
-1.43012734798056,-0.91094293358375,-0.587772866504548,-0.432843425574653
-1.83706121072182,-0.982368871540817,-0.455074985684798,-0.207761175811093
-1.78805748617998,-1.00130983879991,-0.467242691170359,-0.178317192821997
-1.72898394057718,-1.21422267947017,-0.880274787331406,-0.706735226570372
-0.952971915100723,-0.518368948532319,-0.225460322164393,-0.0803384478535129
-2.03617289999973,-1.62446325326134,-1.34730626842405,-1.19671430052067
-1.53515379930373,-1.11849190989227,-0.875612715606715,-0.794271534436339
-1.51907191805111,-1.34437563947837,-1.21763722602009,-1.15465214140219
-1.10287087590168,-0.879266908482518,-0.745298279330139,-0.699193968560636
-1.07857828850604,-0.740684956221124,-0.536519414639039,-0.452178604993624
-1.02461670339769,-0.857833689288559,-0.783372061506381,-0.813515827074241
-0.934386391907787,-0.55331639353868,-0.276155647508244,-0.10638111259696
-1.24015859276898,-0.790327123617269,-0.522281798900549,-0.408892799626589
-1.03286207315474,-0.615156626926847,-0.346467382804171,-0.213255993699005
-1.35913599821774,-1.010093255021,-0.80504775282128,-0.730272590529991
-1.21006317393584,-0.719174291667077,-0.417359446895105,-0.287911595190675
0.206031075339229,0.373449595407907,0.430618904894035,0.356855320937611
-2.24039251433142,-1.33153270504002,-0.727332894737234,-0.389116024892354
-0.754056296780543,-0.31682798409322,-0.0593724901556656,0.0196594200034932
-1.1727673571947,-0.469823821141374,-0.140438428990541,-0.0584744763239114
-1.2389797433748,-0.562737789725218,-0.157151574049108,-0.0121744407233358
-1.17912233139849,-1.00281534754645,-0.863273305479502,-0.775852987323229
-1.47884024312026,-1.14195173802397,-0.926686324044859,-0.818341751823828
-1.06305559968616,-0.397410816285338,0.0435582170735945,0.269847851651816
-0.491450576973347,-0.138812212315986,0.0844243292072521,0.167434713204572
-0.574140729248115,-0.0939501440850795,0.157975428029905,0.185902414769192
-2.1754159001783,-1.61270271142009,-1.26202141994578,-1.09546933950218
-1.09415054974813,-0.602669136127631,-0.338247652662356,-0.250884548993825
-1.31218810295765,-0.78727129947496,-0.471979639647626,-0.325275671101711
-1.47403454734322,-0.733963899380936,-0.405685838031904,-0.353762784135125
-1.650038591055,-1.19003614221136,-0.898174696473196,-0.774167502185306
-1.10139701534131,-0.254557649660744,0.261527111939715,0.514319234700545
-1.97980582593697,-1.03186346467441,-0.463516377449017,-0.194573440061319
-0.806779696629566,-0.321428271801966,-0.0312318647461181,0.0761012562258845
-1.25669428483691,-0.818253787299145,-0.564300132215721,-0.486310062645229
-1.29164239718298,-0.786513265027529,-0.452888752489612,-0.263795092188265
-2.56738097666882,-1.97733082430614,-1.56539906584121,-1.30770501261169
-1.44914368589307,-0.711074721180461,-0.339006766625916,-0.213361918024831
-0.497868094947482,-0.139568762526117,0.0841633493616953,0.169854824026117
-0.889802439698914,-0.490704012176595,-0.26465440850595,-0.200075337204374
-0.503031666519604,-0.159649327188927,0.0376670097643699,0.088561918724214
-1.4275361020793,-0.846321463810731,-0.444061648925071,-0.221564076763371
-1.29633980381712,-0.637032408930191,-0.258055075858759,-0.113389827855369
-0.936468981407802,-0.671313536502105,-0.512947060564195,-0.453614068683167
-0.783776676774655,-0.237750781527479,0.0785322458306111,0.186348808211197
-0.618269496048338,-0.376327625385548,-0.242480382142952,-0.222850795786486
-1.20199486215721,-0.847685502734033,-0.653908182480923,-0.605905043316032
-0.208661328809058,0.179562661957934,0.404856394887108,0.465978180449379
-0.883405000022083,-0.64989377599777,-0.574110738917577,-0.660097471601423
-0.546790120322684,-0.326860368710413,-0.191823046066008,-0.159634916255327
-1.35166360820606,-0.876091075191264,-0.5684383897142,-0.397213989744498
-1.20524387684363,-0.925262021805844,-0.749831946164917,-0.689377298019877
-1.29181712416072,-0.587877817598261,-0.14373631553336,0.0658906501501146
-1.70654091604472,-1.1257555667491,-0.77377736932194,-0.615732176445606
-1.1650690525251,-0.332538403019574,0.185168069260994,0.416974023550085
-1.28831875986672,-0.586348913901328,-0.145719833293008,0.0693524786293334
-0.540602891553682,-0.226222930043491,-0.053011158091827,-0.00459227799111259
-0.875823464404952,-0.549479499562852,-0.33971603129282,-0.253986475526752
-1.2672176890762,-0.708967438641289,-0.362328605923083,-0.20100998724432
-1.61250590152755,-0.887188178886431,-0.440383651839632,-0.247465855724668
-0.574774874368691,-0.0682541031382312,0.207609057965723,0.261095783846392
-0.913015218765257,-0.439996309211359,-0.172670469320223,-0.0700659909792351
-1.30140587083874,-0.764619967217694,-0.467020286839307,-0.385470481484891
-0.362077896942232,0.102470878247166,0.408027595446867,0.558758489826503
-1.67444265123891,-1.20914597486344,-0.961461775640482,-0.882705232661151
-0.619753419596422,-0.302589705452254,-0.126147570761521,-0.0907595100934062
-1.24246515393543,-0.924617610763263,-0.750314128430259,-0.713576103438047
-0.969401819024987,-0.497404303136074,-0.211997638818766,-0.116383686396134
-1.35025527761626,-0.748267192046832,-0.369487238085909,-0.216986574717535
-1.91469858658035,-1.14904282298235,-0.651814644016121,-0.411141348587703
-0.542317664496541,-0.0983785616505664,0.125875356029488,0.163795522285159
-1.0827590244895,-0.402241179084604,0.0305017145652955,0.230975475883428
-0.511145805334494,-0.177880586758934,0.0394714916024232,0.12751509570686
-1.7354050674304,-0.982790521342827,-0.531430882219666,-0.33876388010633
-1.73877171733014,-1.02768572003317,-0.630721052902239,-0.467844692630686
-1.69481210509396,-1.08001681530439,-0.679723426838707,-0.47193446251823
-0.162025468486178,0.31448830736473,0.649892564305463,0.829308144446454
-0.344821072444029,-0.121838366538577,-0.0329017287790113,-0.0815547100707897
-1.48164839036472,-0.934332900028972,-0.555921499092977,-0.341230731902863
-2.47576231118445,-2.24468854776897,-2.07389070034425,-1.95080553481749
-0.793434970925463,-0.355282011649756,-0.0902077976015937,0.0177836404288326
-0.423780287435351,-0.0305603261619464,0.243397674127082,0.378861828835772
-0.713670601153348,-0.416695246059457,-0.232527775786221,-0.163339413995737
-0.474360864821448,-0.389441407388212,-0.347256576712134,-0.380131826917688
-1.20519576986176,-0.658168345783157,-0.303818317507793,-0.149265351869927
-1.03377954967712,-0.810768580431134,-0.69223048709137,-0.684892307183486
-0.504938909544118,-0.189336125827282,0.00112242086003944,0.0575438811206765
-1.42650238181693,-0.703550491041834,-0.266717113933815,-0.0629139653365676
-2.2926352882585,-1.95559688917461,-1.71347209796515,-1.56518750732001
-1.20276653343031,-0.615045818680108,-0.251122884976846,-0.0700641579040336
-1.38044124294969,-0.698638762520209,-0.297447450776295,-0.140365125618416
-1.45898122350102,-0.874436511367652,-0.45964443361664,-0.224310429751425
-0.697890833907813,-0.363818786567145,-0.237128412038212,-0.272660770286812
-2.16962414482412,-1.79582811831454,-1.55171976321985,-1.42418768853394
-0.663323660690115,-0.340685781827993,-0.144889249405102,-0.086840793035229
-0.948206787967037,-0.220026380507016,0.238798846446337,0.454852636695857
-2.04515638581844,-1.68596085645667,-1.42067625301938,-1.25105588137934
-1.15545569316779,-0.652250792781667,-0.329863821577376,-0.181329800861997
-1.66902388545032,-1.20468848519842,-0.878293729627296,-0.698702361985536
-0.543411624090275,-0.0810146477288563,0.214727996354491,0.354683792190704
-1.97356656580702,-1.46677181687158,-1.17132632478616,-1.08418680180647
-1.58737312119123,-0.942350075875769,-0.528638527874305,-0.298929544718352
-0.843695819832978,-0.326477428548769,-0.0765184120225404,0.00159225152708664
-1.4435575257907,-0.965463974312192,-0.689747105297297,-0.585619438944132
-1.13715458099972,-0.565512289092033,-0.21795021464515,-0.0463581508385014
-0.646534883125903,-0.561725696784257,-0.517120098237812,-0.525969208636168
-1.14596579826385,-0.689758407435666,-0.469831159781039,-0.40092909276735
-1.48774258845243,-1.18112081897024,-0.963512634700701,-0.830764089143069
-1.56919957513522,-0.97403316787452,-0.617697385505209,-0.477847320762482
-0.921010722135257,-0.440324917372494,-0.197148563299945,-0.149167117212098
-0.677482926683848,-0.071304913043454,0.222630369325368,0.282982961317302
-0.500886400841635,-0.122369411264278,0.0435997845889286,0.0243076936890085
-0.323289754243427,0.114441223096011,0.418099129333202,0.5814926408917
-1.97275620609052,-1.39097126258933,-1.00246699600153,-0.801040868425374
-2.57491955426855,-1.83549278130679,-1.30753760860049,-0.981057375904067
-0.377388660214543,0.13733639289017,0.418841834672861,0.497307098350375
-0.967338273325825,-0.544612008448884,-0.30857001670177,-0.23894624860389
-0.768550302096898,-0.0781404533406055,0.391660301547899,0.645329385485628
-0.523367701976626,-0.25353131423164,-0.108100655015758,-0.0906567386587234
-0.63115280858604,-0.38746707548016,-0.23064207515371,-0.173058042939604
-0.838161309646874,-0.459114307975391,-0.237445859989316,-0.161203680429974
-0.637374387072053,-0.423938935965634,-0.267519481584732,-0.179919999166682
-1.52573684826051,-0.847187980447325,-0.424348514555118,-0.232737870640079
-1.36350556543003,-0.785799955600789,-0.441838772123248,-0.265880920953904
-1.84622772662338,-1.24733150044269,-0.852597880560043,-0.633258741414654
-1.3613504199039,-0.631482768847358,-0.186419899214321,0.0194208659594162
-1.80043861999018,-1.15592797362899,-0.737507563691289,-0.529183548770518
-0.130767117047584,0.132051151425912,0.269525458492341,0.264701326489193
-1.14068511730887,-0.470465263545038,-0.116146197217057,0.00589893153165
-0.455482662439467,0.152004581492917,0.378337251792131,0.357909608887767
-0.523405294323963,-0.0637795887410176,0.218348174399277,0.330033025303481
-1.09569158216333,-0.879718931587586,-0.737719147209571,-0.67560900866674
-0.97483724353202,-0.427649488198094,-0.0115120353404594,0.272344541435292
-0.721992438628486,-0.343237633777649,-0.135150781315656,-0.0858000603506857
-1.35974180789259,-0.839592209477447,-0.460077470381876,-0.220309279547743
-0.87430544484639,-0.194951116246335,0.221824933631214,0.393285653648341
-1.0518751816175,-0.402952320917811,-0.0405899144518007,0.0919409997844515
-1.49378942230192,-0.891830329388314,-0.528549729360201,-0.361463420074335
-1.17998879405906,-0.595049493612392,-0.222719146001707,-0.045516682822787
-0.843087654474744,-0.381185269439771,-0.142971407402413,-0.0908290002315547
-1.30713804902034,-0.751721292083716,-0.465479303667287,-0.377618159089789
-1.06013899173047,-0.56878542576392,-0.269447225721164,-0.152128487490965
-1.27700509772264,-0.731477579989824,-0.389980933737611,-0.239048654313277
-0.722016947874734,-0.557657570724743,-0.509705145789071,-0.590232360266401
-1.52113137541969,-1.14378199790035,-0.890777553057386,-0.762206837650624
-0.542855351781763,-0.151494559638161,0.0393618555352816,0.0575791427701443
-1.62252430913638,-1.39756178761219,-1.27578350769095,-1.24990217317847
-0.290906869642609,0.174268369350031,0.483076959784201,0.629662711920267
-1.5557737315812,-1.01496755961673,-0.624448366735088,-0.386011439042415
-0.934109373498539,-0.471469741537837,-0.208329179919899,-0.123505077334024
-0.320426883658548,-0.0320457167628248,0.151619568640291,0.216272113447898
-1.03808704864531,-0.474918690438405,-0.162602276468726,-0.061451489017087
-1.74707648982284,-1.01564827436647,-0.578149110048249,-0.368518051879812
-1.94618860396261,-1.28974468245587,-0.94621739967485,-0.838847125397794
-1.02565123060644,-0.567723449259835,-0.262618671917431,-0.114397237206748
-1.28053587699341,-0.536257288010512,-0.137777731426731,-0.00148652684212125
-1.05069467074157,-0.587027808057348,-0.352505669663398,-0.327618916287836
-1.10684948809663,-0.629716409195131,-0.320379510453369,-0.167502827547284
-1.96926396430528,-1.27441340958513,-0.831198124375773,-0.61170896807907
-0.530381963766824,-0.373721553263317,-0.297190370412268,-0.302299317017866
-1.10215714899604,-0.519984598888875,-0.231954151444782,-0.169766453062747
0.20436616228117,0.213290726457431,0.206109643979674,0.133478869950637
-1.22548714249443,-0.825707014219183,-0.588353757116719,-0.497890481831943
-1.48262631808907,-0.860877889272439,-0.487718704693956,-0.330543833277495
-1.96505309281565,-1.47650907930842,-1.15908490961959,-0.999519763673691
-1.65156522517511,-1.29189178517026,-1.04890509931226,-0.926167863493518
-0.588799805502751,0.0653365267505178,0.428386283611329,0.528061935306646
-1.42399459752024,-1.03508044692929,-0.803938518539451,-0.731767471969575
-0.947612516658123,-0.313596876790406,0.0594484395581165,0.193264955393298
-1.2923417239332,-0.618744377017127,-0.209465999587972,-0.0196551256983786
-1.265758911606,-0.589819898422801,-0.150659093986389,0.0698943088100781
-1.01258782086358,-0.594386223363687,-0.344084104811394,-0.252602544105065
-0.902298640171225,-0.482696192086991,-0.217480754247072,-0.11371416691671
-1.02954422215684,-0.577799249616488,-0.310529703333466,-0.222429297527594
-1.62930327334081,-1.28409809609521,-1.0566557058947,-0.93235173018819
-0.769484717772504,-0.276981294087105,0.0385477836850355,0.193723745581291
-0.23954468320061,0.282223339489628,0.57066454198002,0.643996487746698
-1.84790368963535,-1.56172358776498,-1.35898182397636,-1.24667793105262
-0.752429675526017,-0.296790682918861,-0.0218301831216646,0.0764934203132591
-1.42374446936621,-0.824872053989829,-0.404604526198373,-0.163085383722791
-1.64819729204314,-1.0217016050314,-0.677387839586388,-0.56180150360668
-0.449530452829611,0.135861840736057,0.517605087347761,0.691156191301766
-1.03158302220215,-0.501618160634746,-0.282503733258147,-0.291628111585714
-0.633753780830353,-0.313045402123373,-0.142001107092275,-0.121284880059846
-1.1385799129308,-0.841983335594914,-0.68423099065643,-0.649002146002709
-1.22225173746962,-0.717196875623402,-0.456447496591337,-0.411765923968713
-1.50968684031735,-0.853683607310175,-0.406411553854565,-0.174231664108725
-2.04356641053732,-1.30468163243646,-0.798154237405298,-0.504134498896558
-0.984811770546165,-0.62376643544691,-0.415445913520535,-0.350646689545174
-0.668419940921378,-0.115272313030135,0.182685304931451,0.248796204264418
-1.53183088090241,-1.07130177340033,-0.808082005088479,-0.713007034953621
-1.10692511441342,-0.450585411527947,-0.0695869359417495,0.0703779169625108
-2.25545184310475,-1.93708327279873,-1.70574439769403,-1.56275154248905
-0.622185575267909,-0.202344287831811,0.0291916937193603,0.0805716100982463
-1.45901757833875,-1.10389723738074,-0.855483165677946,-0.717093679066086
-0.942609940211565,-0.649069342971133,-0.501144968483179,-0.468105747631339
-1.38828230637122,-0.73708657218383,-0.35399395710174,-0.20545203276869
-0.98678361509723,-0.752890474270521,-0.641506992492453,-0.632236966815167
-0.868080247773933,-0.499484984984935,-0.283996494137162,-0.204626035184465
-1.35970515967477,-0.745964473375313,-0.381545205069117,-0.232519783573508
-1.31752519109979,-0.621302748346771,-0.165919803284483,0.0520338646883893
-0.948519657602654,-0.30600082672087,0.0397751854046132,0.159656258640056
-1.52876492555522,-1.04092424882762,-0.744972809649233,-0.616111837563979
-1.02098712116597,-0.613671767319784,-0.377591846808311,-0.287162434170698
-1.04748270997538,-0.625384174939695,-0.348424625161992,-0.209812936579963
-0.387900803325923,-0.166528043826733,-0.0456111337280483,-0.0497880620246979
-1.12041605373568,-0.585946184214023,-0.27902105454978,-0.166116292604465
-1.19960787790974,-0.762952208751421,-0.490854744479666,-0.395265159110114
-1.53551876489513,-0.739832655951285,-0.220512045252777,0.0728616194356507
-1.19968067760608,-0.960799356901154,-0.882444869787066,-0.956727742022177
-2.01325827490971,-1.51492499119746,-1.18928865650215,-1.00406906305282
-1.06609609535521,-0.332919559629608,0.022119935423777,0.101561379990357
-0.825886639101747,-0.519354585855131,-0.355438312449723,-0.339684210910092
-1.92862777906945,-1.42742553139955,-1.08285242308522,-0.878622821386481
-1.50771639103154,-1.18787003269223,-0.928234967801858,-0.741074860142741
-2.02627077031115,-1.40514824355982,-0.985477891958309,-0.776724709649708
-0.159728840700186,-0.119247756856236,-0.0936669674448562,-0.108855594688873
-0.74961542090831,-0.09009398373521,0.275369462006842,0.415720625373371
-0.993238879622144,-0.631500827567528,-0.402156117591999,-0.307081572279062
-0.395513471454105,-0.20607970128906,-0.109275066758693,-0.121800534265972
-0.924387424821832,-0.452187214022657,-0.185249642109353,-0.107754889416887
-1.75954549679347,-1.11660701280143,-0.714111837902097,-0.538743701190702
-0.613748471551964,-0.290372695899862,-0.126686969949443,-0.124653881856803
-1.54771429032114,-0.795584078655699,-0.366420762353898,-0.179871778073345
-0.391207197526848,0.105571801521909,0.394837801378173,0.459885957698372
-0.786199201385379,-0.441655933718963,-0.198380412810774,-0.0563173989477225
-1.64698302710945,-1.20310467864839,-0.916357462379252,-0.774217866567138
-2.07385863716102,-1.33649943132717,-0.848928197496047,-0.59282464000959
-0.974535964014991,-0.595477126682726,-0.354009386045094,-0.260145281609944
-0.62418402713148,-0.343222239262248,-0.174576112116754,-0.12812800339753
-1.33259307719129,-0.731290758442737,-0.39332806158093,-0.292088093306884
-1.00110939628612,-0.31320898667463,0.0529315224586741,0.15282964050003
-0.251419976348996,-0.206858987920456,-0.174983030715816,-0.192538072198197
-0.689806565712237,-0.50266357109312,-0.4241753849269,-0.446359314749555
-0.800137714028208,-0.190209198014825,0.15704289347714,0.278251118356016
-0.934162420936452,-0.587784608501771,-0.379286766505413,-0.28915293802017
-1.73151715126228,-1.69901245730543,-1.71678746696379,-1.77657845842168
-0.654158089488669,-0.4684292882385,-0.347360377295824,-0.300662061250686
-2.43859705319034,-1.71805004004687,-1.25645941738619,-1.03306297674059
-0.972123303903922,-0.470571818385122,-0.124089223821547,0.0718376019820426
-2.91967507138064,-2.54589204615988,-2.2753780956651,-2.12027427470884
-1.00676235832191,-0.613396837630483,-0.369138598163542,-0.271386935862813
-1.43330258045867,-0.8792115790501,-0.514651929956704,-0.335991736532745
-0.931161032307352,-0.505780443379796,-0.322216991101512,-0.292172037770524
-1.07513839794315,-0.427189421036447,-0.0232523250051591,0.151728370746893
-1.93348461248219,-1.26690660975345,-0.831766766088972,-0.596114579742875
-0.848789904922609,-0.474069879932618,-0.23805530630394,-0.113774662619761
-0.951881274029919,-0.329975176309186,-0.000876038514103505,0.0925725304361444
-1.20197060393605,-0.877053835753909,-0.670519000165323,-0.575674405648519
-0.772486527829959,-0.385691184683913,-0.129595059473166,0.00671010529997534
-1.39560277485055,-1.16661795705786,-1.03652035725063,-0.998784043599804
-0.920008441890377,-0.60809364482357,-0.414846246922058,-0.332685294037298
-1.14347274155869,-0.677689402931512,-0.432424481687708,-0.376451284374042
-1.34274605067253,-0.727817434035519,-0.342483460083659,-0.167073261354453
-1.86634829848594,-1.34458183437079,-0.957457656904223,-0.720866397780801
-1.195772474389,-0.674873400463412,-0.36666991466003,-0.258390627831337
-2.13640967401135,-1.50534667802451,-1.05654037688988,-0.792935110822095
-0.769884933553214,-0.335158244051791,-0.105308274734572,-0.0715511965452563
-0.680011132145245,-0.217780318503501,0.105972646356816,0.278567107098524
-0.921598383475345,-0.73615293283164,-0.606396277581978,-0.538593200089609
-1.28140817635615,-0.929615063505457,-0.68884575148839,-0.553730694934901
-0.997556912363032,-0.670260355991341,-0.454864880115413,-0.359530817446881
-2.20626722870957,-1.56484068411901,-1.18492066094508,-1.02522423992417
-1.62786470917743,-1.06033228011151,-0.746607318624735,-0.66610802219476
-0.767200643032788,-0.339354793502793,-0.115444132228518,-0.0719731417907408
0.00364424815400555,0.0209178674135414,-0.00237021612023111,-0.117236029789196
-1.09600070701536,-0.399373726204999,0.00267433820175997,0.158984048862277
-2.93779321558833,-2.27085900231843,-1.77564335662411,-1.44111646302768
-0.530034260752417,-0.0428141243144346,0.239586125000789,0.32660507403382
-0.88098273986062,-0.501277507727438,-0.294050457381202,-0.255270355062976
-1.20711887717254,-0.247633371833401,0.344062982827073,0.666153278622183
-0.771119652847669,-0.67430715505197,-0.63209333999676,-0.650269555456721
-0.577311087104797,0.0719898251674789,0.392057375005204,0.4718026995244
-1.39685752973351,-1.14045216660889,-1.00879163376362,-0.996071780988315
-2.19314840827747,-1.54781085660973,-1.12885247842528,-0.924726212791329
-0.33513694160934,0.0477137213246436,0.297219346863195,0.401762695122906
-1.28615251863239,-1.14553976599043,-1.04865584186762,-1.00194905292216
-1.91075771762406,-1.20253276056054,-0.764291769345117,-0.527957585910593
-1.13150256974135,-0.228234910875559,0.152002842175036,0.206028488195548
-1.95512521908257,-1.2156534345057,-0.814145081024842,-0.668786922268214
-0.576115586747762,0.121333184840658,0.585172877997678,0.825822688508489
-1.04876118483184,-0.661246669149822,-0.450266168617443,-0.391846802336097
-1.01471230536073,-0.502327985165553,-0.194012408322528,-0.0705406073121708
-1.49742251503056,-1.19692606054737,-0.992626873249482,-0.862177162244411
-1.69413746373769,-1.16200348070436,-0.892613704703156,-0.809164438619527
-1.80076021964784,-1.30769278439374,-0.967339154616207,-0.75814465920013
-0.74871409244786,-0.276368678818081,-0.0697914832986866,-0.0520936448988902
-1.93536292683871,-1.26235831615718,-0.819556880860517,-0.585392214353335
-0.985795686799844,-0.20076800649769,0.34611465214335,0.657776978531751
-0.81113730799134,-0.178326845387599,0.192063973346972,0.321587836564931
-0.531559153777819,-0.315284494615392,-0.234749717945338,-0.280233512703289
-0.955992446272454,-0.403361726432916,-0.0689346576623099,0.0495616584965058
-0.824808221831773,-0.208852232101646,0.247115912070636,0.515309058835328
0.0339034796458528,0.242807607138618,0.340297275051477,0.30598177215537
-0.967004650309327,-0.337482057229841,-0.0156430750589296,0.0849855269987445
-0.495313708678188,-0.408895079647527,-0.395277686505847,-0.466114876042819
-0.0742826308517035,0.49802004781203,0.895325860705552,1.1036998562139
-1.12329255721603,-0.559109182469579,-0.130343118123407,0.129555000373461
-1.01942495918734,-0.586071254428071,-0.362624343849016,-0.316927731048857
-1.43756397368294,-0.855197179763599,-0.500506914808257,-0.330028904542908
-0.776692503947524,-0.257401314116262,-0.0203185864465332,0.00354151184259022
-0.914067433562893,-0.393739088979829,-0.0446232469015214,0.1477559698211
-1.2336009624758,-0.596684875906575,-0.326989836103849,-0.285242599583481
-1.4312817168758,-0.985486560264872,-0.673829361353556,-0.496713254313652
-0.919523903867758,-0.872546030182411,-0.828468785582297,-0.819112730689238
-0.655473687889563,-0.0494446641150842,0.346903442642458,0.539543925611502
-2.19570939360151,-1.60383975902644,-1.18996544243718,-0.956601434454114
-0.240762431393547,0.101695697204552,0.24501092741149,0.190987021863138
-1.4680718105554,-0.991183546670565,-0.692659621058819,-0.546784624498659
-0.808866672658452,-0.0889830982949718,0.315970007708363,0.441149022830396
-1.47981863801083,-0.991804176678586,-0.644855245780893,-0.45310127134568
-1.92198957579077,-1.18060073192635,-0.629525788291991,-0.28392378627459
-1.92019728278963,-1.12519181500927,-0.571521756027754,-0.257049555830332
-0.26732105822995,0.0288267792126902,0.175287175296938,0.188376877808865
-0.481382367269521,0.0265761752380062,0.234971063558767,0.2506063696312
-0.945710337181274,-0.614446556139975,-0.417301910026966,-0.36830793087439
-1.1945770672097,-0.487751776310436,-0.0677650270057565,0.127511214249495
-0.860999584616857,-0.643010554331487,-0.562822184904885,-0.603956975059327
-0.905764906814769,-0.418219220726821,-0.0862626956193088,0.107387379188904
-1.51385713025791,-1.11642845323995,-0.886731632704545,-0.815198962071451
-1.75749901141485,-1.08321273220363,-0.592362525246897,-0.254859747908656
-1.0300497587507,-0.984048015396058,-1.00719211448641,-1.09877455384197
-1.68035940199651,-1.16653440985108,-0.794629078140805,-0.580466112926777
-1.15327979572191,-0.751704878603476,-0.531594706566642,-0.467776706390851
-0.918049138701236,-0.411721525973794,-0.167891291735021,-0.110603820967143
-1.74435311210797,-1.22085348316259,-0.912648583748777,-0.795962818515084
-1.02461031900011,-0.600531893621241,-0.335644567486112,-0.222138579555751
-0.680866088171245,-0.393340225225543,-0.241177189100861,-0.239128091870039
-0.571855528721311,-0.36005299650025,-0.261713121877194,-0.286503987104624
-0.840120484199832,-0.443561520398372,-0.259425716558815,-0.246068277301655
-1.23850156145025,-0.942552552437942,-0.752651947965017,-0.670903537293491
-1.26269623874647,-0.66059339738965,-0.282211585737143,-0.0924100800209877
-0.840617243429301,-0.671404183145514,-0.582800317090994,-0.578430963701914
-0.774811443282515,-0.425198503434648,-0.253050486593435,-0.247383809061883
-1.30657955359899,-0.642172897105252,-0.207095822922821,0.0145324112366692
-1.15275335692303,-0.736572197480718,-0.523515443661803,-0.49620738078632
-1.29886827674221,-1.02289854006512,-0.885995608353608,-0.871989547751248
-0.801264488784589,-0.488536851279824,-0.294853661450985,-0.233419718968048
-0.972872105177771,-0.360525941424065,0.0200467509680191,0.166964411982027
-2.59111452800089,-1.9978275739485,-1.58218643168882,-1.35182955371637
-2.18442200463299,-1.40959227132398,-0.848529281940991,-0.498784968704367
-1.05195088859835,-0.706053315954887,-0.519174518174366,-0.457597830875983
-1.33168364910668,-0.652831347002134,-0.333928129061996,-0.255144959861174
-1.06493233937928,-0.467000186026207,-0.112957630978844,0.00955689290575773
-2.12831188329826,-1.44964411080603,-1.02790664025906,-0.810174941352649
-1.78197142228665,-1.29605425616787,-0.994906218504505,-0.848383348472872
-1.28138701107675,-1.03721069750549,-0.901431197142895,-0.868786986695809
-0.826345490424337,-0.212505044877338,0.162678220024036,0.320861342503524
-1.511570817378,-1.03580659768465,-0.705875911610701,-0.51693702971206
-0.695028475855633,-0.34342483890491,-0.12091114019479,-0.0266278271794743
-0.388710694592505,0.271958240649844,0.661305856328814,0.804919413353973
-0.757307290067555,-0.268389984316257,0.00312539519401307,0.0805729809722001
-1.2113002700894,-0.686795951614678,-0.317773180656497,-0.120479100936602
-0.654664468229758,-0.478709400230329,-0.373523102318675,-0.335277952006542
-1.27706031847605,-0.773550652485645,-0.475278042130752,-0.353203908704409
-1.18226920885564,-0.806384464594104,-0.550666614988441,-0.427482290998648
-0.885978339459391,-0.980155910554881,-1.09738600296021,-1.24364196690049
-1.54058472986706,-0.699752461843249,-0.166704680019399,0.103562937606573
-1.52961233237078,-0.831571035373181,-0.398502520294172,-0.191244363767908
-1.23217715265808,-0.875449181563553,-0.605880635600429,-0.42616790512698
-1.47492763924559,-0.8569543572266,-0.409484557010533,-0.128110352713027
-1.08293184801176,-0.652920873293416,-0.445836036122671,-0.398520465572409
-0.410916438638418,0.0673306616848461,0.288003789736247,0.283282192344513
-1.61712363339796,-0.860418246643698,-0.343916332288437,-0.0760022330649681
-0.959233174932146,-0.683224878735985,-0.558151183879627,-0.53642464185771
-1.48558696049722,-0.827146088265544,-0.401547945773722,-0.188413901166204
-2.07393206351239,-1.90926513168369,-1.81519528728527,-1.78248503815185
-1.78282448003509,-1.01635360641065,-0.551200529818377,-0.323276666851697
-0.585840081020166,-0.458073705032653,-0.402417365683635,-0.447092058867169
-0.330437246972675,0.22380743287306,0.531413101410707,0.621572975421892
-1.26535286781954,-0.544221996701883,-0.131624985798988,0.0184221512129243
-0.691570288315937,-0.0433981729437973,0.260228733554733,0.324966290178545
-1.49328305564523,-0.685610450106534,-0.160695869979573,0.102962454603131
-0.908194275815959,-0.345147484970134,-0.0536623931860531,0.0340601967439542
-1.29637551916741,-0.922712113313671,-0.710189122592833,-0.654019346187348
-1.32364898523367,-0.942058613173654,-0.690975380750657,-0.564637679882229
-0.731887857101319,-0.346385252773673,-0.108960011608955,-0.0393009841092258
-1.4298052543567,-0.88274966312013,-0.563836269892174,-0.439943550956379
-0.596348940317056,-0.167299815711248,0.0556693779534356,0.0913038546781122
-0.487964174743831,-0.0390924438815522,0.267468657816725,0.424684867039487
-0.919369497063154,-0.753185971730228,-0.684106973853361,-0.711134488621446
-1.60097875266535,-0.728710052627284,-0.230982616144682,-0.0340594305594131
-1.54863367205955,-1.04305060500572,-0.715385647344792,-0.558852118070416
-1.80554313965021,-1.073639800701,-0.512766448251864,-0.125984846062088
-1.36463765794858,-0.682892714630005,-0.291696012173467,-0.142201412530779
-0.675406410843262,-0.25731720678359,-0.0474959803075375,-0.0190046988737507
-1.98132138146237,-1.27474203643182,-0.850201594620777,-0.65481367972903
-1.05721403138728,-0.662275951789182,-0.419210530011488,-0.305871492564671
-0.478085013245431,0.0732178063516067,0.363321141887153,0.449326107865063
-1.11925889684353,-0.614910182891756,-0.294377743736092,-0.133521338196504
-1.18630844477799,-0.635730272041834,-0.306077583761771,-0.162233576548852
-0.826144384221164,-0.347641121299741,-0.113904699122444,-0.0805456053360733
-1.81451375190577,-1.26325553005504,-0.919476100845189,-0.765338362072972
-0.990580799083591,-0.611230233179304,-0.34069234796055,-0.185854697674638
-1.08432055540896,-0.455598973526618,0.019107074575671,0.324323809633496
-1.19892134564919,-0.352767514296901,0.139537155750738,0.361538892288824
-0.539035461107752,-0.209628253608547,-0.0613596206531351,-0.0696861840137324
-0.876777585962403,-0.610370565435465,-0.469807864491504,-0.45158322204303
-1.47044055338255,-1.06316013625304,-0.814766023688743,-0.701084946229092
-0.779390823097209,-0.273537387744302,0.0134982257587713,0.112864522702539
-0.810928952495898,-0.244160454588305,0.168749668469462,0.418932529671013
-1.51210906866418,-0.818346791807728,-0.414764992062683,-0.247173385682826
-1.42979175401401,-0.943850582922592,-0.65336270813896,-0.550646525551509
-1.77647210481622,-1.17260074390799,-0.841849113135757,-0.727232331047108
-0.933062117228637,-0.497888091003125,-0.285640517376356,-0.265597261196556
-0.96291082456339,-0.661009431939275,-0.499336304865438,-0.472842080560887
-2.18390303604777,-1.42630193625237,-0.951973259040999,-0.689912210635865
-0.0684649679697671,0.367094696310624,0.622343323649483,0.711745923196505
-0.913588424506109,-0.473275350783562,-0.223372929565619,-0.135743376754261
-1.78100049001791,-1.32524062860642,-1.0194008371127,-0.873846324935483
-1.43023005280771,-0.841282417211509,-0.494856203718032,-0.34361907528781
-0.595287866378288,-0.210007025119184,-0.00151491981623395,0.0317963290696411
-1.62915108015428,-1.20734162403712,-0.922507624356725,-0.770085948183342
-0.764034089457174,-0.43800903117341,-0.25145540124244,-0.2057376081278
-1.33168364910668,-0.652831347002134,-0.333928129061996,-0.255144959861174
-0.730845582854692,-0.633457400766203,-0.58835072206302,-0.603477951511086
-1.358573933098,-0.553450776587114,0.0120330170096264,0.343314824916312
-1.2985377443744,-0.962881349977911,-0.771616624874895,-0.721589818801634
-1.75790642125022,-1.06109437974821,-0.567665188244879,-0.244361790665199
-1.22466143163766,-0.800583024849189,-0.524132177077347,-0.392082241413107
-0.478272209204168,-0.317417790522975,-0.225978963657247,-0.226493880683404
-0.722849777289399,-0.386058821899761,-0.255593061852095,-0.28500646698377
-1.1955671639198,-0.4669715964166,-0.00378963409872002,0.220703253604987
-1.72337281038183,-1.006670521346,-0.523802833891484,-0.260112424747196
-0.950835469002942,-0.439184239276033,-0.238084975333413,-0.250908861632636
-2.27403861427876,-1.67678246211031,-1.24077698809506,-0.966399988073595
-1.46145953359995,-0.996284597067094,-0.7264684235759,-0.634329289719618
-0.617302455867888,-0.0489042821789226,0.271991092116744,0.384344192224748
-1.35170420931621,-1.02473846128323,-0.798912399480488,-0.664029850634459
-2.13060626473532,-1.44547877541339,-0.961349483481457,-0.685439283535249
-1.85818594320271,-1.3022619142304,-0.935683997209472,-0.739820454806071
-1.38269435598187,-0.724509993025295,-0.309795675771719,-0.10840841208924
-0.675758055775182,-0.266842503385313,-0.0117324365788301,0.0996692970455309
-1.77807800573098,-1.27286552942265,-0.971145972929581,-0.85337576814909
-1.40484761286635,-1.00954582367514,-0.754598786592176,-0.640091813946049
-1.28992676055106,-0.891162751133386,-0.651563437622544,-0.564351847927238
-0.502450502595867,-0.30484652720171,-0.243658068458034,-0.317817873574284
-0.788127748013136,-0.24393109280607,0.128369307907585,0.313027065036702
-1.88201974291739,-1.38953969431798,-1.03099602870236,-0.793946401754293
-1.27694092735625,-0.694131779367944,-0.35326756761344,-0.204413792089974
-1.44745678926844,-0.75466334992749,-0.26064128121529,0.0228101439673409
-0.889519354552028,-0.387722379544727,-0.0808716252229275,0.0584003842564583
-1.68010657981601,-1.12158837403692,-0.728722823969271,-0.492115966403022
-0.213748910348924,-0.00885013095425908,0.103445295628946,0.111957905160046
-1.56154796757694,-0.871850699590487,-0.430443861754917,-0.222641490291443
-1.18019263418659,-0.603031199016656,-0.236443669960484,-0.0780678263528759
-1.99407126520147,-1.30284842206667,-0.893724844363417,-0.720617911860098
-1.53258699962707,-0.938983908965297,-0.579352335195266,-0.432801150682435
-0.909879561665871,-0.534418651719043,-0.308592015000085,-0.225624888514355
-1.57265755726065,-0.919651858534878,-0.475476868528347,-0.230840371987542
-1.87709499998866,-1.20212750928725,-0.76423491358206,-0.557213657295568
-0.410835114633863,-0.201081243085894,-0.0764933927754482,-0.0550969647655644
-0.998667742609289,-0.606949742133249,-0.370280960782713,-0.288192777389417
-0.483324182435589,0.0382800892029014,0.349801409187992,0.465130197666775
-1.02951475648128,-0.720426003332142,-0.552044324317114,-0.518710922598305
-1.37967753676799,-0.718310848157545,-0.279511233374277,-0.0646425480812368
-1.04276321756476,-0.609712987934396,-0.364844933695154,-0.265633314470437
-2.3333372216812,-1.68544607605632,-1.2512972773024,-0.990488538770351
-0.796059730839426,-0.505405200770009,-0.356258409609383,-0.327785890381586
-0.805128933107812,-0.39639914881059,-0.184970132890505,-0.120189563174249
-1.05865418538154,-0.225496637708259,0.173082053508867,0.299534903147083
-1.19795895644992,-0.823981959672477,-0.580784291086401,-0.453472311317963
-0.960466010258566,-0.411104951953695,-0.0846387184544245,0.0382707694108379
-0.671999003841188,-0.250108506128234,0.00681327244779244,0.109525727784367
-1.87427015801616,-1.06228654375765,-0.532417006610135,-0.25036147760171
-0.964319178807043,-0.534994766159014,-0.300096616385362,-0.240485722205622
-0.951824738699487,-0.345703826909637,0.0431959367963912,0.227929273919355
-2.09460395986719,-2.07285701189767,-2.11456814395103,-2.23157417040054
-0.515826614111394,0.020983353264861,0.303395103280152,0.370611098297128
-1.54708656127648,-0.796911297599875,-0.362428887520802,-0.190329371540322
-1.90727925367464,-1.5411861246508,-1.31225026998503,-1.22230200541597
-1.14271888909994,-0.437778877383345,0.0083237659367371,0.220382972456892
-0.8888475170973,-0.529077650716705,-0.382860093880934,-0.38893813865181
-0.666300093713525,-0.198745195081081,0.100590013011326,0.222820498301106
-1.35617353052195,-0.549377086841782,-0.0701721249736422,0.124377095432766
-1.40669851317687,-0.794777192416911,-0.382904000606902,-0.175015908360518
-0.955483050782382,-0.276066156583013,0.166857988740181,0.387727640180718
-0.858701298900676,-0.393398598845999,-0.135334668016617,-0.0630604003348371
-2.23564079128203,-1.46638694190534,-0.986476538524921,-0.739555093410778
-1.4911092953027,-0.857993077112009,-0.433018899811543,-0.204078296086263
-1.29556000860279,-0.838408144385677,-0.613005096375134,-0.556510700188486
-1.91824874529408,-1.18132521290068,-0.704756061140325,-0.454392902978889
-0.797322988956286,-0.398978082769502,-0.188735660490932,-0.146454101187679
-0.614919574191628,-0.283981780539822,-0.104204145390082,-0.0739028550116269
-1.23965321357752,-0.534289756393693,-0.150065053088791,-0.042782925950463
-2.00013491098342,-1.59144158923517,-1.33500572734036,-1.22780667290213
-1.4843926825255,-1.13684045855475,-0.916579956840988,-0.803951444096874
-2.12973777800171,-1.34545083137851,-0.822956209485637,-0.528568615279795
-1.51965937405687,-0.929847014097344,-0.606136907924847,-0.483817569723262
-1.42522623289759,-0.984297710664783,-0.717597929668598,-0.584523853842884
-1.21647553346235,-0.579910677818429,-0.16073877232725,0.053971279985476
-0.580717189143191,-0.317790533173993,-0.184937882136818,-0.191652374757337
-1.08078230825725,-0.45583361539928,-0.0683027301428465,0.115034025963117
-0.755286542285738,-0.54695982278357,-0.428519549905992,-0.412134425876624
-0.832019284122991,-0.276418021652419,0.0715081202418568,0.223964433430751
-1.05719291201707,-0.556338524035531,-0.229179506398109,-0.0689118564940659
-1.2156108257268,-0.644439181500148,-0.303828635471491,-0.165990826986215
-1.18532773482845,-0.517285534990689,-0.164846414235133,-0.0445851645589824
-1.90936409211505,-1.4552290150224,-1.19201577343183,-1.08420442690661
-1.4766162161028,-1.15743118251327,-0.953569409468771,-0.856224228911139
-0.526086526342415,-0.0618967281698358,0.197876944271511,0.279105292596993
-1.5034824607007,-1.04658513229361,-0.735333445061604,-0.5655995401455
-0.782904986839577,-0.195009071286126,0.182377057423883,0.359638524237411
-0.527910790168352,-0.00598168225401063,0.253998141804799,0.306634246528042
-1.53764703551494,-1.11604363463875,-0.795914363469026,-0.594927075907626
-1.01059333853973,-0.474473431457675,-0.186149183636448,-0.117080052900895
-1.21926995998525,-0.930894422097263,-0.766867111606397,-0.71806056309573
-1.01461335382012,-0.36519134586355,0.0169345347557933,0.168190961067178
-1.18470391139225,-0.762492062207223,-0.528477735818122,-0.466150188112571
-1.48490260717294,-0.983157545131686,-0.667007491926925,-0.509211462340037
-0.990901557752165,-0.311762748404525,0.0673484718556896,0.206997940218759
-0.528712437555787,-0.157303109506336,0.0839173890949147,0.189304175851834
-1.40556254370473,-0.863014104558336,-0.536030867091011,-0.404880111323531
-0.320739716009408,-0.0557963627040029,0.0966291336368598,0.136761526503516
-1.81308882983037,-1.3314384560432,-1.04420252025886,-0.935794193705613
-0.947499382364959,-0.727625270737447,-0.601284100813887,-0.56352427263862
-0.397004252079407,-0.0462912496754689,0.135700903096849,0.158436800848037
-1.41779803081053,-0.936906538572105,-0.683291249360996,-0.615609662219756
-0.739826040139531,-0.235237001031226,-0.0318341186376255,-0.0125240334961277
-1.96940656925956,-1.53206305101829,-1.21067071683899,-1.01403444134079
-1.15935002060967,-0.431749936821469,-0.0178239369688043,0.137031016086721
-1.55685555194228,-0.84106884605954,-0.422608162225157,-0.255481466060244
-0.291531596955821,-0.363478228162829,-0.429502011406743,-0.530286060419896
-2.44135711177876,-2.17559774210109,-1.98916988260089,-1.88531183036783
-1.04684381389982,-0.433789348137966,-0.0560552754049225,0.0857597326602557
-0.92259505694396,-0.529801233029093,-0.373104711770397,-0.390231195417029
-0.638313652898413,-0.382877632710549,-0.237156557416414,-0.202791500629543
-0.413897086226254,-0.229203595994899,-0.118441482324055,-0.0976076277715927
-1.34160186383005,-0.644036858075285,-0.269364154798797,-0.121472386823328
-0.95841915600246,-0.447148481465234,-0.0407933435819887,0.2359174817572
-1.17479566373691,-0.683931936421245,-0.376058605872219,-0.227107479079931
-1.59697890282342,-0.999777999214115,-0.600073013070455,-0.37524625980786
-1.43726981839642,-1.07870533371531,-0.881056215525091,-0.832404816493846
-0.77425749433161,-0.541324743760228,-0.380480063836326,-0.306109240805687
-1.1323294931279,-0.717154587384429,-0.479055300274755,-0.388555312064277
-1.32629518781262,-0.773157182879268,-0.458026661191659,-0.33531349815231
-1.04685856661629,-0.748313124437155,-0.577028222813445,-0.544668758898183
-0.727246326939892,-0.463099771578992,-0.306310581229236,-0.266706909549445
-0.981525966291444,-0.318764764444778,0.00289315013340274,0.0750157285038269
-1.19106611731868,-0.695411738262035,-0.365098270530695,-0.1865924614892
-1.67404089346465,-0.836818578504567,-0.434824171772174,-0.34960310726048
-1.78137619857019,-1.09400273753029,-0.741514884777191,-0.635805248569191
-1.73731955687611,-1.33847371836393,-1.07031274045141,-0.93373420351257
-1.51316809199555,-0.693874391504766,-0.0984219086121222,0.255925834572965
-1.40173161119122,-0.806337704994938,-0.4712838731889,-0.33783553629901
-0.448793999548677,0.0703072319267745,0.382043784978831,0.501000159120533
-0.653362470079744,-0.117906096448693,0.195533716990432,0.30468089870673
-1.37671376347136,-1.02255497213752,-0.76835132393109,-0.62434213351982
-1.10691969778698,-0.617386231447788,-0.322309784900324,-0.210463438560164
-1.66895056695871,-1.03123548261439,-0.59959705710361,-0.359732612606721
-1.00079674025673,-0.741803424252266,-0.625947482050334,-0.631220757713854
-2.06077369417181,-1.43982249549714,-1.10445351466622,-0.981876872990877
-0.456564829991682,-0.077996884860051,0.167428058323907,0.276873565033307
-0.350912847499572,-0.205090158021744,-0.173019147619819,-0.254550680593808
-1.13672210147328,-0.449879879861671,-0.0592623239340978,0.0800719177257193
-1.11458529470622,-0.732680442232024,-0.486216629437729,-0.357918209384572
-0.409595701038944,0.087803186440969,0.389839507102254,0.498975194269257
-1.08839881477264,-0.642123921260894,-0.355439242060786,-0.210419507332327
-0.784845780302206,-0.412881171510482,-0.221676803599684,-0.211314972026023
-0.89253157788384,-0.414484106801773,-0.103360836407167,0.022211664952465
-0.748347023043059,-0.268514881026131,0.0314166398916127,0.155215548914385
-1.49857344413864,-0.715862555250898,-0.190718434913201,0.115166361985344
-1.66217919928087,-1.19251100890484,-0.924477237635579,-0.83960457724287
-1.64011686962173,-1.15455987711839,-0.840592695155824,-0.699927144161539
-0.614340807470747,-0.198432771374952,0.0425062354458405,0.131577126949155
-0.870236151538735,-0.387614934533819,-0.102218742116762,0.0201068584414309
-1.52589600869802,-0.945514795444778,-0.625069239349589,-0.50167576545417
-1.23161264064239,-0.701614693085998,-0.39754508515764,-0.289676634709867
-0.636283174099048,-0.310166039398141,-0.151275491581199,-0.153935599397136
-1.20414757206525,-0.659428926685322,-0.37372519143464,-0.287380898791996
-0.966830405274723,-0.576056443012509,-0.327483364649352,-0.221392292389544
-0.799659372360056,-0.420381216081366,-0.223336284367569,-0.191100140612014
-2.10033294134246,-1.5564857052472,-1.15432167983087,-0.910872723742373
-1.775755688053,-1.27531736127143,-0.909324392975587,-0.693067907384144
-1.48563589071749,-1.00334565229304,-0.687403637607009,-0.522050433672859
-0.677482926683848,-0.071304913043454,0.222630369325368,0.282982961317302
-1.18714086995382,-0.729090512095614,-0.502128618204923,-0.448870901788123
0.171483684985223,0.439827111467249,0.550423860129146,0.497220339476107
-1.23846854538212,-0.849701088135959,-0.609194886590588,-0.509464964008755
-0.627903060170393,-0.304585027888973,-0.0841716876803899,0.0290791518790055
-1.49139130558826,-0.822811484966799,-0.354572902116041,-0.0618509797661547
-1.31681911443102,-0.923088650579076,-0.648069008506671,-0.498290250983611
-1.18422449160094,-0.827488493905464,-0.622476586100404,-0.548035400606354
-1.63796661643425,-1.10414704089962,-0.780499075321754,-0.639284400879971
-1.53043557967169,-1.29758449802063,-1.16924056087236,-1.15071593961748
-1.91783486319235,-1.49237240313657,-1.21015591302778,-1.05396305350332
-1.62528820704549,-1.06111597279227,-0.701910277332771,-0.543053052162161
-0.904173383711624,-0.671239575973106,-0.559926744522125,-0.564307800945522
-0.441806399581036,-0.144919255967429,0.00255533697529138,0.0115142580879359
-1.89815501507132,-1.40608368447731,-1.08121097390941,-0.923809279619057
-0.917835945010088,-0.563085494460819,-0.371857351584207,-0.335210895077613
-0.514803044325425,-0.238524132526496,-0.0908860023407485,-0.0817191899383809
-1.08883769844732,-0.785869955301612,-0.605727116561862,-0.539264576610183
-0.771059107750759,-0.369397994548945,-0.129696515868576,-0.057158159627219
-1.36513348947322,-0.70148948257062,-0.372204418431262,-0.282191074480587
-0.585625012170867,-0.400895188308613,-0.284558138712525,-0.25554028782713
-0.534530739567492,-0.242821502784255,-0.0986058112371884,-0.0914529637895175
-0.841759981927093,-0.370197458018731,-0.157078312034851,-0.125668137877696
-1.19632627329436,-0.269193581571713,0.275555485020333,0.522421054364209
-0.258753929576274,0.0813276254999464,0.281915927421739,0.33597894613127
-0.840116461262592,-0.719391751300229,-0.657669421443238,-0.671307858016401
-1.08301995308029,-0.634084511451138,-0.299589530679874,-0.0872525235484837
-0.540029549397933,0.0143678672373726,0.32637309463404,0.428922621522393
-0.739991351420089,-0.235686394856676,0.034160920638988,0.122505001791482
-1.21122157832049,-0.590879964733147,-0.209042192701638,-0.0430030354573842
-0.610671651308892,-0.454166165875438,-0.383352686325598,-0.412298107555578
-2.00753704423699,-1.65979370551367,-1.41378010564355,-1.27123678382395
-1.64566479580926,-1.0449532625332,-0.662387265322345,-0.468615240235634
-1.35485325148435,-0.758545897008829,-0.354742063266912,-0.139023164709772
-3.03902875490485,-2.54462447102243,-2.19210736800942,-2.00576012993067
-0.76200689740807,-0.467666436584704,-0.289051122139492,-0.237487671736867
-1.57075783372834,-1.02477604940284,-0.651893026077557,-0.450908944543519
-2.02738222021148,-1.34744281428536,-0.928344965692688,-0.736142348141058
-0.658831435984074,-0.397639888340751,-0.284693166059324,-0.325900300240388
-2.03805064012197,-1.4302519696003,-1.00086821284939,-0.749640865029891
-1.36645446180434,-1.06840515921513,-0.905179679585279,-0.882388172598182
-1.64986322463425,-0.953732116752543,-0.543568492308804,-0.369361110445827
-1.14723592519005,-1.04993890836769,-1.02808584481812,-1.09309514978818
-1.25756458185395,-0.500218384355205,0.00205220990475198,0.283854355128813
-1.58398410979217,-1.08727420084914,-0.793052154286902,-0.688249693376321
-1.14746982568854,-0.720632185269418,-0.441844117367579,-0.31432287814299
-1.4967884314905,-0.982702752344933,-0.643834198165851,-0.47114411347701
-0.570344695308632,-0.155120660045528,0.0729522309937486,0.151294098953505
-0.737157199435268,-0.389204449759044,-0.162717856619382,-0.0646660914894412
-0.792021978161583,-0.554547898754277,-0.453700556697493,-0.479363681546441
-1.52961233237078,-0.831571035373181,-0.398502520294172,-0.191244363767908
-0.869055925775789,-0.382223201891605,-0.081217049952232,0.0503733173829543
-0.877699471750577,-0.526607229833609,-0.336575844662888,-0.309851929428717
-0.356304222264718,-0.00757440977746464,0.208466207739882,0.284172239983412
-1.24347253527717,-0.608500970321564,-0.244098316625956,-0.128423047362408
-0.694958583640117,-0.436291157156383,-0.2924387323743,-0.258883474886053
-2.15174190776244,-1.71849281549418,-1.44460734781709,-1.33606376065864
-1.06923374100289,-0.526454799691941,-0.233630296671252,-0.132010302891458
-1.65298684801828,-1.0113301261471,-0.595172425956868,-0.392850326119345
-0.667819688925644,0.0611379810611598,0.54222438225425,0.790404303789041
-0.962795731619795,-0.413168378418908,-0.0647172516752123,0.0921511173499717
-1.54142486584445,-1.05325963441583,-0.76665061634402,-0.667955317889939
-2.59634299297758,-1.93970288655072,-1.41945980693572,-1.06014598918525
-1.98927541264759,-1.02809946277111,-0.568941171968299,-0.444925647833061
-0.752761159709475,-0.368411412980987,-0.148351999161479,-0.075702800822396
-1.25388120797417,-0.908911098724099,-0.70918545803347,-0.644134491603474
-0.587378593668585,-0.284124784806302,-0.107161820444499,-0.0599247204286625
-0.412205096705785,-0.185638399112278,-0.0628979172398782,-0.0512969032581815
-1.28274278636773,-0.692979657128428,-0.309382688750563,-0.116480330053654
-2.17400444624516,-1.48999932609847,-0.995509666984247,-0.677562456484709
-0.790342685027654,-0.436588371000299,-0.291535052979275,-0.333309702130695
-0.935766249466054,-0.581313708240496,-0.36830902099267,-0.286345238923968
-1.21955940871297,-0.72019764906655,-0.419154913853752,-0.311917565725431
-1.16961695923509,-0.651888508908621,-0.334623954967573,-0.183943523696948
-1.61119837945784,-1.23659044658636,-0.994012577028476,-0.868386923911247
-1.66465463099134,-0.943184811357819,-0.530090797347079,-0.363861937146894
-0.73174403442038,-0.167800494393095,0.241461775966294,0.464913227356304
-1.91684361762805,-1.40829998166365,-1.09726221533847,-0.945738461367661
-1.31224978373181,-1.08556242728048,-0.95138547419444,-0.905347087723766
-1.4772989714899,-0.995944768142389,-0.702420069224369,-0.587825790594721
-2.17609722763991,-1.44671196742941,-0.943766269267096,-0.659120368771152
-1.42723301493703,-0.940038642592907,-0.638730108434544,-0.506166058693914
-1.10050474885148,-0.802236246890555,-0.637099925072027,-0.576965310025836
-2.31410126839645,-1.78049138396593,-1.36257433810616,-1.05851640012466
-1.52548331086164,-1.31510391447638,-1.23494363376925,-1.28703001073257
-0.145437687352607,0.184525098118923,0.329715244224249,0.29971912551
-0.976950692942192,-0.698605682049682,-0.536417892920968,-0.476591208622369
-0.675008857487574,-0.308512966255631,-0.0954785130984274,-0.0252186148831116
-1.6068903709362,-0.966984312831442,-0.536887891498691,-0.281403369552354
-0.791207401484635,-0.404417516174185,-0.209161310261209,-0.158071681350356
-0.70187946167286,-0.554783255482981,-0.469840378460931,-0.457895108407999
-0.95026175072624,-0.222157843211422,0.154522976848968,0.268042551582291
-1.35579548477815,-0.853303039060631,-0.513108094964669,-0.323774951856378
-1.26668575415133,-0.854544396543177,-0.605012826044405,-0.496677777602716
-0.705120325693488,-0.36299270812982,-0.19199496238803,-0.157349936118624
-0.554259479526939,0.0559707188679455,0.500135760229146,0.752714105462841
-1.57063962984759,-0.979478012539236,-0.570932420720306,-0.350899028950743
-0.57851036415991,-0.480441341882684,-0.436270391386276,-0.454282106837755
-1.57503397380192,-1.04991754464407,-0.665309328156752,-0.438502292029054
-0.447433075712881,-0.00701924746651202,0.242753182929637,0.318508407840034
-0.644129566109228,-0.365629534247692,-0.228204210158342,-0.231769363472276
-1.51253850197994,-1.01298696925925,-0.753263496914654,-0.699702964121787
-1.19193722011987,-0.60408394778499,-0.301546602582767,-0.223640980344304
-0.507151420472814,-0.246777447430534,-0.126556238937149,-0.146465546226345
-1.20031785269944,-0.529486353528212,-0.0666407847911985,0.177446469711592
-1.24023274773781,-0.586279434517771,-0.171836633987645,0.0298998140582552
-1.21173124632526,-0.572189779393838,-0.199057611090531,-0.047282062071321
-1.93831539460296,-1.33978513652958,-0.929422201444877,-0.689748856559776
0.0264095138019353,0.441791925989349,0.722087360640124,0.868425970554958
-1.17447810460545,-0.717537196969628,-0.436127491335162,-0.314726676370461
-1.08098715688666,-0.672981428274709,-0.404317004855574,-0.270547953298536
-1.48771976600915,-0.912495665042209,-0.489571018398117,-0.222582860669862
-0.951432297054287,-0.580392900511832,-0.340386817319318,-0.211332561974808
-0.525106255374103,-0.244898429471607,-0.128063142221482,-0.157183951421284
-1.04306292841913,-0.578273481151737,-0.215479836094195,0.036246943290162
-1.24883293225156,-0.674549436696761,-0.358836377447475,-0.262727810329524
-0.894327609090355,-0.419565441256559,-0.10366515665887,0.0507781171851944
-1.14699508888838,-0.707750607826184,-0.431783883741946,-0.309671390069155
-1.17515786232555,-0.514622015172931,-0.104765985310256,0.0715758606296202
-0.80539511777641,-0.679901644931756,-0.613050754835803,-0.609970861139797
-0.422706202632244,0.0807068553813516,0.356839575278124,0.422984269322436
-1.53339585927593,-1.35503654647383,-1.26833541025202,-1.26585851685876
-1.3404142526613,-0.748961335277518,-0.393379324765662,-0.232476337764971
-1.47777839742085,-1.03517486633489,-0.736362435018167,-0.553902652138847
-0.364281110274619,-0.225615949202804,-0.1581381317193,-0.157013670747924
-1.24476456565846,-0.789934710732232,-0.494066033432664,-0.353699586075525
-1.62858175115103,-0.854414015291213,-0.370174503992399,-0.144933361485899
-1.7129081574582,-1.17886529159951,-0.847837054579327,-0.692962368269945
-0.552857553141512,-0.332418469066108,-0.232804185285659,-0.252026625531916
-1.81629887482003,-1.09606438365911,-0.614740661697002,-0.323693361811247
-1.15454952639124,-0.725825086650149,-0.472477318811604,-0.366828903675024
-1.08225329392065,-0.736961607906138,-0.497372181633158,-0.365135088835662
-1.36069394592598,-1.07008565292375,-0.903682292844107,-0.841739336580095
-1.31080755676356,-0.876898042497392,-0.582774879355196,-0.427194793319384
-0.596551274375039,-0.365274450192056,-0.258140132863585,-0.274659115201103
-0.724384222632897,-0.380985228674682,-0.20960613028084,-0.187581873646487
-1.98205760047548,-1.47139212845471,-1.11274472942041,-0.903059521107948
-0.621550518495105,-0.195752702747575,0.0876484132622486,0.233486560201525
-0.89362940758134,-0.669076332167891,-0.544907898716186,-0.52106181407293
-0.732573378665623,-0.394673117761478,-0.168731336027409,-0.0684415279098801
-1.4951555122466,-0.873076461013499,-0.481587406915953,-0.304602684220863
-1.18799984469208,-0.909662123396389,-0.72810810678107,-0.639155661016272
-1.13064871155514,-0.217498156888444,0.217710063974972,0.360479629651373
-1.73065731300685,-1.23386716396942,-0.941746128199558,-0.822673123207033
-0.0814881565198087,0.54456140810698,0.895371096120701,0.992738371618086
-1.16687423636507,-0.453481502274293,-0.100316207629712,0.00997548890444916
-0.264001438295436,0.0475405708489094,0.232622448326523,0.294234860797878
-0.367734433979746,-0.0408809954542748,0.153005572725193,0.198798159497735
-1.16805602579424,-0.66274450476276,-0.383905696338127,-0.298123097843364
-1.50731225677717,-0.761550142182878,-0.340696432685905,-0.194850349981216
-1.72571933100011,-0.747624340612451,-0.119346115805549,0.218325814759636
-2.13104609416912,-1.54299801143203,-1.20990831707203,-1.07960189087004
-1.36300025243153,-0.680061403468203,-0.21870126246172,0.00512408416248977
-0.963009096779388,-0.662889050568624,-0.471978272948709,-0.390146612443584
-1.43151785063846,-0.860490875244945,-0.51555557704622,-0.37777411390813
-0.704904588731338,-0.464056815551993,-0.32653572071867,-0.300667585395072
-0.962235205521955,-0.259145365209904,0.165374848943081,0.345023418628609
-1.04130268593314,-0.331289702713468,0.061822011013034,0.187288730190362
-1.3018923723548,-0.960343452475908,-0.704337198215992,-0.540445422468791
-1.04191481253194,-0.438774670787202,-0.0751822319512197,0.0838677914112512
-0.980059845133829,-0.393138222876085,-0.0526782267187328,0.0917318922305845
-0.944843358865127,-0.843986674767993,-0.745486340996682,-0.66265575907874
-0.608630514759135,-0.0446636776595132,0.310082018061666,0.466733523980418
-1.60664884193194,-1.21377881177618,-0.98470718136141,-0.901746014901718
-0.802174222122429,-0.398782091112466,-0.23980464987684,-0.271280850805885
-0.295729442493967,0.399977502715548,0.754552900182672,0.836899795497967
-1.21186137651497,-0.899304645050728,-0.719543860404096,-0.6778599547398
-0.786307464483733,-0.479913875724007,-0.335800446652034,-0.338673253280377
-1.66511377181328,-0.933377274237918,-0.536643671839907,-0.384927175528153
-0.882017561740842,-0.629626328179076,-0.48225011421142,-0.440812245536362
-1.60762930086057,-0.856919961884606,-0.339537450384831,-0.0467354430902906
-1.26302646020806,-0.613016988474191,-0.333916185798329,-0.331995124206597
-0.349761633338342,-0.226793756907222,-0.185156314046422,-0.232268959255348
-1.52889479513333,-1.02601031281923,-0.748114429862176,-0.65287682158282
-1.2359397164532,-0.770131408143128,-0.52658616975416,-0.456835354962551
-1.46152948955309,-0.822007037434927,-0.434239095423251,-0.261184568437226
-0.819889487233962,-0.452083991174021,-0.246500066481018,-0.190073266303599
-0.312555868430155,-0.150064884833439,-0.0600898386364605,-0.0707594171040594
-1.01763191848972,-0.480478291829171,-0.203543749658755,-0.137118987643558
-1.8644586344871,-1.30240503520982,-0.905820867911744,-0.674510051765392
-1.4821430332037,-1.19377314739858,-1.00341495645108,-0.928162375287604
-1.35292348429516,-0.496323064209712,0.0475260852775637,0.323698889664258
-1.66459004181617,-1.09910898885583,-0.798695556770314,-0.729407789866743
-1.37828816091678,-0.991623681036912,-0.771309690121099,-0.698271156859795
-0.809048361797799,-0.469927124973976,-0.245320711124857,-0.136598190015047
-0.784886133293253,-0.433296387425211,-0.207820749537527,-0.125978658701895
-1.81694963029863,-1.32864077026683,-0.984481663766011,-0.776110561706504
-0.945132893263335,-0.582050608348137,-0.424717061900566,-0.440162652022179
-2.06055732836783,-1.3291823135206,-0.936583621666125,-0.789038300466395
-1.71841337579361,-1.33617161464902,-1.10799187225536,-1.00821619576834
-1.14905628508126,-0.387679011939577,0.0737885740900436,0.304063680809327
-1.3737146450914,-0.764118912683812,-0.383095732159516,-0.182474986127569
-1.86469254344603,-1.2918603865902,-0.878767369789884,-0.616895856701838
-0.693033622793911,-0.173836891484539,0.0867644186580688,0.141246669999748
-2.14093347444982,-1.29084764308478,-0.695635524009333,-0.35546135600182
-0.786039228967846,-0.256914717890117,-0.00111328440786795,0.0367383715519937
-1.5728641049521,-0.856872516003936,-0.300644938508278,0.07671543296859
-0.762854605193081,-0.395602248006369,-0.196698206008413,-0.183718938050205
-1.37821603526475,-1.10913920798961,-0.934537443848534,-0.865948646389297
-1.39651701759592,-0.856549010644529,-0.537892120272414,-0.390014598892323
-1.03323281185599,-0.67007394743305,-0.415113194397145,-0.272661108389338
-0.972669933514219,-0.612444652192186,-0.422811755464703,-0.389414146188854
-1.66519435608238,-0.968848594090378,-0.570286661723541,-0.421207167710068
-1.53193970010733,-1.0504635856941,-0.675973581056788,-0.416352824954522
-0.787804623300599,-0.360107667205985,-0.134690922947433,-0.0818902111794516
-1.25068496389613,-0.739972921667625,-0.454154150456389,-0.371368539614775
-0.98060253731341,-0.513349577730354,-0.261729997806672,-0.209030939584067
-1.252682797409,-0.791729693342978,-0.528731888896783,-0.43358466448034
-0.663301789612306,-0.246525829148816,-0.0385652585249603,-0.0280388503743274
-0.880505241846562,-0.549637908102934,-0.349453692209138,-0.292315751393326
-1.55540396506115,-0.903473688177448,-0.4882288899868,-0.258713576151704
-1.40860399481228,-0.501390186115884,0.084861605783826,0.367481878280055
-0.600683014565526,-0.144153784418457,0.153065561191941,0.31378863031517
-1.69059207727876,-0.965554144621972,-0.517072892539435,-0.297800691833134
-1.12027145661078,-0.486015554361551,-0.129705222740246,0.0109891517292285
-1.69148601564022,-1.09728468301876,-0.720152543672285,-0.502053624968365
-1.03973889382838,-0.484465550728564,-0.164021706297035,-0.0418022065003571
-1.34271088066286,-0.858040537386242,-0.569247959333919,-0.468752968517621
-0.697949174814349,-0.234490906053028,0.014939700089599,0.0711598464312591
-0.720871031787077,-0.311235548741065,-0.116401888490574,-0.0895717383484463
-1.81128205058165,-1.31616240623916,-1.00069273667866,-0.827271818491111
-1.63464061788131,-1.09438838954199,-0.730682367001876,-0.538605066743286
-1.66910164788273,-0.975445058461212,-0.530829275928791,-0.303839734601766
-1.43550947496245,-0.905058500544646,-0.605124396509471,-0.487728266485365
-1.5286688741695,-0.876309732711682,-0.44417678757623,-0.208197418744104
-1.53083301837437,-0.80813080050484,-0.362768712669878,-0.124196256971997
-1.21538813715868,-0.333919833417742,0.233858443895529,0.527216531883482
-1.03816242062344,-0.498859052726445,-0.115951490544979,0.115065334886254
-1.05710295562272,-0.391096505728061,-0.0203367083342515,0.0827590087208413
-1.57326819690622,-0.937790153660959,-0.49019384076478,-0.23939348307071
-1.13661842887267,-0.632387741686541,-0.397864375903743,-0.350358887591838
-0.525986855405613,-0.250493594086156,-0.166735898156423,-0.228094548186945
-1.37253711729852,-0.716601263796325,-0.380802178014513,-0.264386994161612
-2.01588667848989,-1.67527617416254,-1.47558002531145,-1.37699708795234
-0.356071534984194,0.00892357028127867,0.213891366474504,0.268233705755463
-1.71851974894875,-1.44492150158776,-1.27611482431115,-1.21327563304314
-1.5062274761165,-0.918130867394266,-0.451109980770849,-0.116119744586396
-1.30591115349258,-0.766728242131855,-0.449727744431704,-0.332517525249081
-1.20124165702583,-0.718778642085672,-0.409135754182453,-0.26612733747976
-1.43446778767373,-0.574895306244433,-0.105403505879081,0.0859280642172253
-0.327647134991017,0.0926219216146209,0.285411708359196,0.294719370085637
-1.16260305507732,-0.39358297600171,0.00582792537707248,0.154070039452396
-1.68393273077675,-1.08081066493254,-0.736861567581338,-0.587966980831826
-0.428964208200082,0.0696122287731314,0.370600848428067,0.483591569604522
-1.31616681770401,-1.23507235612937,-1.22874885179937,-1.30204104369878
-0.643448243213779,0.0304785067577081,0.352548065289996,0.428508525123345
-1.31422422053885,-1.06935304961143,-0.891024506578829,-0.784825181110409
-1.10194721853538,-0.735967926311015,-0.525628632554651,-0.440324059576008
-0.421874904647503,-0.196419076243797,-0.0498902774891532,0.0163563899566083
-1.34282317147763,-0.873874221230543,-0.579986018088173,-0.459612469331926
-1.04755004079184,-0.7414571496464,-0.544539123092703,-0.467201383885804
-1.02533299070588,-0.592007484171632,-0.324649063106746,-0.214980451541658
-1.25221117517659,-0.875810839629815,-0.651024485179873,-0.572110706939933
-1.49984847251678,-0.775066282219221,-0.451004142496635,-0.351364929348574
-0.954260775604671,-0.397735581566797,-0.101441054433096,-0.0272967821833729
-1.70902960917788,-1.21885599566757,-0.868858458370457,-0.650697389741181
-0.523790969950587,0.0502990637566314,0.363845318210534,0.45545113318806
-1.69438655495785,-1.3715997885448,-1.14960355414613,-1.02167912753093
-1.15671619614168,-0.795820167409284,-0.561514048791268,-0.458470401995319
-1.10703980117118,-0.756928619226847,-0.603303952488677,-0.609880076326925
-1.32971633440311,-0.805425850937252,-0.492421770836263,-0.373250678431359
-1.34582506655529,-0.75035981494477,-0.393936174395162,-0.215552024359048
-1.43422124668866,-0.739514984292335,-0.299354239721492,-0.0877138063404741
-1.3347791669952,-0.709243771709849,-0.339803476052188,-0.163420396577057
-1.3387457122133,-0.692011544607254,-0.328528230333476,-0.198698510020799
-0.923481672743445,-0.309085504301152,0.0865680865685406,0.275727403867168
-0.805117348379356,-0.301015335468534,-0.00135205730698307,0.0976092109466296
-1.16487774991324,-0.495799918664198,-0.106315067052995,0.0706715019225061
-1.95594284951644,-1.20873591293536,-0.716890174731092,-0.465671106478304
-1.10941458001881,-0.485981330003066,-0.1173635149644,0.0226121859117076
-1.81581007578961,-1.15226667826661,-0.685114989771951,-0.429067159846664
-1.40179230977769,-0.72829635047211,-0.307881261962888,-0.124428964770167
-1.98811029799886,-1.28194010136373,-0.779991169175601,-0.48563288110606
-0.897553915598009,-0.502064932271276,-0.238169390825591,-0.106999690875216
-1.25021333177961,-0.782585855707517,-0.508410566052553,-0.40263221638031
-2.12294792976892,-1.16333418355598,-0.57976212831012,-0.280981470034177
-2.08705672857803,-1.37844701280476,-0.899527398585377,-0.620550995485855
-0.9392624561839,-0.53648364376802,-0.295173047329471,-0.197118705061859
-0.767649113438034,-0.223127849271177,0.124948988495471,0.267047839472082
-1.30456844253563,-0.607556573922286,-0.202805527523092,-0.0262462417760985
-2.30190496992205,-1.72417712066897,-1.36983095378105,-1.19656651199315
-0.696547541784513,-0.331821974853498,-0.0819796745940377,0.0407641193314584
-0.732693587487865,-0.687625399817833,-0.666892001504258,-0.683938519528376
-2.05062969972387,-1.5783714168206,-1.28554439289244,-1.16568791039345
-1.45464746317416,-1.10569730945585,-0.881973442116428,-0.759504504060288
-0.366380391505007,0.0179863310822263,0.251774536437297,0.328785592673865
-1.13302858715424,-0.855649776754337,-0.682019629341326,-0.625036543094514
-1.99619615443496,-1.30738886950375,-0.837415686321465,-0.575616297799915
-1.19975156415169,-0.867751807237472,-0.628138547315514,-0.486374219719526
-1.95039859755944,-1.29383681374403,-0.836487516306654,-0.574750572015438
-0.411114190493338,-0.300681208728936,-0.265217053212444,-0.321559379110106
-2.084857517934,-1.34517360222217,-0.910474655171058,-0.7082100170469
-1.56693284077656,-1.14937955292668,-0.866543363708422,-0.720372278361445
-0.357209083376369,-0.0498330803480798,0.209170222094774,0.407875851689229
-1.02305485990077,-0.482794116369313,-0.111703685920755,0.0822454291509152
-1.56848586677578,-1.04246004186913,-0.737933394629978,-0.617073228009952
-0.983055267685539,-0.573175039452157,-0.331954199353759,-0.251165471534734
-0.66692996357392,-0.527257050973623,-0.471198211373871,-0.501665807741644
-1.33980457034608,-1.00491875644222,-0.780616453957836,-0.663097358600426
-1.07428136103984,-0.781674078694409,-0.613503781478226,-0.551993920885826
-1.59436974432693,-1.04791880642733,-0.731457510478813,-0.601389267459022
-0.607930515511307,-0.230924026577472,-0.0139048598711674,0.0446686661470767
-0.762974826691645,-0.383077217937129,-0.138918605473408,-0.0282725555889399
-1.04639398296655,-0.317248085353502,0.150171271644403,0.376755261491573
-1.17848574700533,-0.650470791228388,-0.310989548737636,-0.136598205576005
-0.88981085351697,-0.404705356463336,-0.0912019727626904,0.0531694442983042
-0.988073576726554,-0.513232788873166,-0.256300171757435,-0.189395107340532
-0.955959483421487,-0.566329204521062,-0.307108550817269,-0.183729012507976
-2.16861675357246,-1.57379502436447,-1.18661438853774,-0.991261507706736
-1.55694089223035,-0.943219977435067,-0.542905602355517,-0.345102422275409
-1.43038983406184,-0.846833232240818,-0.48729821207949,-0.306506628244833
-1.02541571177179,-0.897258979685945,-0.846098568341926,-0.875373062917175
-1.42967400522861,-0.849092415653016,-0.494579469799579,-0.351326570282761
-0.828318238381354,-0.40051299163344,-0.125190410012194,0.00451229169159195
-0.978015914599768,-0.430468701736164,-0.106048077527173,0.0430463580066591
-1.13689979817729,-0.517192027452452,-0.124530778461157,0.048675849169518
-0.298942675676105,-0.111478972914914,-0.0280096730063557,-0.0551895964242239
-1.58937330574002,-0.817703400321628,-0.401560171156622,-0.280542334188032
-1.17475262688119,-0.642327755150671,-0.341913132770095,-0.225289126221116
-0.782891406090323,-0.538405642633442,-0.424778484778135,-0.418025119164149
-1.6398444197952,-0.890905148816889,-0.410223409910539,-0.16523646066882
-1.58748524330322,-0.891524760208883,-0.397574109029416,-0.0820477811296058
-0.751020633266131,-0.179707463652902,0.034134959500292,-0.0037204665256611
-1.1419951187129,-0.65874090816112,-0.378571808838015,-0.271125533333762
-0.817905055416869,-0.342976734243043,-0.0528885111200825,0.0558334951988014
-1.76829773752607,-1.1791693657857,-0.805967780869457,-0.634220337761215
-0.428469541369608,-0.207331833363872,-0.128366518427163,-0.186753152710827
-1.14135592792871,-0.690780615101113,-0.415189267242501,-0.292428534141451
-1.57892016370836,-0.97281868579014,-0.548937606960319,-0.303298402765376
-0.788157804981394,-0.462221917714412,-0.268048389885763,-0.225238749876627
-1.25455993389334,-0.666963026492665,-0.329016869704712,-0.196188751820453
-1.03862859119381,-0.542214735234902,-0.206315621871969,-0.0376850738208222
-1.12632459743069,-0.736882028904422,-0.53358136341231,-0.508710736610116
-1.19989469528194,-0.709895919993332,-0.473256267464352,-0.411956858649749
-0.972920107455986,-0.769668775847372,-0.649934650696473,-0.618448586034159
-1.19553010268624,-0.552732649769366,-0.18315809433386,-0.0603768240659692
-0.955951753110561,-0.639536414249379,-0.499978892078708,-0.520629046079353
-0.878766907263236,-0.49023351467093,-0.237320997297718,-0.117932582634686
-0.989347032534254,-0.477668670356801,-0.209717254960195,-0.136038695094995
-1.41995776246829,-0.732357448160452,-0.292302611419216,-0.101800092835814
-0.0596079081633352,0.5093999983423,0.751658733847593,0.735750045723972
-0.503031666519604,-0.159649327188927,0.0376670097643699,0.088561918724214
-1.07994413250796,-0.547833356969933,-0.226991988699859,-0.0973447688847044
-1.18836672375248,-0.942052350188496,-0.748034656722391,-0.621289676765482
-0.796787252709713,-0.395920079910376,-0.156984070403913,-0.0939509335854608
-1.53818383954262,-1.00083856300479,-0.713689945468729,-0.635529359759474
-1.59128390800109,-0.973531531171502,-0.564523792236446,-0.346982956265542
-0.266166050354999,0.166756224934559,0.381203367473115,0.380842881139683
-0.771660092901745,-0.371815131887293,-0.119830959597233,-0.00521394482008669
-1.40159176110143,-0.976237428147013,-0.73218833011579,-0.645914434960496
-0.86980131629626,-0.138889551278161,0.279704140024627,0.450241944636754
-0.786423082387752,-0.384210898496711,-0.134198027511296,-0.0387278018150932
-1.22530019110916,-0.669404971363818,-0.335783170594577,-0.205896303186312
-0.425635788244422,-0.0751517911306992,0.167079017078275,0.294249097288192
-1.34545980180565,-0.607940263681309,-0.172794121525854,0.0205793251291425
-1.10529186898133,-0.699882387768853,-0.461867055236993,-0.368279319532765
-1.6087234900788,-0.961662463684405,-0.54620144732819,-0.352959213108219
-1.14485471924925,-0.577008805183818,-0.239753433606318,-0.0894518494831493
-1.4754305822919,-1.01275593287753,-0.710132480157182,-0.558583688313464
-1.46613086350393,-0.82000033232955,-0.415799005622621,-0.219451899780041
-1.00017584889835,-0.824250551167205,-0.691353958175628,-0.613627033326755
-1.62847986721311,-1.18017276488632,-0.915559816161921,-0.823068481369885
-0.950411145751452,-0.583220701758818,-0.361197605220646,-0.279599042811173
-0.782898057086089,-0.428863230103417,-0.248787808258817,-0.226846390813349
-1.34299416500825,-1.03632414252558,-0.862162511975458,-0.819391627749314
-1.90628800514715,-1.00358681011649,-0.421372799123367,-0.117365751517271
-1.18236901376254,-0.861250627162352,-0.665263668625151,-0.594229730917587
-1.71719092963992,-1.389864987792,-1.16762249046402,-1.04051090508086
-1.26343389166226,-1.00765464514849,-0.847928648619784,-0.787631827627912
-0.975765392624677,-0.456060427845261,-0.154466266839207,-0.0424545924503361
-1.69909758941253,-1.10359554283709,-0.769994195728977,-0.648158190583041
-1.39802329422786,-0.883486895221665,-0.518368416545455,-0.319764429437891
-1.09173785301035,-0.758274399118698,-0.514571599747927,-0.374261317799761
-1.42549450213948,-1.11377054715252,-0.966352822193199,-0.970450316167025
-1.39439555000873,-0.772523387950347,-0.400312819347405,-0.238244972476059
-1.38405655903662,-0.793135188240052,-0.514037964676648,-0.454385475217367
-1.29230013366051,-0.950935878565968,-0.702045221992363,-0.564337598665231
-0.620409881557565,-0.386679191902398,-0.307982160507529,-0.35310661355141
-1.31302913473608,-0.920251269500144,-0.71399360163674,-0.65657672256111
-0.589447864035387,-0.0615592879543942,0.192578528781216,0.224027694258515
-0.677003602694624,0.0520722261238402,0.44697054084839,0.567552165507129
-0.9301051026567,-0.455643407063255,-0.175501654986165,-0.0745253738281213
-1.25592024700434,-0.75840542821607,-0.477397096642594,-0.350324770789876
-0.503924370821289,-0.197529225078091,-0.0236309461461422,0.027139335476686
-1.72766300069817,-1.46571329547808,-1.30464849149412,-1.24965985019723
-1.4292043679253,-0.838280685892082,-0.460959237355317,-0.29643503429348
-1.79677933913133,-1.13191718022091,-0.701186641888185,-0.488057782117341
-1.0167778000526,-0.538195495425533,-0.291493529772576,-0.204350858185998
-1.09819552290991,-0.52950709211212,-0.145987962443302,0.0504802322943826
-1.07909738598058,-0.592740469494315,-0.275392494735434,-0.123062357671938
-1.39442752317,-1.10985046231887,-0.945353304868498,-0.893473545741178
-0.836392614003649,-0.254322361939681,0.10448147032251,0.280049601172466
-1.57333635600188,-0.911492985546318,-0.585506639527387,-0.471680292067589
-1.38250513438666,-0.787573894923686,-0.431173715521861,-0.288830411581507
-1.96078396125623,-1.50346110147087,-1.22780781419382,-1.10304760146132
-0.621427049451109,-0.275022105284467,-0.0860758454537557,-0.0456313627968741
-0.924581377947588,-0.411220965246537,-0.130201750438764,-0.023762239102508
-2.36085214998247,-1.48111465355731,-0.995191278721397,-0.808691448091744
-1.82493365406258,-1.35501336396593,-1.05935015443384,-0.927243463742894
-1.29941034972277,-0.803076499147998,-0.492564677163109,-0.334248284861475
-0.998169578687421,-0.617491886502831,-0.376689871592692,-0.266894079210239
-0.351587890401472,-0.229518675685434,-0.184737813954074,-0.22746201680949
-1.87049508607188,-1.31115871528365,-0.998494428326837,-0.868775970462443
-1.35712642376116,-0.769885165942758,-0.449597708625246,-0.324897112785801
-1.88324404597259,-1.42593677636396,-1.08002735088715,-0.848514971741764
-0.413923881121346,0.0584088504205952,0.285173134986479,0.293103910453278
-2.02726874586522,-1.04630953020236,-0.474086680116093,-0.223999379439152
-1.16229195525861,-0.631308086345522,-0.302953549859707,-0.167717876773451
-0.910820393710844,-0.377154249943925,-0.0639128193726091,0.0817813112017932
-1.06620141696588,-0.811884081667585,-0.648376225317223,-0.587836546563176
-1.17705000575486,-0.609655492488444,-0.238441129875756,-0.0681516996393272
-0.596432372149639,-0.310502640106071,-0.120382097248801,-0.0407939396466789
-0.580640336926873,-0.420443985628113,-0.398634000515208,-0.523923951351013
-0.747538952702032,-0.21209530722635,0.0781956356932937,0.147145054762449
-1.04370897345162,-0.660835562811213,-0.427756740944385,-0.326547426716289
-1.567718788634,-1.21487617340592,-0.988079522983039,-0.896802023908118
-1.55671044998416,-1.05384946169791,-0.702954152476687,-0.508900068205098
-1.5775875095684,-1.0124386849044,-0.615308383509056,-0.374934420450747
-0.901666242518587,-0.535947955285082,-0.284163237232157,-0.158704559326056
-1.51984573896283,-1.08318022357182,-0.814214596634963,-0.684468879506197
-1.33704725818803,-0.818390637189262,-0.547345758116102,-0.502838731716263
-1.45604382781232,-0.70730038848668,-0.223241685744768,0.0340143226634655
-1.69377265876303,-1.03285270307638,-0.568077286282505,-0.300880028807165
-0.667973911964711,-0.354019005592664,-0.116454248245481,0.0206938594105354
-0.967119156702667,-0.389007670552246,-0.0546143365377017,0.0756081023460096
-1.86337243696245,-1.25714570751395,-0.840644391857112,-0.612170518121811
-0.781731146622274,-0.439124836670946,-0.209063795176108,-0.100853285157883
-0.699747229575197,0.0294431812011765,0.412550976525467,0.533303934127572
-0.460582648418558,-0.246744224045013,-0.0971798607092199,-0.0326054318198816
-1.47192578578859,-0.836689416437812,-0.406102201682255,-0.139832648118976
-1.81895656964368,-1.37280270295738,-1.08782215743627,-0.949473702266457
-1.32283282258335,-0.794505342437791,-0.44742852635541,-0.295473712805671
-0.93127166011079,-0.413090637394809,-0.0792156329087786,0.0808573120625094
-0.533598609794114,-0.166472520412686,0.0466944722364902,0.109030021006059
-1.16155800763259,-0.695204583991055,-0.415973247532879,-0.305077859256708
-1.15248026894034,-0.800893014128399,-0.565915216997846,-0.459298455163103
-1.21254774486377,-0.517635438951554,-0.106095997659032,0.0580010481609819
-0.504431322146547,0.0968022938736215,0.41817033567717,0.503547423336074
-0.78158238372391,-0.325130532029463,-0.0725288965594012,0.00530748578511481
-0.45454697611067,-0.027307067988651,0.114808605077452,0.042237395472791
-1.09687304427518,-0.45502035678577,-0.0664913740918682,0.0984042593262321
-0.740013523773942,-0.327598654011943,-0.124657856358378,-0.103050368824908
-1.43070161709951,-0.849694649567951,-0.431338237235552,-0.169994066590804
-1.41799968081586,-0.85703223507631,-0.48308405764173,-0.272739788229117
-0.649821493430502,-0.252212678757284,-0.0372924548158694,-0.00135505927617208
-1.5162210257017,-0.828822674631001,-0.358254594760059,-0.0847259581505023
-0.707971279093786,-0.35812483978361,-0.121946215475188,-0.0130280679706068
-0.889274152156494,-0.630019675265088,-0.460429496886555,-0.379498135946244
-1.58751992809844,-1.31679904137961,-1.13796328545229,-1.04714143546241
-1.0675893251178,-0.668521229480238,-0.431262483593188,-0.365358893179271
-0.76290689231914,-0.512331100570609,-0.377800146231967,-0.352032184598618
-0.71913266115632,-0.281296380855194,-0.0332414287989642,0.0346137760529202
-1.77492549691591,-1.21734330106789,-0.913000266744401,-0.794359228565755
-1.04919938289722,-0.742109516662658,-0.562062985478239,-0.491344651952347
-1.67153034801031,-0.963086988935221,-0.53687639310728,-0.357956563985862
-1.09376191704439,-0.718760548084323,-0.459973792501215,-0.309182051305457
-1.10001392449643,-0.565969610318097,-0.26788197537638,-0.169700996415711
-0.398256475882848,0.0138520608229334,0.264444902411923,0.352928278404617
-1.50956631213978,-1.02905101464698,-0.715525907740094,-0.564045743083598
-1.49248983644464,-0.97666131416552,-0.687265185232111,-0.573348268268336
-1.45172959915632,-0.890810132357215,-0.520853920614464,-0.339880959379675
-0.480502776011729,-0.215970884238677,-0.0693917590072713,-0.0562699616322197
-1.9481822634299,-1.10971633228924,-0.566255479367275,-0.264338454968289
-0.400158622629861,-0.191004398564222,-0.0765058542608631,-0.0781763132219916
-0.902013259264394,-0.410600548590329,-0.0581455789287371,0.152176783695355
-1.02484768974224,-0.57898129250503,-0.315281422243442,-0.232657290538622
-1.5749068918162,-0.906314454728358,-0.497149570563935,-0.311840152183183
-0.814898144321737,0.0482217100664384,0.535754866598431,0.720807792872686
-1.02222037361745,-0.476451939019818,-0.160704803404561,-0.0196213276515621
-1.19199947976281,-0.455075953735689,-0.0245494245333655,0.125705396765203
-0.709503881076427,-0.417657031538951,-0.315975000413706,-0.370371764179271
-0.473684483778837,-0.0952680471451281,0.108858707565395,0.145210548552758
-1.11479699826452,-0.6986352839521,-0.514274371971109,-0.495460609170482
-0.690978934120852,-0.0475509830586009,0.289492305093775,0.380226233953633
-1.45906976015204,-1.10203861000627,-0.855740356092334,-0.722347128760599
-0.951571588044412,-0.354662013320216,0.00722602515043565,0.149425240065407
-0.979138937697826,-0.679026963518906,-0.533038604055695,-0.544274686676233
-1.10428853246887,-0.61602567317821,-0.297546642452361,-0.168097550965099
-1.35357314594298,-1.09614920563734,-0.960608611729539,-0.936061288152783
-1.4894227061854,-0.686573393777629,-0.168363372860306,0.0856258292307555
-1.1306209428988,-0.293348706735394,0.116772460812652,0.246256996154557
-0.673207493975096,-0.298749422861047,-0.0590310897852352,0.0326930284952951
-0.714568724324004,-0.306335429839919,-0.00752960653985907,0.164507962745027
-0.445948235580298,-0.218911917854911,-0.0870565081764633,-0.0605830801358655
-0.653170305888366,-0.331833696382898,-0.16765642419406,-0.141732741051477
-1.19898278967693,-0.791793968822281,-0.566798979037982,-0.490749064142067
-2.47592153829381,-2.14379332874483,-1.9193956270885,-1.8058772637708
-1.10208137199733,-0.745488325847605,-0.571544559024408,-0.553130616296465
-1.3540108202831,-0.936866754924216,-0.694001479632663,-0.6138547911462
-0.568878094869425,-0.301046605482444,-0.167887198067372,-0.167152983626881
-1.29076523173361,-0.763624455633815,-0.468984169970785,-0.362244839188601
-1.39331711755047,-0.788045532551448,-0.422338439296752,-0.252020149782558
-1.41983021662037,-0.745700993162191,-0.342904158346737,-0.17208140353867
-0.800279135067438,-0.431284588913978,-0.187977450521165,-0.0756647847511773
-1.32641364012372,-0.750041392075824,-0.397742545852337,-0.244182354274572
-1.63102142998021,-0.93160947086032,-0.543034028619241,-0.436153191477339
-0.358583492641951,0.261378062284947,0.604014602636455,0.705563472683309
-0.957388140838811,-0.789365669024103,-0.651520549401505,-0.546208026586884
-0.34190660965038,0.00357245685516522,0.151904270991436,0.139731256161503
-0.548210071764006,-0.260524892863344,-0.0979526808292498,-0.0629521312608283
-2.5427541030182,-2.11645608352606,-1.78181369727035,-1.53173734300395
-2.0538368093208,-1.46677729043479,-1.05122933383627,-0.784492078478156
-0.460581490641128,0.0638062019469373,0.264320664251584,0.286625931317663
-1.93244061411124,-1.29987170796901,-0.932223053530297,-0.784694518401737
-1.46236766003771,-0.923098879444703,-0.655275857417555,-0.584709582153391
-1.23600414446444,-0.638520540355047,-0.289440942382942,-0.168393968585816
-0.666113868650653,-0.22763757768876,0.0544441600194856,0.165780852768302
-2.01077836763133,-1.46847779046673,-1.12279120318221,-0.973738759908348
-1.35736706241762,-0.768658103187527,-0.417486721697815,-0.268182320426307
-1.48713289645694,-1.25838947245458,-1.09936751631868,-1.01925362045246
-0.374061116636194,0.289651669836642,0.575970103162481,0.579505493233406
-2.00218673101038,-1.30707189547723,-0.847508527521326,-0.603255860007547
-0.944192715906704,-0.55047032578012,-0.335693890818165,-0.263007068926801
-1.0410141699038,-0.366680522899286,0.0310191070169656,0.1830084335249
-0.979218704705209,-0.299489476327413,0.142286494276195,0.378328940637102
-1.14974394887849,-0.669359849508678,-0.35486861669508,-0.195890696076503
-1.25833553789276,-0.88208594003483,-0.616290442518473,-0.462901034767671
-0.467023308383991,-0.162660003365477,-0.0113819387783361,-0.00443539947234556
-1.44613327473831,-0.875109339944183,-0.54669248912162,-0.409454268348965
-1.17500125384765,-0.768250484045958,-0.538244467077916,-0.473391610691085
-1.11328477540027,-0.47762695433511,-0.0572223648492294,0.171040905913255
-1.04894829229363,-0.520097660071805,-0.212131063632773,-0.105350195710517
-1.37123956682139,-1.005858749645,-0.792355285863983,-0.720578372960814
-2.04700771136244,-1.6441929749589,-1.34775233229744,-1.17111827202289
-1.83630302889658,-0.937399036140993,-0.364561378638032,-0.0614540184905857
-0.952165396790396,-0.281997827945851,0.0444691914849883,0.138016140692098
-2.1165122846299,-1.8412975316748,-1.66221790146263,-1.58635150474181
-1.64561138410114,-0.991015950165167,-0.54369334385672,-0.300531254644361
-0.848969243052268,0.0856267172813113,0.519175099255433,0.66021812889055
-1.76013988526149,-1.50101923000777,-1.35425471973242,-1.31183393640348
-0.598880181598108,-0.102891305469641,0.176616573741794,0.267444483738364
-1.44485014088711,-0.920730879180645,-0.604702655373831,-0.462395835931587
-0.90454099430915,-0.563025020878888,-0.430347859723573,-0.457544736786477
-0.890785108863508,-0.426128572911661,-0.153254787810961,-0.0521045153399957
-0.897255397469024,-0.795473308305967,-0.747808745603736,-0.769500145627561
-0.968436937475047,-0.196589648219771,0.320153269494701,0.597608903473349
-0.957305133647297,-0.599875876506834,-0.382264220583661,-0.29184101769218
-1.92077433196627,-1.62749079198432,-1.44229403542565,-1.37484969479371
-1.75344356317104,-1.38544161246849,-1.11705695955369,-0.935522246923805
-0.745106781608649,-0.42287582159737,-0.234205147255312,-0.155192954183285
-1.19281669004151,-0.839835217468371,-0.65489169445112,-0.597938009954073
-2.87724349266089,-2.23804108021987,-1.74455502323398,-1.40292926621508
-1.5636375591956,-0.867296000375405,-0.358471796141917,-0.0465697778695848
-1.0817248587841,-0.568941305889086,-0.284998216305048,-0.179434356510317
-2.23412442385144,-1.40571848463863,-0.850836653746177,-0.517093634740891
-1.39945696189922,-0.931222548760094,-0.616498049871225,-0.441386027897257
-1.28500172957639,-0.642155529682548,-0.240515441436602,-0.055331326927677
-1.06314549578794,-0.60069344094388,-0.394285892005706,-0.410894113569635
-1.23656225892798,-0.979907418158935,-0.840874576688573,-0.811853087493362
-1.95936383554727,-1.58258920892281,-1.33945120292345,-1.21311318166939
-1.41331944201063,-0.868156641330644,-0.518604493466741,-0.333024323109458
-0.497774762842385,-0.202262523840309,-0.043352209157527,-0.0269302451710934
-0.858407018507983,-0.594475337913982,-0.443855729097247,-0.405967693575853
-0.750106032211811,-0.307668036249929,0.0295127069769966,0.235342341554429
-0.94334703763361,-0.574789977618549,-0.346049857192375,-0.254127853513738
-1.05843109233122,-0.328507876222799,0.0652125184295282,0.226525105613655
-1.35308236851783,-0.899221367406897,-0.63052287053217,-0.528029789330412
-1.21546323705137,-0.481064543010403,0.0391000939879178,0.322981631954724
-1.54709032763185,-1.06214708918951,-0.738236830101923,-0.5839930377701
-1.59208290919653,-1.02435868652423,-0.608192962824603,-0.349124235016567
-1.91848924081192,-1.13687207818146,-0.66842319558539,-0.442011231439122
-1.61755086950028,-0.833221381681126,-0.400725688584825,-0.202760317638268
-1.08059873792524,-0.745123037249863,-0.553066960110547,-0.484212532364156
-1.90477440690488,-1.3991077171472,-1.07173384827383,-0.901092841815027
-1.64230595506355,-0.922452389697865,-0.415360498738722,-0.116001934987985
-0.765366097841974,-0.403471735856065,-0.217379823660734,-0.195477353677772
-1.30705875061482,-0.827659944291933,-0.552159052114201,-0.458828286441469
-1.04526338430124,-0.60730172910291,-0.303118674074526,-0.133140047811475
-0.876232324965703,-0.419351953624502,-0.132572969829489,-0.0024430653650413
-1.12681803798487,-0.689989430040744,-0.464098695213239,-0.428970225182634
-0.893823480334639,-0.140451088548936,0.279488211778047,0.435674153210739
-2.41679766936486,-1.97980261574811,-1.67216514602912,-1.48927995365183
-1.23641461592904,-0.734733804745382,-0.361584447062993,-0.126006679119987
-2.01528451248917,-1.31647321731469,-0.835700688173442,-0.545508830824791
-0.758835532384746,-0.176779397173811,0.131398453567211,0.216462385159793
-0.940491023019804,-0.312517752441706,0.0410138833734159,0.168134068347454
-0.507183281352405,-0.27038759400488,-0.182845740834153,-0.229099257529229
-1.54851683141651,-0.962968359150264,-0.576157376563735,-0.368326092222929
-1.39127195469268,-0.696350956029489,-0.280123666252675,-0.0924255907359418
-1.64463943008028,-1.1878511318617,-0.902068800090738,-0.769237399213108
-0.715756506537769,-0.173855579045382,0.128195588145413,0.24248934498075
-0.979486281670947,-0.367174680925435,-0.0165289532092206,0.12995189836185
-0.467607915601489,-0.118431694957509,0.0415233876571047,0.0343397472738242
-1.77976689851687,-0.866916105164543,-0.406039688776005,-0.280827898375256
-1.2054206334278,-0.749616481208512,-0.54814014208815,-0.491823382785856
-0.809207426559486,-0.438920648445514,-0.214930595016856,-0.128674946851359
-1.06977017404566,-0.567687969890161,-0.252542314348296,-0.125883410228121
-2.08215581106544,-1.32859732235253,-0.796910592274476,-0.486945204786942
-1.17742818116162,-0.64377755247476,-0.37413882217701,-0.29444416959979
-1.2827764177185,-0.757706117325757,-0.452215685937226,-0.329846938270541
-0.645121991406862,-0.405074958028614,-0.291561197049362,-0.310786454986275
-0.602925592513505,-0.471699160283659,-0.400011727480415,-0.398875821421199
-2.31790661604673,-1.6672812438996,-1.2018892734414,-0.92370436560769
-0.727540934360888,-0.223241849969883,0.0121975164442047,0.0308464916649861
-1.43679894000287,-0.921015441034557,-0.591664711371482,-0.456216507618662
-1.21070717309267,-0.802917045349038,-0.549469491367318,-0.420356807443065
-1.38405655903662,-0.793135188240052,-0.514037964676648,-0.454385475217367
-1.63650180180708,-0.986123582661092,-0.579806203258223,-0.392701118632591
-0.491129684528622,-0.135824261983283,0.041740867143001,0.0758807599076739
-1.36773709604875,-0.924421925124787,-0.637403178183796,-0.495201170603014
-0.563102328127601,-0.289730119164504,-0.173355477433673,-0.199590688912294
-1.05545527045527,-0.763511883380485,-0.64572651217751,-0.674716185112242
-1.08428787072019,-0.518596447501376,-0.136380593912188,0.0555132845213949
-1.95440803421898,-1.4697153671267,-1.14706486458508,-0.996554634127623
-1.01887955344312,-0.677639617240975,-0.484133339699069,-0.450022219458001
-1.33898569949915,-1.27993620401228,-1.23495156973854,-1.20290931500468
-0.0732978662401845,0.0517880092307374,0.0898393950271166,0.0320244346152289
-1.32280653014553,-0.868242891316339,-0.571413404106908,-0.423630714822003
-2.18484819037375,-1.68524955151784,-1.37071689469666,-1.20980575618482
-1.10234084709318,-0.857816953958238,-0.717641494318611,-0.682171279552088
-1.19684185366364,-0.580657796465885,-0.320471221459986,-0.301684755779589
-1.41861539874403,-0.729119547957451,-0.36354751957466,-0.232764076952205
-1.07364200789236,-0.375145988452199,0.0346940034187226,0.187172584405689
-0.943337032247445,-0.6500312257617,-0.462879657496088,-0.38511122122025
-0.786627815131204,-0.640106844369788,-0.556618376412501,-0.561911415565854
-0.635646856297143,-0.443511694397363,-0.327346645327112,-0.300692797844496
-1.49416757948591,-1.14215434904598,-0.870335481575909,-0.682359517822556
-0.836407916207026,-0.734748977244277,-0.729256157388296,-0.82711218731648
-1.14156657557285,-0.463595225567346,-0.123879057473575,0.0122652906665523
-0.595431498019091,-0.115920162054449,0.0910587290532802,0.101753417099455
-1.33177124250414,-0.871057260082238,-0.59907978649444,-0.497114658560835
-1.3116092902373,-0.979114055383353,-0.790195490285229,-0.736496017825413
-1.39437838264449,-0.862025816735333,-0.538560690690783,-0.385433749926688
-1.36105938664336,-0.79668146608192,-0.475873969821912,-0.32873587825096
-1.90484177264836,-1.33563416684571,-0.975094345274046,-0.776438108911003
-1.22427727399657,-0.568703158179332,-0.212985042559722,-0.0739485023605115
-1.01432306509366,-0.370004358733107,-0.0300387222970051,0.0761751786843743
-0.911404228226453,-0.306574872742256,0.0460493143661636,0.199807582632096
-0.81764271645346,0.0314269211543505,0.576250653241108,0.83594786688115
-1.99571449819828,-1.37751106520004,-1.04032034042224,-0.923756835051204
-1.24429370549587,-0.775875710365191,-0.497820396183067,-0.393415901240798
-1.50711075036419,-1.20329224414199,-0.999043054404741,-0.882831635749496
-1.36682153807582,-0.968738720652946,-0.697509603583752,-0.557309829240534
-0.843830830035076,-0.388168381324368,-0.147948486357429,-0.0839758293165848
-1.39899806592354,-0.629554984584574,-0.214711897411946,-0.0738793172835838
-1.49883846919694,-1.2373484525529,-1.09614762547426,-1.08467089331343
-0.688817755975183,-0.360513250817882,-0.16349136259814,-0.0862980040394553
-1.15134871500304,-0.744192862787202,-0.50521315549147,-0.409936813949433
-0.98734059699158,-0.434036536965972,-0.0564209754041707,0.143230046462756
-0.903234144832097,-0.699573957359595,-0.585296450295381,-0.56468997944913
-1.13755092502912,-0.421604749817914,-0.0166320503994482,0.121019061650507
-0.60791630775383,-0.229055477284196,-0.0478471594238981,-0.0252190320853976
-1.52463286621681,-1.05744629687582,-0.762896019684574,-0.62994980507722
-1.79689257325553,-1.38574703813616,-1.11406601481339,-0.985952265181357
-1.75460891564334,-1.12864869803354,-0.715374464351541,-0.485396168537813
-0.977174883252052,-0.212813821097975,0.225023864598434,0.372711962504911
-1.71636294486499,-1.22269939946034,-0.9420872233625,-0.853260655627097
-1.37351691709892,-0.897923030876771,-0.61397720652153,-0.502864630364711
-0.638410226834707,-0.398983278398134,-0.269706158516232,-0.233235514115927
-0.494040125654815,-0.102686638191172,0.144233157391571,0.245661928025947
-1.04086172159898,-0.537849269144749,-0.232971929770236,-0.0996123558426614
-1.64271026807183,-1.05251763237447,-0.695049278100756,-0.531606716764997
-1.8777772118918,-1.08528379692039,-0.634595066855251,-0.478729045128762
-1.2462493684788,-0.520980631071092,-0.158923185043081,-0.0685432020806599
-1.6440640036022,-1.01245368584594,-0.630547106061837,-0.431586179901826
-1.82762509380483,-1.27891192381141,-0.889254557745612,-0.647636565488395
-1.31571319641094,-0.85723118596834,-0.587808674510373,-0.507817348047702
-0.229741499413096,-0.141420044778818,-0.0899405422868765,-0.111785751215012
-1.5810533593153,-1.26168916340036,-1.07824435602162,-1.01362119978241
-1.27583864308402,-0.943364838250487,-0.742121485594688,-0.673395515506296
-2.39253999426894,-1.84182498904976,-1.46095672986103,-1.24715278909368
-0.645234849871566,-0.290897927237311,-0.0389825918148827,0.104543870919097
-0.943366352536958,-0.453814536393849,-0.160797837340844,-0.0615512125728571
-0.494381369778632,0.0823077260024463,0.443569556309808,0.605771901124404
-0.729002107158354,-0.488440768271139,-0.369046206533935,-0.362519211818991
-0.948906390752956,-0.580077808640352,-0.368875060671291,-0.316580417490374
-1.85993369983831,-1.43287674088564,-1.20499784430342,-1.1360349357915
-0.828463125987478,-0.21564336165427,0.109924729094782,0.18038229774888
-2.25064501623378,-1.57142475344209,-1.07289560805577,-0.763872948583969
-2.27584941627246,-1.53172209683171,-1.05161036627889,-0.806037003309965
-1.06743762895384,-0.498070266001124,-0.119754417660606,0.0709139212263346
-0.825261441118696,-0.700582656398949,-0.62592555620923,-0.6295769742559
-2.17210747746267,-1.44007324083488,-0.958539481187159,-0.697239666070307
-0.462146659282259,-0.166231597603486,0.0113636558113192,0.0570029580050476
-0.405275855884544,-0.099138186440301,0.0960550160878426,0.17391311059635
-1.02944829371726,-0.383559785334045,-0.0437672454209646,0.0490828519476076
-0.0332923173439615,0.495390971517124,0.710055268430114,0.681750808472873
-1.70668755630605,-1.10727548295458,-0.727205934982006,-0.556251610880116
-1.54772316914134,-0.889213380296384,-0.519270794283615,-0.365522346320898
-0.74457802684912,-0.536120031789471,-0.419457993595149,-0.403678515352753
-0.883780690772708,-0.419002426153582,-0.0996167718148691,0.0800211689012573
-0.249474827096773,-0.120208904504694,-0.0443430668465715,-0.0535133367176218
-0.743392177525764,-0.531221188492794,-0.448501218623188,-0.486896264210255
-1.0563088992214,-0.646025658176416,-0.384671782757216,-0.253718290514404
-1.06475599235297,-0.701527056838598,-0.515589284965109,-0.47540083665446
-1.01998379618978,-0.47404801361724,-0.198321966957149,-0.115326863714805
-1.20735004245224,-0.580887830143654,-0.202427176883275,-0.0572628895628167
-0.897345944714655,-0.504918104339695,-0.231488621957581,-0.0751394499256869
-0.821975479506116,-0.490107839778741,-0.269547356300448,-0.170979668673957
-1.45916292324113,-1.03311240886674,-0.727880672734215,-0.545787085653225
-1.13935034191711,-0.490257642511586,-0.115702644744044,0.0393170293012245
-1.40340612794357,-0.786583189282417,-0.400335706850404,-0.191607305969226
-0.956206571634323,-0.689840139939569,-0.523927547943629,-0.457851092050975
-1.96089645698285,-1.31420310093011,-0.837631187106071,-0.547440299700805
-1.63203218941475,-1.16938683160721,-0.868942938147706,-0.723176030557963
-1.06322089614202,-0.571169539907845,-0.231008559483537,-0.0373859320311647
-2.04715609014958,-1.76780699064493,-1.60898718390302,-1.56852432688727
-0.535117897061761,0.0836153812547796,0.345850610088725,0.358718340919384
-0.292672192887682,-0.141575908401388,-0.103064993293914,-0.182286852096035
-0.738488498534512,-0.369898890086536,-0.153594673703916,-0.0732950199339678
-2.86388637596252,-2.19969633863393,-1.76020293045823,-1.51391990646989
-1.6018186913365,-0.880141322281374,-0.396815696412797,-0.122495395432159
-0.72435781200761,-0.382586259674318,-0.182319224482884,-0.108794115151357
-0.956080035594987,-0.532259485462719,-0.363646901453411,-0.388523726586915
-1.39648695934391,-0.866671476490135,-0.536464621997207,-0.373505237969087
-2.02629259788535,-1.44003674190169,-1.04391040024982,-0.829627335619879
-1.42141560115817,-0.965624960100625,-0.749503933641161,-0.696143999215552
-0.506296205965033,-0.247267437053435,-0.127157945132389,-0.150797041666525
-1.10899081007747,-0.610541427331631,-0.306457376444175,-0.177014445868102
-2.15164169909833,-1.65400913849917,-1.30539659414411,-1.117936322539
-0.996981231618784,-0.526075456291177,-0.21529756841415,-0.0574371437368563
-1.37263962998135,-0.707297343985247,-0.304623730905722,-0.147163612568738
-2.03830099939063,-1.38208132968015,-0.964136465970164,-0.746266622026688
-1.31709323968951,-0.588689574415692,-0.114228340183523,0.122921814189614
-2.32682091636905,-1.80433103676557,-1.42708884378059,-1.19661566762838
-0.803846195296413,-0.344432924647651,-0.0782631574468975,-0.005605554850864
-0.987226734047444,-0.594353767131273,-0.383384339856245,-0.339227568157481
-1.51075103733164,-0.932921761329376,-0.576561045045026,-0.411291232539751
-2.16982822651145,-1.45491230413702,-1.02889392194746,-0.851345176258399
-1.06046524755559,-0.709662368880483,-0.459518976516469,-0.311358672255051
-0.700854644546193,-0.207251428156981,0.140072226386915,0.347282840321923
-1.7060442179393,-1.31032075355693,-1.09138290098586,-1.03514196085372
-1.19079613795695,-0.557942923872134,-0.066048072778979,0.244816112139896
-1.42925623242904,-0.946496726765121,-0.656190278430596,-0.533603313582724
-0.982273572002263,-0.420865402893351,-0.0681803660554113,0.107905703830093
-0.636144765436041,-0.289705445528728,-0.0788869001532203,-0.00299963610939488
-2.08048028683602,-1.54107450258996,-1.17122967852851,-0.930779641789861
-0.574894218872359,0.0332806371594604,0.325578260288871,0.360216910943416
-0.448974501663826,0.0186108828031834,0.252158676894885,0.277821928978236
-1.7747994819071,-1.12608027464991,-0.72506692759429,-0.540980747219654
-2.36175616337647,-1.55299373704555,-1.01475996243435,-0.7242310420529
-1.52716064351871,-1.13853450117849,-0.881798403019044,-0.747314549912701
-0.877892251116382,-0.591494583213035,-0.469846353706268,-0.496094444772892
-0.511520729637177,-0.177071315007266,-0.00848116691328885,0.0144767931755974
-2.00644664720454,-1.38420467521861,-0.997915502245817,-0.834676334145954
-1.2895159996443,-0.679444157759653,-0.380826828531225,-0.311944972639443
-0.492003869847877,-0.277119749714962,-0.190654978385623,-0.244394802509688
-1.08495567944931,-0.624642226003544,-0.324133560336899,-0.194145924520264
-1.26247542301392,-0.488135328074988,0.0185916996468185,0.272473713963334
-1.76591575147158,-1.19283548564061,-0.887621022500656,-0.778849037756887
-1.35124118792409,-0.769946581861072,-0.36964045470233,-0.151377053841577
-2.29546808740405,-1.77941466646624,-1.41009863809118,-1.17710642345365
-1.37033361278325,-1.03341191137529,-0.822576751405402,-0.7330764157662
-0.926116214902007,-0.555938688611113,-0.327620902610754,-0.241103183347063
-0.838492021042494,-0.304484638384746,0.0313231158022951,0.164720640151897
-1.60595796589642,-0.785654985329771,-0.27110934930132,-0.0184336353188221
-0.675378877991505,-0.135393506682148,0.139222835513255,0.206299386572405
-0.671985101624737,-0.383052648190806,-0.213635320383899,-0.153529351419942
-1.35863293142429,-0.911807266411747,-0.655660190372427,-0.552972706882308
-1.57019425043323,-1.06638331284704,-0.761867359797325,-0.628759765622924
-0.788148916361391,-0.595350076489672,-0.505283213460464,-0.51516763531902
-1.17985185984997,-0.478897359898713,-0.100705752872456,0.04685901447862
-0.582290360268983,-0.370964826942454,-0.263719857336885,-0.269067208309702
-0.747393698839143,-0.45964924246287,-0.309646369378159,-0.274603582357548
-0.687069829099335,-0.317949206207181,-0.0830314677545694,0.0100867643717917
-1.07372332773635,-0.748517644135099,-0.611586625212012,-0.633243931400235
-2.51913110899937,-1.95486264402753,-1.58768692313938,-1.39906373754219
-0.860405927985493,-0.44130477004439,-0.265886835956023,-0.273834359686618
-1.90443652776715,-1.23580082559416,-0.796905120835608,-0.567220091190199
-0.688167688534603,-0.0643934040933443,0.26589324261581,0.361353276694057
-2.56524558092727,-1.78645792105221,-1.24742791531515,-0.936892848988583
-1.15413614191794,-0.856864161850753,-0.714303431259652,-0.730106578750626
-0.491153688837593,-0.110494847641568,0.135470358270794,0.23929139950787
-0.251440037680601,-0.0186487442439315,0.0876622942237094,0.0732787736551391
-1.44263850114474,-0.726208403602676,-0.356565480701143,-0.23731721651732
-1.41105505195458,-0.595785620561485,-0.161292890895969,0.000164824568560817
-0.916596421938135,-0.77221975319733,-0.689139868302414,-0.669300444268615
-0.677556889018976,-0.336597769997684,-0.103420408366247,0.0298863010490228
-0.915682680895176,-0.387053562198452,-0.0425128414445957,0.112740701021274
-0.948420484472578,-0.613602460209696,-0.432265898342505,-0.406390659937885
-1.43986845230393,-0.709003951250732,-0.187117315257089,0.12778860086696
-1.07677456728275,-0.777618268430506,-0.667598316310644,-0.723834862464311
-0.978332406827708,-0.323363739568748,0.033262514786109,0.140855479727704
-1.71413619394299,-1.12619639258494,-0.827487097350455,-0.752774480702445
-1.39663788560596,-0.951181806715395,-0.661801830321707,-0.515892190070686
-1.40763630091662,-0.807707136954389,-0.415719575259874,-0.205739519118937
-0.502075258249784,-0.0444808834121479,0.220244282249509,0.292997275524048
-1.4134078513522,-1.03029667642408,-0.80574461386162,-0.73764230246007
-0.569168736037865,-0.287130388141281,-0.0981938539062664,-0.0081671003986615
-1.76719919327423,-1.22671595696736,-0.838278616632014,-0.621845891560942
-0.885950773622277,-0.760896413283059,-0.670865599817566,-0.618353261833524
-0.987230636254864,-0.703422503530435,-0.539345251096861,-0.490840057960778
-0.418431065375162,0.00943482665315903,0.242816143438764,0.289341477453417
-0.768329628407234,-0.323830026840016,-0.0343296663522511,0.0923894188821449
-1.83420082880672,-1.28170971799806,-0.891377992334386,-0.646562024496312
-1.01046856372007,-0.39734249745053,0.0298394897600404,0.271814732704332
-0.711949080015153,-0.323582764549147,-0.10421216992348,-0.0498056602276757
-0.98710049374859,-0.539704381082829,-0.250149691972051,-0.105234629353853
-1.95107624274348,-1.39154358886624,-0.990462403957244,-0.745025479440794
-0.939034788191245,-0.703601247337373,-0.569979534265557,-0.542014319387102
-1.03297815469221,-0.730137644716004,-0.573724303661748,-0.536038571588108
-1.67486888404835,-0.957761892288008,-0.483409875226351,-0.237016058131943
-1.35590089411121,-0.812346359614369,-0.459217592963024,-0.29732181521046
-1.56447439949048,-1.10405507545479,-0.836160944632235,-0.742303289505295
-1.56201313480897,-1.02569202668733,-0.666716542686706,-0.454424547534516
-1.6896295303621,-0.993506588694024,-0.56249161843467,-0.378244513241663
-1.63288513104407,-0.903346470281068,-0.450845771878257,-0.230264858607874
-1.13903926846516,-0.941717473530278,-0.815008989101699,-0.758251463060967
-1.13650409420567,-0.608578955887266,-0.30243225877442,-0.204623320512365
-1.00728566435318,-0.371855285200488,0.0354000304142071,0.218960926453294
-1.31388534662675,-0.666323671497382,-0.275124229638182,-0.109052409567294
-1.63009068352073,-0.981652289263584,-0.551647436092017,-0.306810196661099
-1.20566099155527,-0.634054876055824,-0.315774525138869,-0.185302819310454
-0.74551862714409,-0.558107437562206,-0.477539588703774,-0.523007592966649
-1.33374549773117,-0.796201033448517,-0.399122718064443,-0.152192918300133
-1.57217899357301,-1.28000081042234,-1.09576538593667,-1.02110106929338
-1.01019995659836,-0.286399830221155,0.129031236313428,0.282763538238432
-1.6212207814258,-0.678916104572406,-0.0846994916954948,0.203457774702223
-1.30699656302016,-1.156899868,-1.09329151628412,-1.10202104487526
-1.45069070481298,-0.766422373034007,-0.308207938036719,-0.0802406260277818
-1.11411117652157,-0.592194838766865,-0.278385871233681,-0.159391588300516
-1.40949232468453,-0.845966676736546,-0.508177164640153,-0.363745787179268
-0.608630514759135,-0.0446636776595132,0.310082018061666,0.466733523980418
-1.66382488089539,-1.14027893119751,-0.798737523302582,-0.627616563968123
-0.979974615646366,-0.451963194703174,-0.177031583393042,-0.107526273243751
-0.909879561665871,-0.534418651719043,-0.308592015000085,-0.225624888514355
-1.66191352169336,-1.01373926615757,-0.645798850436956,-0.482635252975129
-0.450592980359347,-0.310547696488355,-0.187735237692951,-0.112663233168367
-1.02842075626421,-0.460194516662068,-0.189697921592158,-0.130045776893436
-1.17848574700533,-0.650470791228388,-0.310989548737636,-0.136598205576005
-0.947277765917597,-0.606951341225753,-0.405249385183807,-0.345189861403288
-1.48037767476803,-0.637401483040772,-0.23719026974955,-0.138482699203524
-0.559080694052501,-0.23339422850193,-0.0340777388567448,0.0313440187543827
-1.17061104710353,-1.03828033057718,-0.99591077251176,-1.04560209399981
-1.00458921621104,-0.317350074954984,0.112759409546647,0.317563421715801
-0.523765967410305,-0.563017012418539,-0.634381346657806,-0.747902989522688
-1.28695495112848,-0.883959607408791,-0.621798215791517,-0.497855697303514
0.248171702890655,0.214805220652326,0.172559366690917,0.0846282609729125
-1.84593270082088,-1.39755298041441,-1.0332479700658,-0.763744686425655
-0.887948290727523,-0.447040938270077,-0.22262417419023,-0.206451048385772
-0.621988726009633,0.210756100593178,0.691303928682302,0.872739962495499
-0.966687277897672,-0.646593599374082,-0.464400784277605,-0.42247810586698
-1.84895439928319,-1.18696965937499,-0.721659416333446,-0.432362683409266
-0.752192843458367,-0.458942803137658,-0.352557941763609,-0.405441801802744
-1.04707149420311,-0.435021888558461,-0.117973853726361,-0.0224827731782636
-1.06495559373459,-0.590269453994682,-0.261649921010529,-0.0944977479722047
-0.73388491770473,-0.312555815961856,-0.0494999298058533,0.0745727554717049
-1.24131483158276,-0.786044783021873,-0.525720073719228,-0.450796245369043
-1.22956056330811,-0.852995656411352,-0.557257412802274,-0.345527693340379
-1.08542871726755,-0.661514721374,-0.472660938621268,-0.477699127337803
-0.639865072520628,-0.315484510989322,-0.139929365318342,-0.105967354650413
-1.23633016339795,-0.878958308714313,-0.694945137130154,-0.659862460463866
-1.74215765970713,-1.136248210006,-0.735566366210348,-0.532973812671774
-0.743431753039741,-0.450392643889829,-0.285644159344837,-0.244546834034174
-1.33366600774774,-0.56606944929997,-0.0426466250670348,0.25183316038016
-0.668995667439303,-0.408219986669853,-0.276712345634307,-0.268057527906421
-0.907001077004412,-0.652421779669873,-0.479608813979693,-0.387661637834092
-1.19792914493351,-0.776506409861145,-0.536254070728291,-0.455057643128563
-0.664919342649094,-0.0298979319819068,0.220965785561363,0.25033825318092
-1.19735693448569,-0.827731471002335,-0.57318892240007,-0.427741959549712
-0.70370863588778,-0.385334342969459,-0.231827874117103,-0.226382941454285
-1.63317215485521,-0.976700147550596,-0.646014308958295,-0.566504677135872
-0.548575305238619,-0.159698058219311,0.0310414417918141,0.0507523548642948
-1.17370876848143,-0.864066940362089,-0.683290379821564,-0.607181427244641
-0.488001428857296,-0.187188484982901,-0.0511535759485806,-0.0581584934400117
-0.700595424506732,-0.321199912445638,-0.0642176536949822,0.0479347147526653
-0.522376176718526,-0.216332821028828,-0.0321785351229674,0.0247384690776254
-0.702180483319224,-0.472960425071867,-0.37377034151749,-0.379823676047436
-1.01054105640626,-0.431418789244515,-0.0833866177653363,0.0665836957797807
-1.52301868598262,-1.25393698198968,-1.09111170889164,-1.03604144804521
-0.999851801707137,-0.720533875870005,-0.503743407415848,-0.358418796762917
-1.8632189887765,-1.29523376292105,-0.934639165305398,-0.744711481558329
-2.28364193774866,-1.78625344553885,-1.38347228548073,-1.10379410476246
-1.11563282224938,-0.786671749810544,-0.571695211124607,-0.473954088476326
-1.86033340959873,-1.05072781487199,-0.595281727065206,-0.401093197108867
-1.39522590978659,-0.945943730575694,-0.71574134603852,-0.651734323743639
-0.885622586643478,-0.763613161733559,-0.727298690729301,-0.789654576092456
-1.03967491029098,-0.800757424395621,-0.644914224677091,-0.569250703237975
-1.57365571279471,-0.650398725242771,-0.0987191274758369,0.156557576874761
-1.16870070154936,-0.332778842203083,0.149942112053072,0.321516529059949
-1.83630302889658,-0.937399036140993,-0.364561378638032,-0.0614540184905857
-1.18056269049969,-1.07625226254042,-1.03991010926939,-1.07452747299849
-1.45145789090596,-0.774946723035167,-0.355220383972942,-0.170034125246417
-1.12229173916282,-0.843947784569265,-0.660749706185622,-0.571068402397679
-0.875045399945857,-0.66833868023444,-0.543710508300162,-0.511068146109123
-1.20736600023953,-0.823892252297808,-0.531115212434469,-0.328600740541857
-1.58704309855239,-0.551026943978961,0.00275722373705586,0.228410194833743
-1.14948033697915,-0.959085153627109,-0.873768537649028,-0.894847035169743
-1.89345392767376,-1.36163679247729,-1.01859730748142,-0.849996312026201
-0.91926632432671,-0.400590571301915,-0.0814954428130513,0.0651723940424701
-1.41000540635934,-0.947917774141043,-0.721278245007925,-0.674691785741495
-1.18657271094163,-0.442459754187013,0.00874303681092792,0.20409522491955
-0.576849475101071,-0.21441912149785,0.00701595383656731,0.103927197724379
-1.3479851925607,-0.972149529589463,-0.783038404560124,-0.762246440291487
-1.39114854152536,-0.88237106497854,-0.542219030137536,-0.341338524540167
-1.00910383697206,-0.728865379388459,-0.57821814593545,-0.557329041558279
-1.58739108932772,-1.08416114829528,-0.775704897520606,-0.639771151476245
-1.74180343119218,-1.09187895101552,-0.698385313501181,-0.531245496784829
-1.18675187290713,-0.81856382389167,-0.604825739357558,-0.53988852258674
-1.83496635200762,-1.17769027399731,-0.725146232229204,-0.458239809665668
-1.19913965233436,-0.623726519373246,-0.276915094461567,-0.141066498175975
-1.30311075983625,-0.392881569831402,0.144350180384283,0.360808900943832
-0.974703765024623,-0.593114037788415,-0.40145418263018,-0.339076498037305
-0.438678370289745,-0.0299606177113985,0.160010495390127,0.171174873676375
-1.61611794587319,-1.27505011566726,-1.06262990265672,-0.966206013322171
-1.4892097420642,-0.740553997139603,-0.226181182396038,0.0450592316693596
-0.669031579177353,-0.0876984885081915,0.212982076972997,0.300626076258056
-0.902273387627634,-0.499479773707355,-0.253344253684277,-0.167190023864606
-0.984250771734383,-0.675516840994602,-0.468918684653058,-0.378213270629567
-1.33612632315627,-0.695421617369556,-0.320060773456061,-0.176899782499113
-0.721478494570155,-0.580021266250282,-0.491454018589981,-0.480426695629682
-1.5559394977815,-1.09199955210968,-0.81785271036196,-0.714387647067518
-1.336745117946,-0.870478640220668,-0.52797898258506,-0.330628684757281
-0.232071139988302,0.100321942334785,0.291325173295704,0.334976951948659
-1.55781061664067,-0.755436387572268,-0.275985372117627,-0.0778967397162059
-0.576267705751634,-0.108129169848622,0.104660938938896,0.112920277393858
-2.78710143905075,-2.2522812073145,-1.84754561436199,-1.54957767931382
-1.57654606190072,-1.33555444248579,-1.18379284637704,-1.11875968872999
-1.48150283641581,-0.959212645186572,-0.628156172468017,-0.479179155495473
-1.18505514346769,-0.799490418943433,-0.543017074213108,-0.413746245380332
-0.584817123313344,-0.229612638781605,-0.0811011323573425,-0.0787209958235672
-1.75174582318474,-1.20919547787186,-0.84226173197259,-0.629468396905055
-1.24263603945566,-0.790194554491197,-0.551017119892587,-0.486800081556692
-1.32187252561091,-0.887506026452462,-0.59758782735141,-0.426400565864423
-1.35590089411121,-0.812346359614369,-0.459217592963024,-0.29732181521046
-0.984093974162692,-0.448026909334602,-0.154042475862512,-0.0694716775674747
-0.949372093606373,-0.529617618845847,-0.28343089226524,-0.183358496273395
-1.38735781968333,-0.945764271373271,-0.657790803484078,-0.522802554746945
-1.34748598239095,-0.925517570978162,-0.656198475386322,-0.497146966699775
-0.757790255995422,-0.214838787404185,0.160548019729403,0.358260516013248
-2.16731192448212,-1.61682492142686,-1.22720139660652,-0.981225489740968
-0.964033628804624,-0.616773939553669,-0.376240925268557,-0.238270021964612
-1.13133885753726,-0.812093563706698,-0.586778952451879,-0.46506150034517
-0.703381622848457,-0.443020305514155,-0.317292343386612,-0.314504071850223
-1.71678054704671,-0.89503352634072,-0.40547094248519,-0.178677215880709
-1.71078234399134,-1.21373093832408,-0.905355752265206,-0.753434201900622
-0.512641845908701,-0.105871873847843,0.105756731205653,0.145572062037872
-1.71857779183021,-1.00497375691506,-0.449964455141909,-0.0653886206646226
-1.46416156978464,-0.741592058135719,-0.318483214678601,-0.13083744244667
-1.22247268543179,-0.878039403942855,-0.662834034942187,-0.579530713551412
-0.38215213169015,-0.130633507257028,0.0108820877506535,0.0298242561637912
-1.41856327994289,-0.828623727111372,-0.544904107706022,-0.47384910528933
-1.32273617623477,-0.734272200830909,-0.420171638947737,-0.338434520189708
-2.49642714959125,-1.76448849426058,-1.25923849498599,-0.96436347598885
-0.806523479936395,0.00437625778286926,0.463411406431211,0.598102285583652
-0.491015927395423,0.0921690666224921,0.43960249917945,0.556061310211876
-0.861491284696361,-0.610034826264934,-0.431314704967391,-0.342786776717543
-0.571992455351401,-0.129521952793816,0.183651293688714,0.369147212715055
-1.10798224388783,-0.401916617444413,0.108022380290304,0.39899867042152
-1.75085358589366,-1.41443635637154,-1.14516101057726,-0.953769576013917
-1.41525101078372,-0.84251988813285,-0.527256235110329,-0.421054982925643
-1.13358536151769,-0.361546852933993,0.0369741985633365,0.180762913707527
-1.54720354830741,-0.898071025332615,-0.492681252317023,-0.305392873139004
-1.11040534100902,-0.761705998220234,-0.505862503749433,-0.346230911189964
-0.913200894951367,-0.54753893463514,-0.254467047729363,-0.0417499945993721
-1.05246465297901,-0.80901842680817,-0.689313179822179,-0.678024036280785
-1.4267794384973,-0.741592708322994,-0.301179426853098,-0.0765719546829055
-0.9665780453802,-0.496028135817755,-0.186945188029453,-0.0406876173532963
-0.97013750393051,-0.24816845520715,0.187129827165696,0.411822489024152
-1.38799413237585,-0.979688365205367,-0.708082367560251,-0.569921170933707
-0.721538650557487,-0.199464771913033,0.134548892115319,0.316052561266365
-0.760954437481229,-0.278815479931966,0.0379645127664028,0.184567602457993
-0.684047416748852,-0.469394399552238,-0.372795722384369,-0.387112946879
-2.19342519427104,-1.6490089257885,-1.27615829939531,-1.06765339326711
-0.93127278819479,-0.462565068957951,-0.20123506429585,-0.129429490875936
-1.17701123803008,-0.719307073339523,-0.46533587034268,-0.397111343275621
-0.512899802732653,-0.453416560099168,-0.443199022488896,-0.493221388577916
-1.61110263169314,-0.855319285666604,-0.373916245303933,-0.141445498313803
-2.00427406787368,-1.5004016027308,-1.16689981982194,-1.00151602967422
-1.25926431312477,-0.745742136332328,-0.42347285515853,-0.274704052095268
-1.36685243494295,-0.550294947362653,-0.0509185676609268,0.17959674670434
-0.940779170475371,-0.419460369316382,-0.13081904443346,-0.038973011872851
-1.3503288426358,-0.90908078629088,-0.636569940836207,-0.496011020090128
-1.3857730031705,-0.900093517015532,-0.61844546171122,-0.48842723912647
-0.456853463377987,-0.268392622566905,-0.191143435696002,-0.227642573292874
-1.16649683635423,-0.721038368495697,-0.518495054306771,-0.499642289577843
-0.537931011105323,0.236333208583869,0.7006248076159,0.891842150431408
-1.15800874059019,-0.499513119171884,-0.0521458243006851,0.167702882879943
-1.44294838224137,-0.682621456064085,-0.228578543916485,-0.0353233393131141
-1.2547660024912,-0.666604999851631,-0.319457822693896,-0.166083760742677
-1.60794704840027,-1.08730817026665,-0.761343731590839,-0.605895788898954
-2.06967915034657,-1.5277993078535,-1.16955785400233,-0.970712086093751
-0.63002481594242,-0.191035070665185,0.0209171606539351,0.0669122537243853
-2.18430170258239,-1.45194872885061,-0.949067871324579,-0.677668062249972
-1.0496907484738,-0.548138565904244,-0.234344230742325,-0.103362128962489
-0.92271852270054,-0.504135448136265,-0.238347002692921,-0.104910366412292
-0.98840823018975,-0.312025009176911,0.111254519336825,0.323144172455697
-1.16875789459978,-0.87546178837019,-0.708213802358745,-0.667665860459467
-1.95675040621707,-1.29844360003848,-0.894157105102362,-0.706216700871342
-0.948727013024456,-0.358555806511215,-0.0401051463085847,0.0492620209590686
-0.551623286755754,-0.102037813197049,0.147009279276944,0.223733167055621
-1.49413370987493,-1.18352855651071,-0.966978620339256,-0.848844094693817
-1.48668262095035,-0.984484154252178,-0.66893955364303,-0.52595465893552
-1.31567384431736,-0.821383395464497,-0.51269400238656,-0.401083652598312
-0.777217340037553,-0.492952768803964,-0.340834795405471,-0.323497495535166
-1.35806000324001,-0.864157868478282,-0.530874413879348,-0.365815583286595
-1.91651752064701,-1.26043070216405,-0.842833394344062,-0.635985381520387
-1.32640306898033,-0.652411520510728,-0.233761229858489,-0.0679851286949982
-1.79084975676036,-1.17858935691005,-0.828438988367911,-0.706386134804267
-0.810946351385196,-0.234095941859059,0.144630966346161,0.323751675093789
-1.4291539876861,-0.971201313600538,-0.713384783353887,-0.628083490129397
-1.86113109733793,-1.11086296327549,-0.607532864186151,-0.339801434006789
-1.25533024382076,-0.613706341776983,-0.183900606839329,0.0346745220104492
-1.01195167479579,-0.59014599149603,-0.360608439918396,-0.316899840019699
-1.01748740306711,-0.527386874375386,-0.209688892003249,-0.057334822070949
-0.410577935899477,-0.100679206605409,0.0210613758367657,-0.00828347526093715
-1.07561338991606,-0.614370192105373,-0.334297282719328,-0.22309743869779
-0.404375493828396,-0.0277212338525479,0.177923558948017,0.233384276168558
-1.32093008165354,-0.871882829252037,-0.635427723335683,-0.591240120865139
-0.91759476455615,-0.561684832181718,-0.339785528110805,-0.239944309292181
-1.6451898405616,-1.16457911716849,-0.850165743540326,-0.707542359324482
-1.32642228309877,-0.85697357146529,-0.616207382641959,-0.544041742061228
-0.881971064231078,-0.341453054915674,-0.0231379356611904,0.101470105194471
-1.37377109034123,-0.754135600077834,-0.433533924498126,-0.333837543051865
-1.57872117247572,-1.09575724270197,-0.779896818873861,-0.621030926642691
-0.646693856286537,0.048447922518014,0.421039791382791,0.541898716519037
-1.31207803843183,-0.965721748341596,-0.756050853357563,-0.658841286157077
-1.6680306862207,-1.09390433585493,-0.777721337186299,-0.665747814956074
-0.363659284492441,0.0792310378215616,0.390920819052526,0.572619484058612
-0.808409711077542,-0.214965301736104,0.154993779916995,0.297146157477766
-0.802305144220361,-0.36676701876687,-0.115967947080635,-0.0253238091699347
-1.36048442055149,-0.830615066640152,-0.509096861812752,-0.383633962793911
-1.65895530137866,-1.2047947451655,-0.903614118656431,-0.745154178779302
-2.21549349893984,-1.58229742225349,-1.13024527617173,-0.871279162966744
-0.985348951173673,-0.189187447292094,0.223830823501719,0.34470829935616
-1.33034375211283,-0.787181896768664,-0.484372348696273,-0.370416798073391
-0.431125882406318,-0.175064089413399,-0.0714542108828607,-0.110009979235792
-1.49261072519196,-0.819399747250308,-0.472505172190838,-0.378775376864594
-1.20869608428625,-0.70582858905515,-0.411423403059922,-0.294446117551544
-1.30221050401911,-0.957217047019223,-0.757038968503495,-0.697847041084496
-0.632131227220655,0.0547336577035258,0.57903813691775,0.912803433709233
-1.27173175479359,-0.885127457989645,-0.622911998433946,-0.492808269237391
-0.617567444596522,-0.296523615912468,-0.103416068542547,-0.0330772243824518
-0.950419819463696,-0.671926759465967,-0.50334202076685,-0.433843861723474
-1.38931960671716,-0.824845553501696,-0.454410560662981,-0.269416136613558
-0.695948703390177,-0.622681645189388,-0.590962090539409,-0.613833001393272
-0.770620566260693,-0.159754872415413,0.226185797177203,0.386432217901562
-0.936124116951478,-0.763692959252451,-0.69331556931134,-0.737051056369333
0.00392814782676717,0.138586051390507,0.237532695161753,0.281728766411591
-1.68185138765235,-1.36918993054076,-1.15111142555105,-1.03548470517443
-1.21055393695872,-0.929050930104756,-0.783921111074366,-0.762722905805577
-1.01066179139443,-0.0606218938834955,0.534509394026529,0.810992758240342
-1.02138280156082,-0.538265735979736,-0.232370516332588,-0.105630234482165
-0.719171823530296,-0.133161907576238,0.158551984776354,0.221548167084032
-0.744595507347103,-0.583124499866213,-0.5026826381561,-0.509548145165976
-1.06547403205504,-0.504867619188593,-0.184420325604385,-0.0746977956136498
-2.41924176709585,-1.72365834322772,-1.18067309908771,-0.805863563654558
-0.71786617022281,-0.222228906453608,0.0833292488861128,0.19883126318155
-0.569382202955647,-0.144543408024508,0.104421279126652,0.195063126824445
-0.697353440453919,-0.100562440860119,0.22875677770714,0.333868748060752
-1.05336916671857,-0.531106060483155,-0.208960678331373,-0.0713059137081307
-0.389654250844425,-0.0631882524544253,0.116123755643316,0.142366896549313
-0.624978070764247,-0.089201859928804,0.259122056470173,0.427420382639039
-1.45927626345252,-1.20207495889103,-1.00971193575328,-0.891960298896621
-1.55569041667281,-1.00299297516896,-0.628150469080564,-0.42773930671912
-1.91007048899281,-1.20518624353188,-0.723097828738639,-0.457412309331934
-1.2925964442925,-0.887927838875745,-0.626668457657618,-0.502156138298284
-1.73214371183767,-1.2978441141739,-1.05175182745179,-0.971922892998373
-1.07670036743451,-0.438695902037216,-0.0742850371505317,0.0378779232929074
-1.29136978085527,-0.957353798273675,-0.690555481394556,-0.501610362495561
-1.08392942102457,-0.828736539075178,-0.657251832704291,-0.577564591175008
-0.635333690919178,-0.323153716633423,-0.13843038804524,-0.0718783679684755
-1.17829250077693,-0.751890143202598,-0.510264674858334,-0.445385490490741
-1.21890194936899,-0.415875753635837,-0.0402329294535363,0.0170862602028694
-1.593101435093,-0.988597305575825,-0.634843123127215,-0.503531295903141
-0.887165797662679,-0.640225056730623,-0.517295836313116,-0.50874853679809
-2.75022800206788,-1.97289137052919,-1.44399927568731,-1.15259982127956
-0.717161650882731,-0.257929848615276,-0.0202936161546323,0.0275406162130473
-1.0264937900289,-0.725835225674207,-0.550311876346009,-0.492523376502074
-1.20228176135916,-0.451063979751331,-0.0685024068044927,0.026338506517487
-0.753362839448021,-0.340096384835405,-0.085761072057123,0.0149925389897498
-0.381969771983485,-0.146359689363257,-0.0439910514506379,-0.073740771253811
-1.11121185199462,-0.757462182700799,-0.533983524009556,-0.442199539201722
-1.33827181919446,-0.252079735690197,0.503896358424735,0.955178841179693
-0.837873780749637,-0.459485411689368,-0.262784261019378,-0.215657963393562
-0.694977336255128,-0.51978496016055,-0.432724141104611,-0.440083194825583
-0.960820249164281,-0.500125982207707,-0.162563435359608,0.0343551548952115
-1.27114929625878,-0.788155798228619,-0.52133965528728,-0.424531727411652
-1.63610006296696,-1.02437841603906,-0.587894314418143,-0.326769814353508
-1.08055870607067,-1.03851622014926,-0.978960178579486,-0.943362678500338
-1.47032439573578,-0.968963232764162,-0.654841623905899,-0.49514497915812
-0.580075870174737,-0.664767270807607,-0.73033018616737,-0.806336531361879
-1.63752614288164,-0.887039733351945,-0.408896689326085,-0.168485150198587
-1.68825735836139,-1.09734591796548,-0.770841301999279,-0.667356237493982
-0.381443199931993,-0.274854791366873,-0.1991072035272,-0.187771918608227
-1.40148124433649,-0.775350973244537,-0.387474808817225,-0.206386641445718
-0.951247088666958,-0.615789671613433,-0.403391081810051,-0.314294096204716
-1.34919696511313,-0.654071640396292,-0.242536683567774,-0.0725468387607089
-0.602442738229985,-0.261576835015856,-0.0890820930196411,-0.0699275402750191
-1.53255047790535,-1.10872434476203,-0.849933329611167,-0.726417612266425
-2.42023832607509,-1.67348438138447,-1.18245897973954,-0.929831351626798
-1.45613762062367,-0.734574740051515,-0.32961841410038,-0.173072032374263
-0.20696040143046,0.210965497558128,0.427015530690707,0.456771114532228
-1.7613235210028,-1.23834949146962,-0.89274493554481,-0.716738298723857
-1.0273594388795,-0.55284264486167,-0.273953888650811,-0.172655946740332
-1.02098174186695,-0.689758524689826,-0.498341871696647,-0.449101550352835
-1.64177450240267,-1.2492048311513,-0.997979719043711,-0.889874323523608
-1.72283203973413,-1.35349159176622,-1.11905425388333,-1.01866438401205
-0.976351635167507,-0.270190298013467,0.197282762326391,0.433194603547017
-0.89129633062228,-0.268273628896573,0.0863745608402628,0.227923059798475
-0.895848075460448,-0.368502313756827,-0.0961734400448957,-0.0127171783341819
-0.776878689087323,-0.421389762136196,-0.247756455714567,-0.229682603680079
-0.425832011927219,0.121191349868179,0.407127068220884,0.456619052181624
-1.22942873981841,-0.741924870723067,-0.473310375321942,-0.384639899486595
-0.74961542090831,-0.09009398373521,0.275369462006842,0.415720625373371
-1.44297694032652,-0.932677913661298,-0.670776489867631,-0.624713175628301
-1.24123713516936,-0.690693098506949,-0.341960312373652,-0.161717110422526
-1.43015272369239,-0.851196817583026,-0.504497222584066,-0.349472706525459
-0.994575978720934,-0.644520857877349,-0.442209278120017,-0.373393173823722
-0.248045853608559,0.355757069919941,0.693649992209405,0.808471705006529
-0.680491835076683,-0.417052696665463,-0.292987541300591,-0.310834529804107
-1.89350115210968,-1.53774645136255,-1.30271865052251,-1.16230409442337
-1.582286966752,-0.828304499531929,-0.317548235737313,-0.0239621467146467
-0.617339596230961,-0.357632673829108,-0.219593464614813,-0.206498918810473
-1.05844439319519,-0.283278793681569,0.262459795162247,0.576460716023576
-1.22930141684832,-0.813102782817696,-0.568480650375419,-0.485221625837337
-0.925007009224482,-0.298669647486422,0.0594742683094708,0.191495498360675
-1.64877213652218,-0.86395820328576,-0.357301004380959,-0.108309524101161
-1.68741481230556,-1.0650672231543,-0.697527029854881,-0.570764715104258
-1.0083042142739,-0.514893934235358,-0.260027462286166,-0.200771962840181
-1.08214736107743,-0.545958835642944,-0.279902424134943,-0.214482005918954
-1.16047975457062,-0.708722343124097,-0.450847710262887,-0.356952498507424
-1.89152378232281,-1.37399215935902,-0.987107539047295,-0.735784381710191
-0.216614002505587,-0.10466071650683,-0.0503473827261413,-0.0778616822991848
-1.16129828224059,-0.52693753104637,-0.114444253014958,0.0968126280896099
-1.44751321818475,-0.485099584522558,0.070919014931697,0.270781009174754
-1.25725208782078,-0.559300779198466,-0.172063680891519,-0.0239529081194699
-2.39512355164325,-1.43089631625089,-0.751531554311264,-0.346796451640783
-1.06492660982426,-0.44846659800051,-0.0724597829398834,0.0570123352595268
-2.4057718846426,-1.51128240595744,-0.914027723104713,-0.580051014943872
-1.45569927682691,-0.870207628050554,-0.451678933836094,-0.194360062921225
-1.10798163863079,-0.726870554463781,-0.462120578860233,-0.321706336044223
-0.760619639944642,-0.221607465062048,0.0464579886533752,0.113146361899739
-1.5735656617744,-1.17011576540663,-0.987945360133042,-0.978430857094855
-0.959917935752131,-0.681625277741932,-0.529304841791809,-0.47870246460739
-0.864163735375378,-0.421457473565905,-0.211584904095767,-0.171442686731449
-1.013994006612,-0.524575254473217,-0.28635837369129,-0.24845933598461
-2.21723503751978,-1.57329982360994,-1.07313390150767,-0.724179829068159
-1.29364770576302,-0.951429621579774,-0.750846285155221,-0.686864406271841
-0.610486394339272,-0.420981360692481,-0.295252086351856,-0.241637119237951
-1.45138848884738,-1.13310947226801,-0.910156117100135,-0.789354936018192
-1.33406923278593,-0.858694690352528,-0.539411373297415,-0.388374432806544
-1.04951396412886,-0.630570793826963,-0.436757558221839,-0.420590669982772
-1.8762110298837,-1.42807392460163,-1.13797937025401,-1.00083936481625
-1.08992337877126,-0.599884785068824,-0.339732495979192,-0.261587609526561
-0.992178629136771,-0.454829908781155,-0.127496800498278,0.0117431897305585
-0.924650528337708,-0.390768799955599,-0.0315930968840149,0.160780652643916
-2.34531891428138,-1.56791072248866,-1.06279921791538,-0.780690939586947
-1.43446469492963,-0.817491896018583,-0.423250808478919,-0.23398946053479
-0.0260792366385513,0.0435082075361466,0.0719726089849263,0.0134685551037472
-1.39129395034797,-0.86241050001214,-0.52936975380931,-0.354546971018152
0.047832892075544,0.234427450329489,0.331223072665922,0.311060623417649
-1.58597575696915,-0.852101530156268,-0.397143855317214,-0.185455084850447
-1.26707350215371,-0.782480364281928,-0.464168580757922,-0.32194584100544
-1.30928864768548,-0.910181764064503,-0.686086805282766,-0.615343456861483
-2.9541199688167,-2.2886720495493,-1.84045737432811,-1.56836592309331
-1.03317256276641,-0.694295051971383,-0.498311461444448,-0.435904692876361
-1.51514185442132,-1.08560797799181,-0.78222084348719,-0.618066607754005
-1.38523537135609,-0.86348724855181,-0.551690603454992,-0.421544406181845
-0.79846876021252,-0.374886907133256,-0.137291799232586,-0.0760203010752186
-0.96162252145976,-0.381075257128186,0.00498748629221586,0.213074187880742
-1.67371488371205,-1.30451858095225,-1.10832091258749,-1.06443794744366
-1.29988194654346,-0.447843440074309,0.0593713340387126,0.274557469604664
-1.38741470262588,-0.585374923910252,-0.11744781872502,0.0865565980081594
-1.12912093562631,-0.529821747501258,-0.143180940255928,0.0305830687697273
-0.972776037240719,-0.288257488885514,0.0607729757374868,0.144763394188755
-0.761795933581187,-0.287324942055557,-0.0632994783027588,-0.055606793019485
-1.26464086773221,-0.593756962468791,-0.199301349478569,-0.0484574002678229
-1.93558060803051,-1.23845916979694,-0.811012900674134,-0.599489351524328
-1.42517739860107,-1.16031468862232,-0.970670596368333,-0.866304174935475
-0.802918214964784,-0.41922882384,-0.213473793880624,-0.186239469536209
-1.08176135515546,-0.51999274623402,-0.219152305499296,-0.113288354043857
-0.622699619418338,-0.485103870189621,-0.395834819209316,-0.368514676831471
-1.75228147399515,-1.15069116103752,-0.729746549935928,-0.477140559070481
-1.90591003742697,-1.43167449590335,-1.12699942615405,-0.989965747645002
-1.39775242288796,-0.835712244162451,-0.471358928057523,-0.287943447224493
-1.27151004204438,-0.735569486608652,-0.420638752960133,-0.302673566069746
-0.639299928473983,-0.11371914316292,0.166791110871633,0.235754680685636
-1.08014162387813,-0.738406910931957,-0.521738662920373,-0.417125094888073
-1.14277024448256,-0.886385583996997,-0.758145041815279,-0.718128787539588
-1.38892125611421,-1.08342893352311,-0.899753466865702,-0.819013861171417
-1.14547797455775,-0.566456154304494,-0.272058834879426,-0.203092157551488
-1.42042359035744,-0.715277945005692,-0.290809995974432,-0.0981730845339659
-1.02315175693206,-0.795802638045728,-0.665646153481695,-0.632950164186312
-1.20858558011736,-0.706004581636244,-0.409078904197553,-0.286406735544111
-1.61068966819183,-0.821279523228085,-0.341196819173521,-0.110507680203931
-0.849355362616832,-0.549128451414236,-0.410828579159002,-0.442851964471673
-0.782579236550888,-0.509524895616649,-0.356119242537929,-0.330081536949055
-2.18537135402861,-1.69569305517855,-1.36685135188025,-1.18753193577039
-1.72450175054081,-1.10292701686917,-0.722009626802221,-0.54906820669928
0.0373241175393904,0.289341568606667,0.396287477324194,0.346668596106938
-1.47590294458996,-0.889171280714359,-0.447614217912969,-0.170543999142385
-1.27850156430809,-0.858504036710765,-0.555091198221111,-0.373267426431275
-1.12709755965515,-0.623421314364029,-0.348603984948839,-0.27162384029259
-1.12112020628111,-0.504344424442323,-0.159360382602842,-0.0340644799095267
-1.59239803247281,-0.968372353320196,-0.559409301053224,-0.344377969379743
-1.75689445671879,-1.30477324312455,-1.00892734884594,-0.850651881842883
-1.30317109502844,-0.596707464080244,-0.174401096503524,-0.00343480311413202
-0.98826097210555,-0.732357046333041,-0.617948274591153,-0.640244884727518
-1.51296825920653,-1.08134542167537,-0.8179307791982,-0.673208162845598
-0.916801530928844,-0.419046072270802,-0.166088452678145,-0.113524167702083
-1.92409504138212,-1.033016796701,-0.462563958837458,-0.180775536810983
-1.69738885198264,-0.925666882717311,-0.438814920582448,-0.189687590222023
-1.62531920596983,-0.680886254430993,-0.104436500909923,0.175877781364123
-1.3496348062669,-0.758186589664012,-0.33784045777091,-0.0947918231969678
-1.75602401624062,-1.19586810137675,-0.847114898894233,-0.675017251640324
-0.881725852465488,-0.69357923008685,-0.64253635394776,-0.746844836354404
-1.51212064619528,-0.921236393134748,-0.615866513761523,-0.510564655384496
-0.84924018518499,-0.125647676637272,0.313639140647469,0.467735738987702
-1.39823718643634,-0.891339814534514,-0.570313195776941,-0.41881219966912
-1.14926311995718,-0.642334137952888,-0.344251618231513,-0.235112746075651
-1.52184495610981,-0.956633833981359,-0.644692259770439,-0.534883895653614
-0.671481118685549,-0.589511240792209,-0.584909350340813,-0.671221688002219
-1.08384397578871,-0.830357175050508,-0.683070408072981,-0.635074673368432
-1.54702765753964,-0.826559683803819,-0.32827761459662,-0.044964844398144
-0.577102972952925,-0.194418455468976,-0.0155722341270827,-0.0113322287405367
-1.39646415172489,-0.692205622542851,-0.184867593095673,0.100684765528878
-1.1549344240097,-0.610090663150373,-0.283047523985566,-0.158790236255552
-1.90625421486313,-1.48092421445218,-1.22552688650018,-1.11460976869701
-0.118261225074996,0.0187559140127,0.102043299893804,0.111472575652037
-0.659767669912174,-0.163810521063368,0.132302172742047,0.245577077381668
-1.22416770494583,-0.668025552405744,-0.317622246588669,-0.156604185507915
-0.803977054313861,-0.307987192774185,0.0010978823855692,0.146868953511617
-2.09429428776224,-1.44896821157534,-1.0136702588508,-0.790225973328047
-1.14278571217581,-0.659780319901863,-0.33868475221105,-0.179510810918096
-1.34256355302716,-0.75703361849556,-0.449490451025938,-0.339003576429271
-0.95044219442133,-0.385778815249859,-0.0770172238128762,0.00679743452006421
-0.951136423769006,-0.40191121249956,-0.0784911989132895,0.0380103172219382
-1.10377834130776,-0.617778913854694,-0.305679441341877,-0.173336847434294
-2.7140978292134,-2.14525678679941,-1.77450030981494,-1.54637775098617
-1.0911414201539,-0.558616305873063,-0.272499318225474,-0.178965673027386
-0.664626950900726,-0.323573961325413,-0.20508326315965,-0.262737673124339
-0.846507030628611,-0.623760553953429,-0.514416943882039,-0.521128433906831
-1.43009423393123,-0.817902864863528,-0.378906308850694,-0.0930905859254264
-1.19794500928946,-0.66695288044667,-0.290507721035145,-0.0669628685425773
-1.25727135040828,-1.1219594759854,-1.06833760497655,-1.10416541958985
-0.875297495027832,-0.632063457091208,-0.445407675137221,-0.319300339356302
-1.49947070678198,-0.924780281381629,-0.49782167226002,-0.23337981271998
-0.398065161570838,-0.388639483341616,-0.404531097641465,-0.465288771604682
-1.48793255628864,-0.846490265159438,-0.469973484794861,-0.336161499229468
-2.52686709762847,-1.69702329940842,-1.12576332165071,-0.789272243390928
-2.11282674936211,-1.76580717977555,-1.55837939565076,-1.50058488564388
-0.969336054681253,-0.263170393472275,0.145164077015192,0.299343768483876
-1.25814645003389,-0.669657476261351,-0.296726669133408,-0.11969055936204
-0.811311900762084,-0.482061932689386,-0.28665090371284,-0.23900980847866
-1.24861697035163,-0.540800484100933,-0.0365012150219438,0.267453049979129
-0.765205760825526,-0.295478081966591,0.010574258010426,0.14739014175218
-0.968034936591117,-0.337470403951079,0.0630095516013333,0.252943456012643
-0.609806492118367,-0.447212873149603,-0.373067554400623,-0.390504490142961
-2.07581147521027,-1.45648332772416,-1.01609738391866,-0.757158035174968
-1.33956536141978,-1.25641926113874,-1.17041808482752,-1.1105033569158
-1.41721253522838,-0.51198009779652,0.0347689725749544,0.287477400354451
-1.03032031172064,-0.420448234435813,-0.0573304809109416,0.0932641015627667
-1.58738305817037,-0.840655195386165,-0.39466345153951,-0.208912016747104
-1.15285312161866,-0.658362405875061,-0.346722570310475,-0.218851467277401
-1.41715869892663,-0.736985318642541,-0.363287089172583,-0.22390276808648
-1.52128080588663,-1.00791442268506,-0.66346355974413,-0.500176312349565
-1.57243887067826,-0.913966300684576,-0.561082063711085,-0.439949102776367
-1.58079607792369,-0.954835602258508,-0.494288654969401,-0.2079068661704
-1.14757028047059,-0.707733046538937,-0.424224193841938,-0.301963020107557
-1.38505795659751,-0.945953338247292,-0.690554880835335,-0.600440623418232
-0.940812186045715,-0.367843036853765,0.00187022333854278,0.18060053677818
-0.284498098489588,-0.0311336133664968,0.085708950412843,0.0645062925161824
-1.66735329690814,-1.25140231560005,-0.970937692535032,-0.827285270919917
-1.74840062969677,-1.0004148300316,-0.535672598422028,-0.315888299072476
-1.33241361439788,-0.698617379134348,-0.354588196842069,-0.232653976268725
-1.42755401809653,-0.907714349069588,-0.553315674277599,-0.378173196294934
-1.22780310104555,-0.570542005438679,-0.163021512387794,0.0123760964951466
-0.442976529594071,0.13128311776382,0.474290039856307,0.603324165578086
-0.674783402248098,-0.509087418144885,-0.401144060481929,-0.37049285492898
-1.00592430860647,-0.390207502804088,-0.0921871114999873,-0.0217660979039586
-0.965513501095297,-0.321093137124063,0.0879127871391295,0.261979834326368
-0.985621680836273,-0.638021785108089,-0.407729837329849,-0.300223863845922
-0.879776738946031,-0.427228940350153,-0.162927078814734,-0.0418689510199122
-2.10441991445226,-1.30055356047099,-0.876509190881711,-0.71757923525385
-1.95320573133239,-1.384747284015,-0.984668844582072,-0.732034387765987
-0.635205027216421,-0.387303872201436,-0.289671732621709,-0.311780666875446
-1.11548489390527,-0.659660887004375,-0.400553190014086,-0.314044313350039
-0.949525865044158,-0.317923847138596,-0.0619915363594565,-0.0836742896526243
-1.02014682348055,-0.643601112908995,-0.386854179154655,-0.263890989572936
-0.433082283682835,-0.0447915934873666,0.210449985632769,0.321760917714072
-0.633772554238949,-0.108764984506487,0.249014476298581,0.425022973968615
-0.488625393034616,-0.230140067580878,-0.116917703306888,-0.145303833393696
-1.45852174566904,-0.918877637628633,-0.55349131743542,-0.348371572840215
-1.08526936919694,-0.668229262505857,-0.434382272173081,-0.38737382179241
0.230545065401898,0.552844138933609,0.724803789248933,0.730800824171193
-1.16946293881451,-0.50228303441524,-0.137393504721318,-0.000227705470530526
-1.28620801322465,-0.870630362505036,-0.644301587915051,-0.599691163306321
-1.59382258154957,-0.83108350304683,-0.289558272650155,0.0364788177456431
-1.45873734116672,-1.01199411948084,-0.718393080768677,-0.546241561617842
-1.96976256005323,-1.76527058316032,-1.61089856150151,-1.49513628069324
-2.4276041402556,-1.75023563264492,-1.22503462172432,-0.868536894660381
-1.63911800584702,-0.949320087447743,-0.445848723498892,-0.140856804996068
-1.54896161778951,-0.787307157184037,-0.333889937017603,-0.146265056668408
-2.29064307292347,-1.81829562094963,-1.50150271703698,-1.34595775497626
-0.955298099473485,-0.67251993216457,-0.489616865903817,-0.404480876286696
-1.4811737073798,-1.06342835194102,-0.797348918962268,-0.681929136485564
-0.42809581427564,-0.0456903500321025,0.150496971503961,0.187874484110457
-0.489455336905323,-0.157224375073571,0.028718829539221,0.0804443673357257
-1.16636325452264,-0.83125391814996,-0.635689318753481,-0.562085482927196
-1.08150855221423,-0.637834761373192,-0.347921896824121,-0.20213644675342
-1.14796169482463,-0.620342109986559,-0.313483185562125,-0.205860694464335
-1.24994687233746,-0.901472041365517,-0.718866567209865,-0.687643541461364
-1.63614479184884,-1.03079202517042,-0.614430817996011,-0.403302504807492
-0.427718181132202,-0.185236306433301,-0.027214592336764,0.0387165981512697
-0.806109378800726,-0.537391446758789,-0.402041474684286,-0.408350909125914
-1.56674883901082,-1.08692891456235,-0.742554729666667,-0.544471455116204
-1.82685157243638,-1.47050959191783,-1.21307458702134,-1.05686844315649
-0.430914083119334,-0.0857202341552374,0.117995971867842,0.176089193815113
-0.900008559115803,-0.596397513034597,-0.442754829060854,-0.417136619564852
-1.27613021830529,-0.740139494348735,-0.400486808908572,-0.241810244435481
-0.763850978747104,-0.402538379230664,-0.192256775223833,-0.125805756785611
-1.52504840493024,-0.886943262045717,-0.402761055385063,-0.0674464606919694
-1.22198703876904,-0.86254474013486,-0.654152657782128,-0.580975191729335
-1.24910811612348,-0.843464813123707,-0.569390031590816,-0.428291104885308
-1.30016577073876,-0.810890271343144,-0.482299925318747,-0.302585285954921
-1.94801108844787,-1.37546321496717,-0.962188974792942,-0.724869930632692
-2.19686308220142,-1.74259840712343,-1.42961461789528,-1.23852307945375
-1.5570732974733,-1.08457976665678,-0.852945683410303,-0.773731453232584
-1.34996335824459,-0.805644855860973,-0.450871638040538,-0.2531037054522
-0.953677270474197,-0.369786876503556,-0.106498661461233,-0.0578284936219323
-1.10335367041841,-0.825312098115459,-0.648893408669887,-0.568576639496559
-1.4818263511853,-0.734306781921615,-0.23724016551755,0.0385219311452135
-1.91300720132683,-1.30422776847012,-0.908763306297776,-0.709104539173356
-0.987912337551369,-0.195893079216627,0.325866726022019,0.597801708159062
-0.681085681315008,-0.216875673467871,0.116744538338757,0.302449483309178
-0.93342579034124,-0.633511504106135,-0.440315857210387,-0.3676702752923
-1.30566567860067,-0.7229836673771,-0.40185080727935,-0.294359227733073
-1.89520347259805,-1.37270201783051,-1.0574297035149,-0.94398321212134
-1.25279067687552,-0.912854920457133,-0.710879447927495,-0.648792526536574
-1.15162505084216,-0.676942233134979,-0.398792333120265,-0.290654914907695
-1.31529474171711,-1.06795818391007,-0.925691005234204,-0.883135922038802
-1.35535805401139,-0.539506723611062,-0.128284090886888,-0.0117321345880873
-1.8593417572551,-1.29331978801098,-0.955412190077359,-0.822344684345792
-1.13688620690486,-0.58883542555219,-0.275181336867093,-0.156728045750405
-0.546351967020586,-0.0533028062177872,0.218434898437938,0.292147593328519
-1.01598781488518,-0.720507051395797,-0.552749748714695,-0.503349611241117
-0.95713844260405,-0.573552118737585,-0.409100700618696,-0.416446464075531
-1.16293592435597,-0.633528143300727,-0.25032605460093,-0.00653663615934572
-0.846576668228505,-0.307022007852552,-0.0239093290332565,0.0523429710035151
-1.55765358855231,-1.38893870859583,-1.29002013799306,-1.25401769752176
-1.77545121125924,-1.09408252127234,-0.651104013637819,-0.411561206006757
-0.396859594056796,-0.101018358513604,0.0677604702662833,0.114390702157109
-1.96359051552779,-1.28123463711284,-0.826796719347731,-0.572038477807075
-1.2596883699616,-0.954444441046634,-0.772789066455607,-0.718373682691929
-1.02056614196129,-0.60155020947503,-0.327160388937442,-0.180316353483563
-0.734062067757431,-0.602119690525587,-0.528555427974194,-0.52374628480301
-2.15238817047266,-1.54024267817633,-1.06901533663676,-0.755277679110701
-1.60200709867843,-1.30937808811323,-1.14925866692962,-1.11394860901704
-1.46039335666628,-0.973279007288535,-0.668592788922548,-0.510479556537043
-1.66065243472952,-1.10068578712543,-0.751078602704453,-0.602557858733931
-1.43402004097792,-0.586618656459227,-0.172938870501494,-0.0357213109218534
-1.24460341618849,-0.473512323972032,-0.0593732667371927,0.0780177231743912
-1.41877259847221,-0.767458691960539,-0.341171303176759,-0.113797100164314
-2.09220316794078,-1.03196479459872,-0.360732451570901,0.0044638195925028
-0.440525187645269,0.211840807459192,0.528554318257333,0.574663683882307
-0.770062286607529,-0.174433200200008,0.210952590523544,0.401423950266037
-0.723586104919514,-0.329245072957878,-0.0797964149446815,0.0437021220405577
-1.36364404808893,-0.754821104364449,-0.392597163554777,-0.238460043197309
-0.503924370821289,-0.197529225078091,-0.0236309461461422,0.027139335476686
-1.05248571571309,-0.549840159103664,-0.229670344454917,-0.0809217640029735
-1.40368456080611,-1.06760449964891,-0.849065931346334,-0.757646926102594
-0.682244169178034,-0.256326509979746,0.000916064452132812,0.0994786134660288
-1.02428501597661,-0.823336667246275,-0.718211786880125,-0.706888250410191
-1.57037891139434,-1.08604633336133,-0.816029853726619,-0.733266374417936
-0.913713581709411,-0.500134526908712,-0.244669431798219,-0.131576620760464
-1.56534041818876,-0.949849578100699,-0.54033804574568,-0.331528714891073
-1.47191559495031,-0.859284601743867,-0.425462003445049,-0.171046287569951
-0.460406623880717,-0.0666696643789075,0.12251482172514,0.140076069325217
-1.32893749520529,-0.790713306281533,-0.422728993215493,-0.225269147624384
-0.984523423914054,-0.461196645389356,-0.154432750134415,-0.0326741920769076
-0.742279127891875,-0.341386523896227,-0.142953722972689,-0.143766993016229
-1.45277529175471,-1.03005115587789,-0.739572836615311,-0.580452935095434
-0.353073437547271,0.240867641906255,0.584940265021268,0.688363891766226
-1.05921465996618,-0.534130946127067,-0.175800219084048,0.0219297811037437
-2.05163953191123,-1.43485308528783,-1.04335628560161,-0.854921930077795
-1.43029997499503,-0.763879453438714,-0.378639306215215,-0.202088490741925
-1.01363367964156,-0.637158366700819,-0.432900435984405,-0.364831754016888
-1.02438760834302,-0.331996650534748,0.165772182569066,0.464436573328924
-1.71566723123875,-1.06216303679882,-0.607895740473083,-0.333535186970291
-0.730168755863048,-0.65195557022116,-0.616852528166903,-0.638791810805811
-0.249270007871182,0.0629436986019843,0.239319017780868,0.283712076518578
-1.5561518487201,-0.922339348080114,-0.543872530803532,-0.395041543417057
-0.417892985476996,-0.0999388857298276,0.0694591361803289,0.0910558594540921
-1.44849262109241,-0.846537480213063,-0.531654119452913,-0.405729756304448
-1.62770387166653,-0.829869695219178,-0.236628266252632,0.146161152579299
-1.47536725337178,-0.94299859233044,-0.614926261800263,-0.460077924258299
-0.962462011744469,-0.529061746715431,-0.202493694619803,-0.0110633295824274
-1.13568634829634,-0.814544649248881,-0.623307931444342,-0.550495675804386
-0.361538064241434,0.160487045396672,0.459163578091225,0.558382846856067
-1.37271049935173,-0.707558537369944,-0.263203588455985,-0.0363915991376962
-0.824353151239892,-0.499438403911506,-0.323024181050863,-0.291266584936363
-1.08932910788829,-0.673694237013289,-0.458732913191418,-0.382361451097555
-1.42581962509089,-0.912793920432956,-0.561981762267925,-0.375788847180849
-1.12780879338155,-0.79122301444354,-0.645098285251169,-0.679732761667839
-1.00567886767861,-0.451580715851059,-0.141659743922126,-0.0262131804889721
-0.940882408972055,-0.676001366372643,-0.527825584179018,-0.507116129395254
-1.59848605370248,-0.960456938756905,-0.518964022753194,-0.271097706041441
-1.06954926752564,-0.595882912570508,-0.276059124898794,-0.119458770880174
-0.25591270469521,0.0239306926570998,0.140619973411218,0.103908626756571
-1.22663183927591,-0.736806824873768,-0.449383943007743,-0.345564215191572
-1.09629720529631,-0.695557317113432,-0.494910566414629,-0.447043052389648
-0.922309734092182,-0.347065875982169,-0.0711691614336847,-0.0234581822976856
-0.738390142458528,-0.390208740127545,-0.221891022380279,-0.206141607172357
-1.19430579804877,-0.507258564059456,-0.0250192001111218,0.250692232358153
-0.766437336440733,-0.514795813183572,-0.348119366980747,-0.286351820488848
-0.627352050287156,-0.0593072853585069,0.267667836694044,0.392546410024809
-0.854026315582715,-0.424706435334151,-0.186939213284004,-0.12777495984288
-0.675378877991505,-0.135393506682148,0.139222835513255,0.206299386572405
-1.11506368462643,-0.492276034287424,-0.126264680894344,0.0285547042048195
-0.796451468605321,-0.460139464340838,-0.254037135916961,-0.184184451566702
-1.07245219509898,-0.640652643855892,-0.358663407332563,-0.23092892445473
-1.76539563114897,-1.06585461036692,-0.61486600519072,-0.387690651330359
-1.09136906084561,-0.403625108634194,-0.0135224083166154,0.110232980336321
-1.39402488147461,-0.893107027202512,-0.559967113772205,-0.405299674094545
-1.52668386052605,-0.922533141531491,-0.558439476284345,-0.386553188358377
-2.05444218776977,-1.60274494584204,-1.30264418574807,-1.15756118861109
-1.27317516607373,-0.648310425393992,-0.274006929427694,-0.112677553655136
-1.45808754957612,-1.02074437657524,-0.795194919599266,-0.727309650416251
-0.839818811707258,-0.472971103759029,-0.277454957138326,-0.242474059713904
-2.03245982959195,-1.916852392204,-1.87023659108595,-1.88258186357286
-1.37797027187421,-0.827091588329287,-0.576285978672262,-0.54020319812457
-1.67762326325257,-0.909483503575023,-0.445803367878039,-0.236195874718486
-1.26971543575118,-0.663393078640688,-0.396402974816216,-0.359622199480038
-1.85629339325188,-1.32047598971114,-0.909106901447356,-0.650348805356947
-1.50072430852852,-1.00420849933984,-0.698912597696155,-0.566609362060743
-1.17234182017397,-0.613844061819742,-0.291229472314395,-0.170403764254887
-1.45920399490562,-0.891782490666959,-0.546463729383751,-0.39272783851718
-2.07087212388691,-1.40113984929507,-0.993308740453736,-0.796899515070567
-1.08068479347274,-0.67714246948755,-0.397131984775744,-0.249951156833593
-1.77954997129297,-1.3157430576923,-1.06089110200025,-0.966265781842838
-1.83432720549041,-1.10140893913969,-0.606837931307149,-0.325299676075048
-1.25637640665745,-0.680524779701437,-0.29881319951505,-0.116984200355624
-1.20492815445744,-0.713182606250081,-0.467669973449604,-0.382170542688569
-0.856978523798854,-0.642989782924374,-0.546208870446691,-0.5564387217003
-1.07306120371519,-0.6260371161119,-0.358653813954168,-0.269435313552056
-0.510773489880006,-0.287403504728142,-0.163164589043467,-0.145885021365284
-0.250103596599011,0.201781576919145,0.41680376436644,0.435614254297135
-0.67007450778502,-0.368112593628288,-0.203007480101198,-0.186380391870725
-1.66197290665259,-1.15440982172352,-0.839859950927367,-0.709403808450678
-2.22133222881091,-1.62455471082846,-1.2727229117289,-1.11900901264549
-0.774935864392571,-0.53049407512397,-0.398498202452675,-0.377985600444188
-1.12779803065218,-0.774578528541034,-0.545345101625372,-0.451034178171136
-1.04890945801998,-0.753978837612173,-0.560805741479054,-0.454664045126727
-0.586537800647685,-0.285788925795371,-0.169282332386517,-0.2117831988263
-1.73746033723254,-1.12543886681928,-0.770914903996371,-0.626034375406181
-0.819744330655819,-0.540247734414346,-0.391900800341842,-0.379465263205937
-1.70198097036995,-1.05931820784394,-0.646413359268536,-0.441466673219745
-0.770764674711459,-0.00740404676075292,0.466837183628915,0.676915875182361
-0.607932387897448,-0.280223336414939,-0.114747098720753,-0.085492354161798
-1.0366519691129,-0.560532015289454,-0.32523854030794,-0.292831253492369
-1.63260881363509,-1.06358008701821,-0.702140609748783,-0.545882640740401
-1.2709110146177,-0.768177819334552,-0.46331035953136,-0.332725221318362
-1.55784017498292,-0.997266876717686,-0.633533423325521,-0.450038962904508
-1.32053074115196,-0.61383110664769,-0.203844723500509,-0.0297018380472752
-0.148779396887785,0.00757854608357214,0.11944730320655,0.163985363354072
-1.25436773354074,-0.647018479127457,-0.294257910299963,-0.167758115330662
-1.00626289884391,-0.391169783709232,-0.116598492820913,-0.0937592354054439
-1.20681416886737,-0.867569573656544,-0.643003300436632,-0.519733527901957
-1.38905856825377,-0.701912744886528,-0.296450693110744,-0.120120507049
-0.687923421523855,-0.438982092998121,-0.303725929809883,-0.280988561561101
-2.22161372372626,-1.53406734295276,-1.04480883666971,-0.748267583585805
-0.850028645164787,-0.571205347625315,-0.405022754523129,-0.348692318559665
-1.76496073854229,-1.15794743336868,-0.775630394295127,-0.593958580782032
-0.729329993730005,-0.323435510900992,-0.082546724222089,-0.00839307310192858
-0.858712035567932,-0.22908533419942,0.141258036911651,0.254395828358863
-2.14263493053356,-1.58843744528603,-1.18961505860258,-0.936646127386178
-0.674868786665527,-0.449931862287418,-0.314637782548977,-0.279745765353834
-0.971656721263289,-0.695535149440943,-0.53585023957557,-0.483662897468629
-0.214397784392472,-0.00144055902144982,0.115371161350442,0.123454564881806
-1.73729205619213,-1.15729887236106,-0.774821636547083,-0.601510287907424
-1.54217947548333,-0.954744854662538,-0.507539069846817,-0.210359164268804
-0.103701598023571,0.281222146981348,0.48951371369388,0.523926590638927
-1.57170712551837,-1.03683336624829,-0.74781003835332,-0.646283317725652
-1.31991592427628,-0.826745023790836,-0.569835536109462,-0.500092133256767
-1.68367070353546,-1.22749027332286,-0.906517753936616,-0.71882919686654
-0.37509505262035,-0.056718174004351,0.115720948120715,0.141854164684389
-1.46650490320957,-0.788848222054132,-0.381646465316567,-0.181784334672795
-1.13812624491804,-0.433921616533681,-0.0619747725510511,0.0469867919748641
-1.08391298196567,-0.699940025203999,-0.488644623883699,-0.419964875030509
-0.34904929627425,-0.11102104108404,0.0515122315573585,0.124523068743674
-1.76276573614796,-1.1235891418063,-0.74268545335871,-0.599580508416849
-0.902139042196252,-0.405376739075095,-0.0812214496338782,0.0658767714953234
0.110498211027096,0.324144376626463,0.416385970551041,0.374464236002441
-1.40603461920083,-1.02299205725258,-0.78212563764496,-0.693289925765266
-0.716330317030505,-0.274363872237016,-0.0259402430089299,0.0427242933080114
-0.818936461865462,-0.31053161901664,0.0362801292161902,0.210094995009321
0.0434510986495171,0.494087280515112,0.745349867936052,0.791375215585935
-1.30209343262717,-0.854560807302741,-0.553684760644015,-0.404339116623489
-2.01976281560971,-1.66016624764215,-1.39814448974154,-1.24255862341204
-1.34613555340787,-1.00300537023993,-0.83430629833924,-0.828462720133276
-0.684906791877623,-0.281502210324484,-0.0518150719428484,0.0234302834829935
-0.575090343199764,-0.157785001140288,0.134555069042129,0.295293706816694
-1.2660140062926,-0.452215719791728,-0.0135560473223526,0.127701567456825
-0.66370458344422,-0.310227478837524,-0.136392088369876,-0.132135587107511
-0.257524282042614,0.290123365755159,0.614013243348349,0.708974958890293
-2.2929313588183,-1.56464921939687,-1.04166965830968,-0.693735863205329
-1.48794257826636,-1.06986478775615,-0.748559124192499,-0.525272801781061
-1.04466548190779,-0.410126995117192,-0.0802193103216034,-0.0165629080587423
-0.704768488491964,-0.392889117453828,-0.218178346105103,-0.176292449530586
-0.096484166355474,0.0210618853716924,0.0898497984947764,0.0759246695440631
-1.03980051982839,-0.428119760242605,-0.10965271196645,-0.0167613744766711
-0.635024103598924,-0.364539031143694,-0.233385916408495,-0.230870745925013
-0.584268546585446,-0.0940341172603794,0.185396337111623,0.261305062884212
-0.869014911231794,-0.31363057124584,0.0550448990566105,0.230228239862318
-1.20047306888895,-0.604068721199319,-0.256250778345219,-0.112598915824215
-0.811841951602487,-0.221036222789504,0.086273172461591,0.161144400100304
-1.70547957358193,-1.35849191040579,-1.12036833303926,-1.00116917240358
-1.16499897874216,-0.720680248012265,-0.466632542117866,-0.345035262833555
-1.62245973519041,-1.13167880006251,-0.820968913036375,-0.656280209618384
-0.748858548645555,-0.494720822722224,-0.337166854224168,-0.292897405534727
-0.781431996632714,-0.353783159935992,-0.141073569901205,-0.12192709931355
-1.73513718094578,-1.40863301900853,-1.20364026941174,-1.09701111876098
-0.632220138174831,-0.30315109346573,-0.161018972905741,-0.175393845669366
-1.44403093755188,-1.05138062750651,-0.783908996647026,-0.639566627496149
-1.27762049922916,-0.76730620637094,-0.471411774429458,-0.352794366116764
-0.606168607382719,-0.161187628391231,0.0445050740153178,0.069604916475659
-1.11081133476929,-0.959897412906757,-0.915065777457166,-0.97824937603093
-1.48538321059652,-0.810353939980665,-0.437516258243062,-0.305679017084819
-1.01384059341395,-0.486353165537262,-0.130610936544128,0.0496216749967204
-0.785993165927657,-0.322369945971209,-0.0541341502099707,0.0337679536726803
-1.04984302540576,-0.657110803028115,-0.403023531772888,-0.273292900672089
-1.32870116602977,-0.659428312291634,-0.215548629249665,0.0219279051598675
-0.798881706225777,-0.0836586204335559,0.406228907216021,0.654410320376133
-0.933280160230964,-0.555613166841686,-0.299247727998179,-0.161586022159848
-1.73487569711372,-0.958671748887675,-0.476667707796363,-0.232456906550987
-0.949536048187657,-0.563415099521916,-0.297573590026197,-0.149398512945648
-1.5652407665009,-0.953056386482394,-0.55303359404783,-0.33689930864781
-1.97424374070731,-1.34826277058421,-0.948192673496946,-0.739596287581846
-0.745340037956109,-0.518459344515899,-0.437849277831573,-0.492737114064876
-2.13099752875557,-1.33794252864002,-0.840239444976284,-0.57151342196794
-0.778154143812155,-0.48404799969949,-0.295020910507645,-0.215921157985065
-1.75131551316446,-1.17773303695707,-0.765533321767906,-0.521860407592468
-1.49422988701456,-0.830155730158823,-0.415078535805817,-0.223900507514362
-0.603805784549491,-0.223871728655185,-0.0418035082118176,-0.0516438756924988
-1.13786916049301,-0.800454258841323,-0.6061641093313,-0.54100423065193
-1.58362971328863,-0.735675320331514,-0.141374628276623,0.1973102929915
-1.62195263388418,-1.14370772587724,-0.837875732797978,-0.702843142543113
-0.781770119799088,-0.295996866756202,-0.0215382136754734,0.0768499926684742
-1.48884506400668,-1.04443855896275,-0.748149359259444,-0.582632282571573
-0.546705222737301,-0.15911524873212,0.0647660429887421,0.143289002612954
-1.41435362084987,-1.15131615136766,-0.985610573404972,-0.924256493542317
-0.691957761113679,-0.259662589867901,-0.0293434878375376,0.0216568900091275
-1.12465687711589,-0.812289277714738,-0.645945615103227,-0.622332586006405
-1.1718914097853,-0.5626598520521,-0.230714935765536,-0.117058506495726
-1.50564249667137,-1.13953642128348,-0.890877226950423,-0.747431966756588
-0.79521324991773,-0.359724725632601,-0.113162119369405,-0.0331657875192316
-0.776539714729848,-0.675850128005938,-0.598756089156485,-0.585295246859817
-1.05481241299209,-0.378340750465192,0.0181265395304906,0.170015183195753
-1.12329489283893,-0.527278335889543,-0.214221189273865,-0.125345259574904
-1.36907988825935,-0.965141616862523,-0.730776453895505,-0.639603801643559
-2.19192131806977,-1.48456748016673,-0.997992715703699,-0.711420458224805
-1.14505945343125,-0.751063989374818,-0.576303877486113,-0.569330326341475
-2.09484103236442,-1.53746328781133,-1.15338156282853,-0.942161806600941
-0.766564982368123,-0.264184004005264,0.0856331694877448,0.27233407267393
-1.85170550680142,-1.44929276653437,-1.17573907043334,-1.03113006176621
-0.76079852983311,-0.422051837678179,-0.248001792653717,-0.224834821825485
-0.94652206383161,-0.273549887705446,0.154820879518446,0.345475171306373
-1.66140732616211,-1.18065382465717,-0.849816726479884,-0.671081855565984
-1.86753339008057,-1.19040159409132,-0.747834511118532,-0.526129048575005
-1.06452397576484,-0.318105606150939,0.205195561969651,0.482685116257647
-0.631777230332029,-0.317721152997347,-0.157411767588858,-0.146389529374784
-0.495863012163957,0.229803905984283,0.620719259808263,0.733473479411219
-1.40550891459837,-0.866729821554604,-0.537429352311786,-0.382363212008725
-0.945858163438758,-0.362427665182239,-0.0262745532266027,0.118786028508972
-0.753221251573412,-0.309396833518029,-0.0264177617545619,0.100735684506095
-1.13776511851788,-0.648047868711124,-0.431684759965731,-0.389140612839342
-1.39522590978659,-0.945943730575694,-0.71574134603852,-0.651734323743639
-0.355004783877142,0.116229039397682,0.428707118646897,0.577137158878408
-0.392002445964148,-0.214339548382618,-0.149959317224312,-0.206182622439042
-0.257364028535907,0.0507124783593294,0.194382454913858,0.185816203194054
-0.316904517204362,-0.113955246805839,-0.0167849070234184,-0.0359743537791535
-1.48833888648245,-0.767163453837235,-0.321513246788495,-0.138385565685699
-0.919791302442446,-0.447048502957465,-0.183687556379558,-0.116989927697987
-1.73433317458998,-1.00227416690721,-0.580396013434,-0.409723784844041
-1.1294935066206,-0.546466205917063,-0.157704200476901,0.0414988487506619
-0.521343964331359,-0.108273608158122,0.122312308278539,0.194171536506097
-2.60147537864144,-1.74804428445763,-1.13758963985699,-0.740443170574623
-1.16092948878183,-0.55472550657081,-0.234680925223993,-0.130326741790057
-0.854848076667678,-0.250580331332533,0.0516310602466503,0.130726423786151
-0.943318469888223,-0.393769465313551,-0.0517322294186176,0.085833279181734
-1.89565691542136,-1.44188175766946,-1.15627738813258,-1.03320250423711
-1.69751423245838,-1.18972018020958,-0.861363763676021,-0.713740739460169
-1.03849754503407,-0.584203550336662,-0.33888362149271,-0.258012042966344
-1.63026382997789,-0.983252864767034,-0.519548174028991,-0.235683527724995
-1.12704670778055,-0.420815384593675,-0.0210126513075887,0.148283572245143
-1.16499152490424,-0.608850073606543,-0.263155438199205,-0.0986929734728489
-1.14276926243271,-0.576719202533738,-0.238883219082589,-0.112575334279208
-2.21320747387169,-1.63843979452462,-1.27344953821008,-1.10269404370467
-1.49752568499849,-1.19602018697047,-1.00232538846777,-0.909260562228574
-0.817756686445893,-0.45792695695531,-0.22491680565915,-0.118774045663654
-2.00857793800864,-1.55470709709602,-1.20901135836757,-0.995280815890549
-0.461324573044258,-0.187768695462954,-0.0561240209919083,-0.0531102215508667
-1.15895605785812,-0.683938556297007,-0.405075465603382,-0.31655711302599
-0.892532343740212,-0.415839008119715,-0.104688044642039,0.0323535794870347
-1.37961866648104,-0.824879827177112,-0.493838050681262,-0.383849537403345
-0.949734131397378,-0.496242465717285,-0.226287262436057,-0.136283525097118
-0.472115925463247,0.00721719875997169,0.321844086943561,0.462846944554897
-1.26110210535487,-1.05299422653048,-0.953850794874495,-0.969398389502806
-0.98105758129405,-0.499609497919017,-0.303150157585848,-0.307401840176609
-0.795204991552746,-0.678241532451437,-0.641014461775323,-0.691406829259522
-1.00646808890916,-0.518838755077805,-0.286978461358473,-0.241916478393932
-0.957579202235107,-0.189587716079121,0.223063954853599,0.375575721898036
-0.975130661446881,-0.628722862660997,-0.37809381758047,-0.23608894209489
-0.437493974510909,-0.302173982293457,-0.238569662805909,-0.262888262412514
-0.0267994660823182,0.0609772371037144,0.118673668902311,0.110860415503843
-0.51988883922493,-0.457251896951676,-0.491413935235024,-0.641145956052864
-1.21583556278353,-0.755676687360871,-0.418649271484536,-0.214354493852043
-1.43110799241744,-0.88940043099389,-0.50188889142691,-0.290020522298357
-0.0355999273803241,0.384636616324736,0.635431295850984,0.712982434400858
-0.951790479478921,-0.465437839458746,-0.209587212065108,-0.145269789526255
-2.2176709969057,-1.59637310952965,-1.16950464463015,-0.90775484224576
-1.98251443260498,-1.66247841703978,-1.46967128578496,-1.39187415352158
-0.99105291904075,-0.180691946084251,0.271828563970808,0.417119534419691
-0.654741913533295,-0.432084529556698,-0.298287919574603,-0.254721708198789
-0.901494653027807,-0.328238354148827,0.00205938535523587,0.111656646490615
-1.64861266684794,-1.09137923441155,-0.724158718875167,-0.555686299654585
-0.465585525127786,-0.035567674838853,0.110967107615697,0.0503307766538655
-0.704776431508457,-0.444370155835652,-0.279855519333541,-0.199482000442132
-0.743919771900066,-0.336178584302175,-0.0898630361673652,0.00146516287593329
-0.477017221450222,-0.300859446247909,-0.187701431524832,-0.153995942110527
-1.27165245852508,-0.992954536617051,-0.791220608755618,-0.666818066065034
-1.37521255650482,-0.940695034101362,-0.666400189841693,-0.545456827936689
-2.01661190286271,-1.49121912626255,-1.17235141411103,-1.03818804934639
-1.31815563497956,-0.62800513289738,-0.249463801756538,-0.111661361271984
-1.56166790738647,-1.18747035821502,-1.0002115846179,-0.957432276246357
-1.58748524330322,-0.891524760208883,-0.397574109029416,-0.0820477811296058
-0.66686247256198,0.0256012247261024,0.374254264838938,0.458522509621647
-0.754157782051342,-0.163779445891194,0.201945305608858,0.361719273015566
-1.57540749205447,-1.0029578704601,-0.625405588079776,-0.417385583662736
-1.04086719263567,-0.584438939174373,-0.322785085202915,-0.217174872964443
-0.420676658891013,0.0155794850361231,0.221151325627069,0.227020800626637
-1.24551634207654,-0.724513403944131,-0.381487911578235,-0.217822878322982
-1.43356225760946,-0.914492223255612,-0.604867013706413,-0.469829555078866
-1.07776075005667,-0.429893124838902,-0.0716393825081164,0.0494215542245627
-1.35346051426543,-0.940495635080028,-0.733529717128511,-0.673961673928128
-0.106386434145132,0.272771252660069,0.535938575706707,0.666511418323258
-0.864159643030506,-0.65889389291741,-0.569946362334163,-0.580122238265819
-1.2747323842883,-0.769666739288201,-0.489677543472976,-0.38941992972048
-1.35284550788089,-0.73182034817132,-0.337228385714636,-0.164588452060824
-0.896101575579839,-0.473499647306718,-0.26898848477031,-0.24423851390888
-0.206525386886121,0.118572054078219,0.358599695289726,0.480268447749417
-1.5543208540714,-1.24492692448835,-1.05199319113142,-0.972285139568021
-1.37499734163487,-0.726602020818916,-0.280868567239605,-0.0263004523147673
-1.61810349825867,-1.22171609401458,-0.947000216118904,-0.799535996668768
-1.48884881420191,-0.676749112461459,-0.165208393040221,0.0534707160222641
-0.837293423319188,-0.175041287557003,0.132108344506861,0.215947389456267
-1.23084669156568,-0.806147726379745,-0.529593943579838,-0.392561907744235
-1.24555982927489,-0.780699363209737,-0.509719717453205,-0.39715388079826
-1.08466885602362,-0.515010256175168,-0.150497086774049,0.0238878098187475
-1.97841603867793,-1.19492413401349,-0.674535782149307,-0.394504531456481
-1.12808758885001,-0.706472905803841,-0.460938437574252,-0.377928494578368
-1.58524726923838,-1.19235974013187,-0.937993600937073,-0.807413797907152
-2.18019808808329,-1.76270260281415,-1.50085887879051,-1.38631026212453
-0.9379970821376,-0.727324565141437,-0.625741067658382,-0.641155974527346
-0.659295527651877,-0.312607917842231,-0.167919298672288,-0.195436613167564
-1.24808782628242,-0.680950725196193,-0.311499998145336,-0.12268603572559
-1.62565036648814,-1.22024810436664,-0.979008562242595,-0.887951375544269
-1.59466733440981,-1.06830933383977,-0.760898854843997,-0.647310133630604
-0.835197976874088,-0.669875419662598,-0.568567606652507,-0.543497451875795
-1.07809652986196,-0.445631980993105,-0.0596146891203182,0.123532912223754
-0.561297091745673,-0.00413444998571536,0.310182754899486,0.42335744801685
-0.658528909453278,-0.0401906902366401,0.317741728735765,0.46136412245689
-0.666129091592799,-0.246077000004128,-0.0966069955355247,-0.152438258702829
-0.923343109924013,-0.211478983264696,0.328243951587721,0.675088237116559
-0.568967260826557,-0.446586010110043,-0.371486380209761,-0.370942571614392
-0.695065315717431,-0.131824084162114,0.198005275006802,0.323172086339373
-0.987740032241943,-0.622348133434419,-0.437520852255074,-0.399974885435277
-1.40901510724169,-0.646904644978744,-0.164789411089691,0.0564992828890757
-2.61870581529413,-2.13728239337893,-1.79697237268753,-1.60106932353256
-1.6996768271957,-1.01205143867882,-0.561550610928041,-0.327519992363957
-1.75379038652339,-1.18872138394048,-0.817871655025086,-0.618626987022887
-1.00360303476026,-0.813952051172349,-0.703581707654352,-0.681676007672185
-0.291217203963157,0.0507526027864413,0.222987220505131,0.223287670438647
-0.577735260885775,-0.266709153711341,-0.117533428476009,-0.114626390643775
-1.43171393004387,-0.846048339917798,-0.49994887996524,-0.348481801675642
-0.950316605309635,-0.482616950357527,-0.199200568981267,-0.0785085658717355
-1.05208415938986,-0.950351485076961,-0.921038184165626,-0.952756932402739
-1.38219171220681,-0.826899799856349,-0.481172006894135,-0.326613672385818
-1.3330536918589,-0.888386448478556,-0.605456629220313,-0.484584487787227
-1.18729684705173,-0.889203384763885,-0.704572834375033,-0.636320388825975
-1.05007130203771,-0.585340215640529,-0.284689020924042,-0.143641877420721
-2.76916261909243,-1.91674438919625,-1.28095316348359,-0.857221686655036
-1.32984803154559,-0.996080537001055,-0.789859566766277,-0.713461452842178
-1.29807821802752,-0.711923916819119,-0.358576203862072,-0.191797504773222
-1.66212708088172,-1.28421527486254,-1.05121795581012,-0.951977940868623
-1.09024918316442,-0.582683333012621,-0.293787503264397,-0.165181554308452
-0.583043273794264,-0.168233328682668,0.0657032914185854,0.137757248712164
-1.78094335576468,-1.36261317130014,-1.06619778128054,-0.903728350133868
-1.69307107859469,-1.13917088010797,-0.781131116286696,-0.587264956019034
-1.1115607389095,-0.463871551319589,-0.0280798029480368,0.21303693583904
-0.977362955729903,-0.454285464489267,-0.161860088018212,-0.0579847005545986
-0.818716456823849,-0.342948022981406,-0.0787786406555473,0.00178327704047013
-0.754657713785485,-0.389175251444017,-0.167954961098203,-0.103924504398652
-0.816966270298687,-0.538568783533066,-0.341384072906234,-0.225838657509654
-1.90111115979944,-1.32578126398975,-0.981984652725937,-0.842774656322419
-1.05992119492537,-0.346296422228487,0.0898335908086828,0.253327767781476
-0.769669344578199,-0.132159432730905,0.213961527606486,0.331198314661522
-1.16610903825317,-0.620086339233504,-0.26253961374461,-0.0814646692628718
-1.42412921236741,-0.935263023003888,-0.604762844049674,-0.434030874088461
-0.919688103387842,-0.480046441324431,-0.170751973786405,0.0040295391887652
-1.49496405768813,-1.14329193793314,-0.928588303255289,-0.846725500695769
-1.7688731649267,-1.24921011000583,-0.967027178576403,-0.896904717960463
-0.88327533019251,-0.494370483441832,-0.280237759097854,-0.238364495824882
-1.29129032895013,-0.762125560866245,-0.430013627454822,-0.287361912169506
-1.52999557716102,-1.0451355263099,-0.792001457373561,-0.707946744494879
-1.85374689965762,-1.29343388242806,-0.903216744274945,-0.679800211532067
-0.529985876281615,-0.119280339888041,0.0672604823471702,0.0593849762166264
-1.64325500850532,-0.994287647971593,-0.563234495060961,-0.331089459044461
-1.00885396747064,-0.541979700526907,-0.273535328579262,-0.165482901880971
-0.38120064591599,0.230334240742113,0.643094485100834,0.852129540847592
-1.59967649923292,-0.821766678724487,-0.313411071472847,-0.0232782506766831
-2.17528573225541,-1.16787447046506,-0.534980320442406,-0.213440338907741
-1.65539114068431,-1.14405907716732,-0.820325566347364,-0.65148093005889
-0.563550139911414,-0.123200360342381,0.085292017195114,0.105840848799901
-1.46636965757003,-0.811556678481373,-0.347769894970179,-0.0841464213381091
-0.770434404752272,0.0200120795890224,0.543533666618699,0.819706730697509
-0.913891486249577,-0.498329550357411,-0.262386818679114,-0.19890634132527
-0.935269845004921,-0.522114319319594,-0.291585533624155,-0.210661918523665
-1.2443902331844,-0.259104638929586,0.257340547702977,0.466110865934512
-0.85844854702801,-0.303638064136567,-0.0191122692874734,0.0373173623359546
-1.68483565035056,-0.946509693728293,-0.423331503707709,-0.100307973314483
-1.62903260974041,-1.12270792824574,-0.807578803810177,-0.648904726944568
-0.243489735851699,0.266515348239091,0.559992682555341,0.636115002330571
-0.914587965889953,-0.243153684826103,0.119100920125436,0.23627122366605
-0.83423252659919,-0.616221286850047,-0.486897073430242,-0.449438323637614
-1.484960854089,-0.835062728328268,-0.436341751030497,-0.264913278273543
-1.74199406417436,-0.922533629559729,-0.538050591885697,-0.434900161071316
-1.86205304006805,-1.32510572090475,-0.983408543880872,-0.814743512783624
-1.83101189189697,-1.5273606841424,-1.37856476706007,-1.36253448400285
-0.930559030669356,-0.454326798369272,-0.164192154199354,-0.0598569011856817
-0.897537897251132,-0.565984611803756,-0.373443613624488,-0.328842523533225
-1.20714879954072,-0.88862010423511,-0.669447450859095,-0.5449566378747
-1.45419167756887,-0.861733195965106,-0.409498014416569,-0.115236163180597
-1.167480313011,-0.638340758165374,-0.308325505426743,-0.15634169234839
-0.908531119393409,-0.174894587373086,0.253124023812508,0.415386548896548
-0.978189762551722,-0.415126611225628,-0.0437998570235781,0.146629765453958
-0.746695484651804,-0.552637292439472,-0.438312192649142,-0.408195663199092
-1.11768450927722,-0.531729389636194,-0.152008774405633,0.0609641205480011
-0.804305186598313,-0.159287029436319,0.19280264578889,0.304048261079985
-0.643157060912516,-0.380776980824642,-0.232393859052233,-0.192905084271855
-0.665169160620304,-0.0910302873180999,0.257305676737048,0.392383115615322
-1.6757389035497,-1.14260870462127,-0.846373120055491,-0.750618479548875
-1.14198866682235,-0.68444270245837,-0.407238308805291,-0.283070930326069
-0.981863725177639,-0.591138934637832,-0.398153843350958,-0.327012797803381
-0.95728227194271,-0.296412465328484,0.0982629753264877,0.254334387500173
-1.41688400345583,-0.83635998215715,-0.527935917909744,-0.407953750379941
-1.19703724530346,-0.619638148628208,-0.261539356672328,-0.103740394531681
-1.94362508256098,-1.07661093130354,-0.608066024601606,-0.410785075708747
-1.22145235033263,-0.679991428117268,-0.311616345881499,-0.117511952539694
-1.25752059992684,-0.817662627475053,-0.577123091986401,-0.497134422689101
-0.467622879186331,-0.453136015830222,-0.510798542083473,-0.656628610330392
-0.972602335934715,-0.593022232139928,-0.311135648740057,-0.127759709358577
-0.701525980570927,-0.011745769477663,0.394535745742819,0.559671207113019
-1.28922719991399,-0.848558193573087,-0.559726003299741,-0.40628500581558
-1.64665138995949,-1.24636971705234,-0.969122734003763,-0.821732730116814
-2.22376164231991,-1.62441187816022,-1.29054438859829,-1.18347278699072
0.0335224005078099,0.215131186835895,0.305779407827855,0.275663441511833
-1.22343741126249,-0.507210172615647,-0.112793336906267,0.0296688231949333
-0.209760717586364,0.0372948313017368,0.193731059579466,0.24571898178154
-0.930871210345796,-0.199230882893253,0.212937850473728,0.39421601533114
-0.73403719445691,-0.541066602176888,-0.446664727758935,-0.46028912649751
-1.81098929136116,-1.23729897303472,-0.869818114500295,-0.693987005014085
-0.879048581858226,-0.327386315290792,-0.0429187297208007,0.00860555408152169
-1.30942246708946,-0.832277387887266,-0.520616326140076,-0.375092778889782
-0.92866884793289,-0.460797824190066,-0.237295241005727,-0.201487531693151
-0.538135428806795,-0.343878202952239,-0.253173374979408,-0.269555730388148
-1.13194403420173,-0.686046402661956,-0.404996297023674,-0.266244130106284
-0.994558505708878,-0.171611371085424,0.334380663139717,0.568014050704968
-0.763782105218074,-0.29151353718515,-0.0127662816616997,0.0791969684055942
-1.76104125301135,-1.40571638281971,-1.15273441064636,-1.00531503236967
-1.91799551968337,-1.44417601665878,-1.11184506085438,-0.911488409896444
-1.75076662143629,-1.37277862983656,-1.1468878302505,-1.06512098203984
-1.74911156068718,-1.1998369960909,-0.83557337407747,-0.639575162887716
-0.447035443857998,-0.0596162991344929,0.188066008599425,0.296829766849286
-1.09296668337093,-0.441888321657674,-0.0167965587385168,0.207902866102266
-0.963675932042754,-0.387085073262928,-0.0380760380681752,0.112213133415494
-1.56823152921635,-0.831447498231019,-0.322121905554087,-0.021238565274267
0.117988972492238,0.28603866648026,0.405849222763488,0.437480386326952
0.0368651863884516,0.273622705024148,0.422393874665217,0.475365257029539
-1.26287841024611,-0.702297712224779,-0.386437718593848,-0.302575097313223
-0.331128556804079,0.199165907740365,0.555689838321011,0.74159638880571
-1.63269355810162,-0.913183184948844,-0.515412419272955,-0.377223719530433
-1.33288126756537,-0.889459543812885,-0.628727619100276,-0.538685406417684
-1.19342252123603,-0.489325789081644,-0.0258104482388022,0.21962761678454
-0.910398928750858,-0.409917042227714,-0.100194840898054,0.0332125248149427
-1.11279879096869,-0.379915216962756,0.0418237182973481,0.210378659917477
-1.0362808044944,-0.61599998005388,-0.358590334840172,-0.252742440882056
-0.455504605447067,-0.0736669416273685,0.0820059287486712,0.0495027532254713
-1.43405812925731,-0.725161888127733,-0.24407987956206,0.022501167028134
-1.3441593714906,-0.80032855847525,-0.454518046061025,-0.287551307664139
-1.85651664690924,-1.32529083642812,-0.953865295594734,-0.72776139062888
-1.41339042012115,-0.744459962277542,-0.283647860632047,-0.0275601140129003
-0.599804563637783,-0.59416091537287,-0.638825464190369,-0.761794254596132
-1.75724084922416,-1.03955947818108,-0.536216807718037,-0.253681456028127
-1.34680763110534,-0.979892024788914,-0.737399175608235,-0.618083573537522
-2.21013703771514,-1.70035685505089,-1.34249873430197,-1.13234670725716
-1.57825909079512,-0.690240549180859,-0.176437546175032,0.0588674999647936
-1.70038474578178,-0.885264661066184,-0.417742268575166,-0.220551121520338
-1.80805969374746,-1.18602680358474,-0.762229920646914,-0.521941334749215
-0.885270401828833,-0.689138692436106,-0.565068074670602,-0.525751549547147
-1.34535391367127,-0.909237949374782,-0.589281185864546,-0.395943511735733
-0.545764233618365,-0.143581162909323,0.0703517709783546,0.11498075664969
-0.319423061983412,-0.135823748014502,-0.0196989517483766,0.0161623232635377
-1.21848513442142,-0.679165647379919,-0.372245307423066,-0.26453986872913
-1.25181042398122,-0.619757575175152,-0.317714744811924,-0.248052862171434
-1.57866536744579,-1.08165761481456,-0.789315580366901,-0.678874052403496
-1.31461259930561,-0.777956736283879,-0.442304295263074,-0.273227214229153
-1.60185034726949,-0.963119521043945,-0.554153882901067,-0.344333377688983
-0.953329819517775,-0.542452756061515,-0.373350184068726,-0.39130070935051
-1.33162405595964,-0.738212440409,-0.318142493175591,-0.0643026773754295
-1.10774007217842,-0.638576923866442,-0.344770206183396,-0.208507714816437
-1.14440880593795,-0.718414276576052,-0.464365476490403,-0.359896339153791
-0.936959371884306,-0.145830882931107,0.388147009904772,0.679657677200737
-1.21017704487369,-0.724931821693979,-0.506675320045471,-0.493037258165834
-0.714955193578165,-0.214762655322713,-0.00774983537285706,-0.0201332634840046
-1.58067480254183,-1.18367374693592,-0.931815490075204,-0.797973111110087
-0.968621702516405,-0.438427823772719,-0.0987040686739744,0.0738912607589099
-0.631793425792054,-0.19943367053035,-0.00427148492267412,-0.00782704955184799
-1.97356716977629,-1.65250875869712,-1.45286539312425,-1.37800670081601
-0.824138680476788,-0.288809425845434,0.0342082066747335,0.15761779112782
-0.679181909327508,-0.186404149631363,0.115144351978097,0.231174816235749
-1.27440561279801,-0.687983081762216,-0.321275679157285,-0.157733460585115
-1.7950896055105,-1.38500883315552,-1.10216122050373,-0.9349985545245
-1.62951713642148,-1.22292486991538,-1.01101718114437,-0.948697144348569
-2.36449001423728,-1.94835470454946,-1.6730860941775,-1.53133840423374
0.172474000300321,0.381384785442742,0.463671824048055,0.394219595149252
-0.873833265906913,-0.288725467588476,0.0621735282088079,0.190143251265801
-1.35636679124681,-0.781114807056461,-0.483719111608768,-0.392018746729711
-0.877626231979797,-0.418063865449694,-0.0905335043329107,0.098516290391855
-0.687251665276724,-0.31693112801178,-0.141959480304429,-0.142688638514204
-1.23277509771087,-0.463348506139344,-0.000636574913890908,0.211676803463604
-1.79826286164561,-1.30618281095868,-0.993963750743077,-0.849264378759451
-1.48116065946647,-0.860467562981575,-0.560435486861531,-0.473206310528359
-1.24926001727523,-0.756954732012266,-0.413688668660575,-0.217939931585111
-1.18021384279262,-0.698920005486284,-0.395076725150036,-0.273803324941786
-2.2806363697546,-1.6756427868725,-1.22935692176666,-0.971738089846073
-0.936553158431713,-0.582017685187902,-0.386630445400979,-0.351753321860846
-0.746070093138873,-0.513072201871346,-0.375064864673171,-0.330112238063954
-1.39573834121356,-0.957162118817087,-0.744654080895114,-0.693075757561922
-1.6710936033384,-1.39565474439757,-1.20620659127794,-1.09819650335639
-1.02591623818956,-0.537197710139399,-0.249416860874095,-0.134648829130768
-0.813869682736416,-0.268338097407579,0.09758763534759,0.283092007321503
-0.736131424726702,-0.687179726951718,-0.659343470260114,-0.670217594485024
-2.35423795712842,-1.66315769604777,-1.21107775017569,-0.981033051123653
-0.679931178329956,-0.217505419831798,0.0350784731325692,0.0939082278955873
-1.80121665964459,-1.50939685818804,-1.3148018056706,-1.20634080702262
-1.08484057080395,-0.802993530071889,-0.677642274931353,-0.667695266245807
-1.6341504778186,-1.07585742048133,-0.780437992721949,-0.658678824288314
-0.736517275434042,-0.313944453377542,-0.061162161546019,0.0345968468255511
-0.917086514158489,-0.915595056178137,-0.938742832051765,-0.994783381132103
-0.497734768081479,0.0794125647581578,0.421575005394543,0.557131087836242
-0.440332817763345,0.0942580632113362,0.415861092362454,0.523122152425458
-1.48676191411189,-1.13434627348165,-0.960015926692314,-0.934214844195473
-0.951840864728412,-0.311304105789033,-0.0270251890875795,0.0128456399664653
-0.764703535867339,-0.243454703701947,0.0868348873331789,0.233399177415925
-1.10899081007747,-0.610541427331631,-0.306457376444175,-0.177014445868102
-1.77484712061717,-1.29514692850389,-0.982231569552293,-0.817564509746169
-1.02622246366769,-0.691270555491413,-0.534258899173164,-0.500547738620495
-0.903591065667976,-0.572641164673375,-0.366987263588796,-0.289742219242634
-0.568514431024241,-0.125492883810557,0.11948826413755,0.174130444863303
-1.1313155696755,-0.70530268044098,-0.430232008520896,-0.301049089141986
-2.48794505710887,-1.81345095370884,-1.40252928813591,-1.17357931619747
-0.314181889694298,0.130145367709774,0.392256519074675,0.466702488649147
-0.688829081790185,0.0546186310309272,0.515769313619236,0.701399287096721
-0.509502811226163,-0.456396596921498,-0.431572974905859,-0.455497351808005
-1.11084695746651,-0.681898126639735,-0.402213278499158,-0.258174778687892
-1.22193467284093,-0.666106398841225,-0.403350349630066,-0.351125938363962
-2.04941528241983,-1.53642703856601,-1.24565687433409,-1.1496004166635
-0.676183274394572,-0.360048388034176,-0.137715176969985,-0.0131527024228089
-1.1037139860868,-0.662337839787777,-0.416756884077184,-0.336260976485569
-1.97464848598571,-1.61875805539884,-1.36952917284297,-1.21506772142242
-0.905329439689795,-0.344881733244986,-0.0100448668024663,0.126473554572189
-0.801436154629626,-0.345012911533794,-0.0755192164209981,0.0139849184319105
-1.88385662292296,-1.44924402985957,-1.16283346983316,-1.02566601145763
-1.11175217092504,-0.517741985676021,-0.220116236594082,-0.132152377622259
-0.897810739188028,-0.361797861887015,-0.0483054377015037,0.0685671370884087
-0.43236356639906,0.0534653950349516,0.350888350260101,0.458231535486737
-1.19704161902793,-0.848927656955789,-0.627321923012962,-0.527670509697714
-1.78675011743775,-1.23966447554549,-0.87784766203723,-0.699168615712597
-1.5054644886228,-1.04903931937134,-0.783706772955487,-0.673640535026512
-0.274858895317294,-0.405242146182506,-0.489787836891078,-0.584189516274954
0.389094056394917,0.406195443713714,0.409268319558783,0.354020666010592
-0.852041107066267,-0.499247903494649,-0.29921577156456,-0.241378935488569
-0.568309475936928,-0.0167550638702714,0.376886629375459,0.594759312314935
-1.82417604330865,-1.21290185419893,-0.853049586035575,-0.698087813435002
-1.14107805009379,-0.659011905335606,-0.415809069731134,-0.356128239698077
-0.661891938069884,-0.239494330131676,0.0279240093956326,0.143240286709836
-1.40259315534709,-0.915811493263014,-0.576152836985769,-0.393483811989281
-1.27359092954362,-0.768755851836136,-0.480943494578373,-0.392492609874465
-2.01952230451444,-1.45176141271738,-1.12708030541485,-1.02345164534693
-1.07430560533478,-0.457688484281551,-0.121443369901479,-0.0112308317145724
-1.9169891519616,-1.33441482271488,-0.965426074733576,-0.767956188874833
-1.45916130573941,-0.828855156108009,-0.455846309961927,-0.310593319757542
-0.420989404139292,-0.320337777744411,-0.302787755682662,-0.383509406093214
-1.32843765611684,-0.654944762864634,-0.238826492992033,-0.0666407288870838
-0.748428581976395,-0.176799553752678,0.178628832225935,0.317542052854578
-0.878382385664232,-0.382251643848478,-0.142596166090236,-0.0884326114498654
-1.29192658169957,-0.82315777418459,-0.558928475042301,-0.478538443729572
-1.13757813777778,-0.792590672575195,-0.634514468717914,-0.634621876847114
-1.37041962068505,-0.889761901486919,-0.632424857821827,-0.57188665532084
-1.38499975794334,-0.761808516998747,-0.339389471462467,-0.111760146005576
-1.03843557771402,-0.727524202622132,-0.49235469532619,-0.33708914390023
-0.972872105177771,-0.360525941424065,0.0200467509680191,0.166964411982027
-0.983715065303304,-0.518051172186071,-0.206021952407661,-0.0574412609363683
-1.21856926576841,-0.869767431112508,-0.640575975726938,-0.528844615052388
-2.31504248348989,-1.82716124459971,-1.48220015688013,-1.26521965415517
-0.701757603307186,-0.442271611159635,-0.285357472169097,-0.238536040110962
-1.59901206934532,-1.12841492914316,-0.849333232974479,-0.752695239614962
-1.2065007960711,-0.762659479131867,-0.512640552150533,-0.443001521102708
-1.30064710010031,-0.844715829815395,-0.581286758005512,-0.487275416758976
-2.02629259788535,-1.44003674190169,-1.04391040024982,-0.829627335619879
-1.53287060230711,-1.28196521116222,-1.12072302709611,-1.02652593573952
-1.20682164603399,-0.496163181698786,-0.0712090580391999,0.0913082763356972
-0.76792450326317,-0.630226710773493,-0.582589566393949,-0.635682198195719
-0.983239157806603,-0.350811201125386,-0.0309381111153061,0.0672642915403589
-0.814649121399435,-0.290976557005622,-0.0380845916158153,0.00387305036990565
-0.864563660611641,-0.328710429610273,-0.0677275773478392,-0.0152340947803399
-0.932257542047477,-0.639584758664164,-0.465601005015861,-0.403130755101411
-1.34856614660272,-1.09630898562718,-0.997581433228761,-1.0281399061833
-1.4637775449424,-1.13469334945222,-0.925510042520699,-0.829094374082436
-1.26284975788504,-0.840767480160804,-0.540554900706791,-0.365029393202153
-0.30092724274896,0.0339638995871281,0.239397894549235,0.298161788486705
-1.4340268557945,-1.14130686258545,-0.930427062435751,-0.801359951661191
-1.39946882653623,-0.581242734702474,-0.136210119782328,0.0267216915434337
-0.124442254033521,0.0338429963796718,0.105983816806086,0.0819619675727367
-1.63372540600919,-1.02238147211887,-0.657424942744576,-0.47695401137063
-0.276475864477347,0.203160767799057,0.540413556808686,0.721641028189937
-2.1853797900156,-1.71400714447088,-1.40947409345857,-1.25207913264987
-0.635112922671964,-0.143391650141054,0.103145687341546,0.144158169140176
-0.978888973263345,-0.497211164933893,-0.231792866134835,-0.142336684161372
-1.34102654171876,-0.908039327797636,-0.627154499966159,-0.476863243536059
-1.28697643192877,-0.697058664086395,-0.419339688544938,-0.348684328421285
-1.70862158665285,-1.09650475543958,-0.74554179740765,-0.604399374987603
-0.486650274412954,-0.181835071985321,0.0285707908057427,0.128787834203991
-0.792609102546699,-0.405346224866407,-0.174815676499382,-0.110196966512378
-1.45742962914536,-0.970395039262197,-0.682165893939065,-0.564181493516177
-1.12568645620216,-1.09865498957308,-1.0345863529373,-0.971029967938859
-0.705244468222159,-0.399920734183091,-0.218697644177349,-0.162251613070498
-0.521499791022151,-0.0682365158469153,0.237390251537846,0.384695104761407
-0.713634444239063,-0.279501443839876,-0.10578877860398,-0.133693914995679
-0.471329998573273,0.0771999654525691,0.438816012300534,0.625056362316665
-0.748066343544995,-0.239577896545828,-0.0786393818841078,-0.109217711980803
-1.91012016802434,-1.24792621756244,-0.902729189808198,-0.770337461812391
-1.00337291193894,-0.254958939665027,0.0542860072816644,0.0945657863107074
-0.737839099086666,-0.128833133081416,0.173795488528716,0.26477794350204
-0.846369308157155,-0.65268262209402,-0.522157980709602,-0.455704479853681
-0.337841939877329,-0.0389835694528103,0.104400804836457,0.10286676437623
-0.842306102801481,-0.447505534624977,-0.194060584761118,-0.0789976434624558
-1.60598535231942,-0.984746464661652,-0.632460568678654,-0.500526891030427
-1.21703387514427,-0.756514191667131,-0.49988305409285,-0.437376947207935
-1.78958389651127,-1.30192589399291,-1.01273937181311,-0.906128730354453
-1.53933676093743,-1.04326414556179,-0.719548562459704,-0.571307563243117
-1.45255493619602,-0.618568642928774,-0.103598994308249,0.144366844556966
-1.00731791126029,-0.818325636486014,-0.734899916301712,-0.75572704921373
-1.07323327938759,-1.19346513575694,-1.18951031762126,-1.14996768918522
-1.55341369658781,-1.06510097187589,-0.733331558287399,-0.553134536670426
-0.854780335509166,-0.598903649400314,-0.415528776127388,-0.318382535586299
-1.09404653523251,-0.501415417580478,-0.131608580559912,0.031503667294127
-0.682450595998591,-0.362287003192523,-0.16533550823058,-0.0835984593106478
-0.834161582772161,-0.394558381842719,-0.0946810767937608,0.0646761251953426
-1.37269829885815,-0.917508599785904,-0.627961701779439,-0.497674644911683
-1.42243865500194,-0.865019800783248,-0.545111511329784,-0.435602293378485
-0.994336963128954,-0.454497563916365,-0.123397169478813,0.0178956089207587
-1.35482092853928,-0.880798095604879,-0.555428748273355,-0.365417765133054
-1.5690187121473,-1.17772542760881,-0.914919022643226,-0.789804430448468
-0.0360182078084331,0.301445815936386,0.483780660807807,0.502844424042707
-1.43664230033991,-0.707493988587865,-0.203896039334845,0.0839815937587222
-0.837755475669001,-0.448150358539442,-0.234316585602076,-0.184263422723606
-0.922624651001824,-0.55111710074673,-0.310921774514023,-0.219260030244846
-1.07474523980272,-0.646383851706746,-0.382567420181006,-0.255857460831654
-1.13761046607881,-0.494593073724163,-0.0719339701995121,0.140339583258198
-0.583567569715738,-0.134904779553456,0.160902442318678,0.295826357878998
-2.41760098277866,-1.81482044264185,-1.37015861593754,-1.06683967861852
-1.03350103405431,-0.721953726972992,-0.539612954673588,-0.470429772262358
-1.68773157971857,-1.27972783890742,-0.952060593689518,-0.71097599722123
-1.808866497292,-1.24688424670398,-0.889877716373252,-0.71861482653049
-0.547311480075365,-0.0193672703152257,0.198776719137216,0.182388287073237
-0.654830832619111,-0.158686128707056,0.0721060542765321,0.0918127365893405
-1.26287389897055,-0.531925390925787,-0.0867108402976745,0.128532950616237
-0.459084433033231,-0.0814776116471564,0.124720661229821,0.183192081176126
-1.07829453230254,-0.589707935705303,-0.295300629290063,-0.177419697526113
-1.0730958658331,-0.595611502286766,-0.322891161116768,-0.220243608353529
-1.21375950263005,-0.935814714981165,-0.726452856912234,-0.58673152378374
-0.624367516705883,-0.237154419120722,-0.040619467329967,-0.0128155804057206
-0.772247456289842,-0.269527014881246,-0.0652164739869973,-0.103187908992773
-1.145193036946,-1.05051017872969,-0.996692049471865,-0.986160572124282
-0.81918086157381,-0.228686867776822,0.0530351599355374,0.0960467462657288
-2.27557716184443,-1.82018312206566,-1.53889021727938,-1.38890516927543
-0.936601355130026,-0.439328210556375,-0.172647770839661,-0.1003611196983
-0.59927449390811,-0.455837770702362,-0.371731371087323,-0.365400966525707
-1.84112523914289,-1.37761957390982,-1.09648088321122,-0.948677070563912
-0.947574493391744,-0.457822678349735,-0.262071204657345,-0.258285624081684
-1.32669733634414,-0.610450996217834,-0.16283516071561,0.040149291266291
-1.00507562014232,-0.443074928764924,-0.105866261294397,0.0453735194238081
-1.63479902422293,-1.19059814820129,-0.94004108804899,-0.846752910320761
-1.87156462881264,-1.30320739454566,-0.910030343305844,-0.681384135646686
-0.95836845793441,-0.679299071280331,-0.536259960170333,-0.510767189937178
-0.559080694052501,-0.23339422850193,-0.0340777388567448,0.0313440187543827
-0.983239157806603,-0.350811201125386,-0.0309381111153061,0.0672642915403589
-1.96329415449219,-1.41625304860488,-1.03941733642815,-0.829802365882705
-0.769740721387711,-0.356361789585736,-0.0773229545066684,0.0645411819165977
-0.973015513549742,-0.605842314692751,-0.429142744161271,-0.388631157547091
-0.6790606951886,0.207881308774254,0.84502011499113,1.20987758025509
-1.17677435332555,-0.749808364789014,-0.481255075295473,-0.369201300040973
-1.14809727102892,-0.748425866115025,-0.566088636294503,-0.571873764618889
-0.840535193364577,-0.415444253767964,-0.1664148062497,-0.0812803358666913
-1.19745579087115,-0.642688622838348,-0.307709641120127,-0.172778691907812
-0.658917014842054,-0.380084518225444,-0.226109236780908,-0.201510318135064
-1.13365737829877,-0.621278588893809,-0.343026736056573,-0.250910759103618
-1.59827386862703,-1.09190142196453,-0.786185538328729,-0.648392693393172
-1.06521026407113,-0.729239111608461,-0.574888471454476,-0.556088911814709
-1.51056993189702,-0.67148292519111,-0.14465307606372,0.103020825996373
-1.47026902093015,-0.943398690366378,-0.642162936490055,-0.530504363202947
-1.9896855404153,-1.70337867447934,-1.50804462216089,-1.40967950593059
-1.69262753329933,-1.18791623577246,-0.895772687754433,-0.789774169916912
-1.48713398974131,-0.857562591509612,-0.356833481400265,-0.00554120862115326
-1.27412429937687,-0.736060636929805,-0.387756012406586,-0.220109472954922
-1.10620521797598,-0.612715397314587,-0.388941057950931,-0.376838379753233
-1.07816181908926,-0.413462471464813,-0.0554870521786556,0.0637744407209643
-1.85637940721622,-1.44698055190389,-1.21330556776812,-1.13134911086744
-1.21215091864866,-0.492557971700611,0.0327789739758951,0.362342573759807
-1.421334321989,-0.866741937831662,-0.532625046012859,-0.387775904833688
-1.3984194803668,-0.818040149397701,-0.439252155906937,-0.247757013485099
-1.10583723146103,-0.406756613610366,-0.0232277065354674,0.105594641105817
-1.28991520303158,-0.53879100492963,-0.0865523729832804,0.124053367230773
-1.3957653233623,-0.903234646518729,-0.529024737161816,-0.287453194589293
-1.60619662121827,-0.752590452707792,-0.348994995071794,-0.225794084862551
-1.22898158661543,-0.939623372855631,-0.790757845797141,-0.764384735235928
-1.33647036700055,-0.738714179254206,-0.379987213997096,-0.229794815266615
-1.12062147133684,-0.757323305063674,-0.553365924691856,-0.494898274703135
-0.887597739497693,-0.437339877310342,-0.209483027284506,-0.164196757184409
-1.08078230825725,-0.45583361539928,-0.0683027301428465,0.115034025963117
-1.02165653347504,-0.493626880746055,-0.209214531423871,-0.104145172458131
-0.726652745198287,-0.144686942247307,0.0942419552144408,0.103608688211875
-0.953331800424018,-0.719476774624459,-0.596565081672669,-0.592565950025085
-1.20082429484238,-0.781797271379276,-0.53232486253555,-0.420165868752042
-1.44696446144604,-1.02723212484154,-0.786932945615179,-0.733693355408456
-0.763067913840871,-0.203373050097237,0.145219313013059,0.298690862512174
-1.41363866620356,-0.737999118590657,-0.35165487351531,-0.195078589037667
-0.12909405756261,0.254352510979448,0.482977458639815,0.570198324918501
-0.650583766963265,-0.49665350681491,-0.433489295731389,-0.470343249040616
-1.74330653554345,-1.24944422244315,-0.958942014954343,-0.855593268242781
-0.763680781107387,-0.376302829249571,-0.112679527724898,0.024262322977275
-0.555206451237187,-0.0644039251433589,0.15512524477544,0.129795839007306
-1.72989540059185,-0.986897393156172,-0.525648092488417,-0.293139747467971
-1.31162872436935,-0.665545770245366,-0.275800157753516,-0.108845532000408
-1.57462077186715,-1.04246404958297,-0.666424490206204,-0.439015916082846
-0.779380637774846,-0.396834583793946,-0.158133543662809,-0.054481796013117
-1.04672145629559,-0.757660847908367,-0.600595138541235,-0.545681788362726
-0.902384811811937,-0.544385237082563,-0.404307477830379,-0.454112781588236
-0.902693895752801,-0.49380261317362,-0.227135679900878,-0.103645137109518
-1.1246671003542,-0.68634084615146,-0.450282331974404,-0.400535506956004
-0.670777942000216,-0.380708495872804,-0.215722162515586,-0.169956205823718
-1.13904368112206,-0.65779171078772,-0.292037790792831,-0.052759611669784
-1.6272551226256,-1.1118204991511,-0.817250511299758,-0.704934369135976
-0.719667246752508,-0.429226268785946,-0.322955664467144,-0.348358634586848
-1.2185939544538,-0.805744142252685,-0.541433129079964,-0.424424382204483
-0.842627971293087,-0.229654754105341,0.162365523507121,0.35123428254248
-2.05804971623776,-1.49206441874489,-1.11512902525099,-0.888187504871271
-1.3180170091684,-0.699618162752621,-0.382514831632852,-0.287269822576114
-1.92793787886084,-1.55200403307823,-1.32653068458155,-1.24716525268853
-1.02615103586944,-0.628348661872305,-0.369753550951667,-0.240198455701066
-1.32436269518918,-0.846812672504101,-0.497607092200788,-0.282307887007073
-1.43856686082808,-0.480038788469631,0.0653017361263953,0.296808851182698
-0.64668747247292,-0.267285197352387,-0.0660080006233037,-0.0175831194099152
-0.0295127455653152,0.214542345692453,0.328108883396254,0.299463534287757
-1.1423247088416,-0.752079940626447,-0.537869602063715,-0.469209332385321
-1.41067727031806,-0.985802426001168,-0.687213186805173,-0.521855059237453
-0.543096039807943,-0.0843871626291469,0.098726538624824,0.0609190545818233
-1.27571320703954,-0.651794804272723,-0.366468377082999,-0.320004338272473
-1.28904414363446,-0.701812763751339,-0.275043087743038,-0.0247323791219116
-0.712214969521187,-0.371288142137476,-0.208112668826629,-0.202149416742219
-1.42127806605282,-1.03133418983544,-0.829621581081842,-0.771880601575117
-1.986213826297,-1.0613173976579,-0.487910238134687,-0.230618384209812
-1.47716526901314,-1.07179258501798,-0.831859843666181,-0.753458012463333
-0.907443446841842,-0.718172538158116,-0.646513447800283,-0.702111245085454
-0.798399922438046,-0.400655866513565,-0.193998879451648,-0.181677902863712
-0.401506498222099,-0.073238278641257,0.0596937569548776,0.00428262994028222
-0.847974829985534,-0.0492177881908939,0.442806691097493,0.686136638945978
-0.584607086857455,-0.57499114349604,-0.587700895211204,-0.637982842435175
-1.2204870673506,-0.722120736567681,-0.384301755774749,-0.222944849517146
-1.38638242958366,-0.827300862296927,-0.456985811020142,-0.26610568296575
-1.29561124505131,-0.674119832811752,-0.249068306249971,-0.0190084854774521
-0.912459177361875,-0.465507927623025,-0.242395212840536,-0.23317970543192
-1.50719151524154,-0.800186536191892,-0.453533675977473,-0.33978859605235
-1.68010657981601,-1.12158837403692,-0.728722823969271,-0.492115966403022
-1.86794262764308,-0.947868811752181,-0.40299120582392,-0.160484051290248
-1.22712253610309,-0.972488999334093,-0.874669477026313,-0.901438799261337
-1.75992532771539,-1.35447552306353,-1.09701871864308,-0.981703298429769
-0.859030175201497,-0.414637068399579,-0.11545901679727,0.0401588515931846
-0.677164479302407,-0.183919318125815,0.047871794724383,0.060415702509349
-0.755286542285738,-0.54695982278357,-0.428519549905992,-0.412134425876624
-1.70431518434742,-1.32552115112771,-1.06246610036688,-0.921829634410499
-0.953232345121067,-0.518237739904934,-0.275678407259464,-0.211231299475933
-1.39428418452472,-1.06193056931751,-0.819136737610811,-0.662831686754572
-0.275684449804843,-0.0140466573581753,0.12574835987117,0.145327018552563
-0.633947350994721,-0.427423863941335,-0.284390869664219,-0.212179023913325
-0.392032970941575,0.14022756438835,0.450765774748245,0.553395301254891
-1.00623934968692,-0.534781653981942,-0.264277800811342,-0.182926672348496
-0.595936864056335,-0.29327927663294,-0.101869223438654,-0.0191142913140576
-1.16420319897181,-0.849996367703345,-0.635698201050396,-0.538599167588343
-1.05447128182826,-0.601140305067192,-0.316366249327789,-0.188316805377296
-1.58509733510035,-0.841145163394626,-0.392568792369465,-0.185577550262546
-1.15681877436903,-0.688131594638717,-0.425986510171856,-0.329018319444143
-0.221685441999507,0.306624285509181,0.57169573217753,0.609283281185377
-1.17507882754966,-0.664726254308775,-0.285769393091457,-0.0351835603541233
-0.689601495797891,-0.163086645898946,0.145001047032097,0.246062216559022
-1.622017831038,-1.107019218179,-0.842777865134204,-0.776051310087323
-1.41777310623556,-0.699649804159803,-0.264093413949333,-0.079565556790324
-1.60303473753719,-0.940199816707027,-0.466859581742526,-0.175429716174998
-1.93417533173515,-1.27992430951947,-0.844646334026607,-0.607262584267913
-1.05347754046173,-0.265470427373454,0.198894663153502,0.41544347316555
-0.345636762586784,-0.149448968607758,-0.0614087084844431,-0.0918424096946278
-0.695512049419207,-0.387276699611479,-0.264534657929602,-0.298408249641706
-1.22706608929283,-0.704132868604388,-0.33552396491211,-0.120043833253605
-0.521499791022151,-0.0682365158469153,0.237390251537846,0.384695104761407
-1.53988492183131,-0.981198480428553,-0.580346387798208,-0.341531188990561
-0.84570454515363,-0.37836652511809,-0.0967907782644325,-0.000974376597923599
-1.48112515211075,-0.818361001781637,-0.334156000949401,-0.0278087224296409
-1.13763315777415,-0.706755697143734,-0.455249208422288,-0.354645585055924
-0.710651540255835,-0.176127182493089,0.135861479982695,0.245533786969525
-1.28451400139962,-0.870079094206607,-0.609112717323428,-0.506085288872665
-1.50183881025664,-0.61214660842696,-0.113040675006241,0.0871877122729768
-1.37324422168119,-1.1332021002672,-1.01434172285952,-1.0193520994096
-2.60878035963153,-1.93689336189527,-1.46910873098683,-1.20268731913051
-1.34488405988224,-0.733432549751819,-0.375103877401236,-0.216333675172713
-2.32975622610732,-1.59765588894658,-1.0964162146359,-0.815166576663083
-0.981119465182632,-0.434066554261472,-0.136856776400127,-0.0535424367802167
-0.33284674918585,-0.116506059155563,-0.00295695929790719,0.000352700721397647
-1.24409605420409,-0.970100700395786,-0.794304790727259,-0.704919756598328
-1.17559606296189,-0.479034024847605,-0.107055414065269,0.0240273306380918
-1.08390969677775,-0.941100731131966,-0.863398298749674,-0.864576067631463
-0.954346203708603,-0.547008691411722,-0.278418330606135,-0.145965821263724
-1.03799983628085,-0.565792924154975,-0.256375950162158,-0.09851116132194
-0.803425157069331,-0.334525196081025,-0.090729448713097,-0.0495580677495052
-1.18909345460562,-0.714524773608377,-0.489379382942989,-0.505018175259297
-1.56086502881641,-0.647550883520104,-0.052234384226857,0.247136041808523
-0.591664161546917,-0.343443167915135,-0.185113452727226,-0.12851947032067
-1.49190703889945,-1.18367447885617,-0.955156588556031,-0.797979415614865
-1.04404225843101,-0.415701953845871,-0.0682886486627212,0.0328455465136427
-1.63516833640594,-1.05252744698509,-0.651384976534851,-0.428770627790746
-0.988923316767462,-0.665777877891313,-0.462925884597309,-0.393631162973358
-0.904277260149684,-0.352255656549574,-0.0286234389555441,0.0942687685079825
-1.36770177046356,-0.904760739423891,-0.560836020295708,-0.342047375078864
-0.452257213693133,-0.294427417272376,-0.217706055598765,-0.237760370252426
-0.510201295033008,-0.47359571370425,-0.457697351911025,-0.4955472860135
-1.690710526648,-1.01269537318766,-0.558804629093873,-0.318703919983004
-0.426273812768553,-0.0261071318566785,0.135477143985644,0.122193342758996
-0.550409267681247,-0.391036823475508,-0.316095500880963,-0.344212157423839
-2.07845701868879,-1.38557240561296,-1.01177063935375,-0.875080236015599
-0.515710984144697,0.181040930706151,0.5417142619232,0.63324555970158
-0.9563175564547,-0.461380731678639,-0.205082308817743,-0.1478194629132
-0.931881939016575,-0.51870463037021,-0.351942420182639,-0.339215331152289
-1.65643309025732,-1.29424342720753,-1.09643343893985,-1.04001682758862
-1.20674303276938,-0.345876807358935,0.109993429792833,0.270995089497412
-0.713683446867727,-0.353162472567306,-0.176510412810661,-0.170356025759904
-0.990092908624726,-0.789315887987074,-0.672904360080436,-0.64458382993222
-3.25053862864709,-2.34166893470835,-1.66578546016402,-1.21600058424425
-1.57350630929102,-1.05973706807805,-0.725938736173052,-0.559050484501206
-0.929671459666853,-0.570295685633356,-0.385823225112606,-0.343153788374792
-0.619745966781143,-0.243298705271941,-0.00874474432172216,0.0914791735964721
-1.06076070337235,-0.416024746972384,-0.0659929906530697,0.0633804405211181
-1.53358273265617,-0.81066337212565,-0.290492330615644,0.0289365935509499
-0.346424105612632,0.078438496686404,0.308793698270432,0.367781313139129
-0.671973402696082,-0.19500098735774,0.0894654082797471,0.181904274862308
-0.955373529678696,-0.564423747245262,-0.321059851671191,-0.219109265223664
-0.810376363879097,-0.228262598211002,0.118009947308877,0.236625178711265
-0.854152848789295,-0.536423097599452,-0.394387722160063,-0.40966406922246
-0.597124529062715,0.140454656295083,0.535469824025599,0.68180336678458
-1.84127874105869,-0.847008573433711,-0.362311648214256,-0.18630615725124
-1.21558348227665,-0.87515022593946,-0.719032998289659,-0.718101414823755
-0.448917511751475,-0.410372812315665,-0.411930169768572,-0.482545435332736
-1.19291571283815,-0.962452586705485,-0.816150277921819,-0.764700359730533
-1.56934324942576,-1.36237284605119,-1.22111798799417,-1.14849410719389
-2.03237442988842,-1.71461336181604,-1.5245343895392,-1.46414564932646
-1.56232549008321,-0.948585972166019,-0.582307654551234,-0.428242259314522
-0.246548269218831,-0.0248637824239722,0.079322376574937,0.059178261819836
-1.20094313675288,-0.87235469949367,-0.661554263109474,-0.575729327952371
-0.946042275577601,-0.580942912200472,-0.350358509973034,-0.247582299768672
-0.744823448079747,-0.308642248451811,-0.0373125861312083,0.0871646190012541
-0.100524735265969,0.34527649806424,0.592260801296536,0.663510376321898
-0.730530287979414,-0.341410823937477,-0.17570871262164,-0.193269830181541
-1.02024856967532,-0.749835817408927,-0.573774617451576,-0.499816157057985
-0.740509891482748,0.0184557882341313,0.369075675252626,0.473635352913549
-1.14981734780098,-0.457559066965125,0.00590998345981079,0.24744137831117
-1.04599445337321,-0.494540946470549,-0.127236400673961,0.0642464880278581
-2.42494024734847,-1.59542460487522,-1.10862035065314,-0.875993878901946
-1.31221876019658,-1.00535994325955,-0.780649136539608,-0.643249165408758
-0.79932777735896,-0.369315887958141,-0.0906257403949487,0.0396796928579649
-1.56427215015471,-1.14566809862295,-0.877355323672117,-0.740086403778972
-1.66784995540486,-1.28835772085255,-1.11244799196824,-1.08379334796354
-1.12596545794331,-0.787633748976779,-0.59244565354041,-0.514316924072129
-1.00267609433551,-0.421175163002559,-0.119261168389693,-0.0430915279876093
-1.07788598843258,-0.813695498812695,-0.650486751151565,-0.577877598634878
-0.958241103306087,-0.789103265955715,-0.709905337517905,-0.736198373922766
-1.97081441080037,-1.60461833614901,-1.38454064315498,-1.29905257571475
-1.48472093508144,-1.28476642260282,-1.19101201824499,-1.19207882293316
-1.04218621772756,-0.811931539520721,-0.676996798620527,-0.639205455907242
-0.99877938874407,-0.444167437884274,-0.155928204907688,-0.0750997016992103
-0.788646680639931,-0.336018175854637,-0.0390333032442306,0.0985657790858476
-1.97725960129693,-1.54597371396978,-1.26445158382342,-1.12533850035978
-0.412544787107677,-0.063779820799009,0.118749456276155,0.137633459942113
-1.7394956567681,-1.15279948636709,-0.757512390962651,-0.547734554596706
-1.0492291882183,-0.57822485628504,-0.260537406238174,-0.104046045395323
-0.285904308691779,-0.117077793792065,-0.0493784175468442,-0.100906819225718
-1.71574383737393,-1.09532789361578,-0.73405207389779,-0.57865161515171
-0.512154193384529,-0.0973825881829656,0.13277496138023,0.200711773469644
-1.47182328445629,-0.88693270463484,-0.519209774266405,-0.351356478439003
-1.12960481312972,-0.452153846756323,-0.0711416508282107,0.0675953821081913
-0.822393454050642,-0.428257161782859,-0.134462798875192,0.0348633250968921
-1.0099418461953,-0.830569679337525,-0.729289025994702,-0.700035289874706
-1.5636375591956,-0.867296000375405,-0.358471796141917,-0.0465697778695848
-1.68670673309606,-1.0228510400589,-0.538171450881229,-0.222644564241985
-1.06772787880812,-0.629103101308883,-0.382044842746899,-0.315416920343194
-1.29742110203572,-0.91288738020807,-0.634965561643734,-0.470151049098946
-1.22147808827511,-0.832641839311993,-0.587626920169555,-0.470770428468416
-2.78209519578705,-1.87892114653491,-1.30762982672712,-1.01005339024057
-1.63525997176756,-0.967245987384772,-0.524074414158947,-0.28199461824049
-1.12856843185022,-0.597695700443623,-0.326474910403248,-0.249559122630443
-1.53959808981429,-1.23194838791228,-1.0497935699695,-1.00568026979675
-0.865980984725625,-0.239471545236794,0.0636537441299053,0.108147908227594
-1.21626319333858,-0.746765855920197,-0.432755220822667,-0.272747370685264
-1.8595140411466,-1.41976413123392,-1.13609929586697,-1.01143084766515
-0.5536960490312,-0.155255431764276,0.026767064195768,0.019200779552312
-0.86247938124026,-0.546582968771151,-0.364177921574204,-0.315681760417832
-0.543301538499375,0.0304083379695324,0.389299543758123,0.544638000593198
-1.3610488433862,-0.840055029817245,-0.537299214689206,-0.403758352378681
-2.18840402684618,-1.48395303716995,-0.98904574315557,-0.716209365760855
-1.56779205627881,-0.808665099234147,-0.307674215451928,-0.0343245095853628
-2.65466553060256,-1.83940823673294,-1.33058205925418,-1.09142716848658
-0.664151720589862,-0.319053249860834,-0.103115124990464,-0.0223354730165608
-1.00720131682888,-0.305808145220061,0.179843942643615,0.439669895500168
-1.10054757994915,-0.808668046300655,-0.655156305341498,-0.644277378223926
-1.38671188067959,-0.963484025732905,-0.731158970226917,-0.660100165086977
-1.10807843716489,-0.650294627852021,-0.369131853278802,-0.235679987102997
-1.29083597874714,-0.855736572302384,-0.611538780086679,-0.533085434943097
-0.891560899096507,-0.354469923931059,-0.0186109145248499,0.131537814710788
-0.316434801244329,-0.0726439643189801,0.0339549289494887,0.00848559150951761
-1.05366287480767,-0.541007793073444,-0.220659637806908,-0.0807066622881997
-0.877292479877722,-0.480704422235362,-0.292189396031488,-0.286192366721024
-1.03262811284182,-0.403854366071582,-0.0175339402624106,0.138273140598738
-1.38605860913114,-0.874763267403833,-0.530095624047601,-0.355859052803198
-1.0874472104669,-0.567256090131176,-0.250399071069306,-0.108088109206843
-1.66244105375705,-1.05890284818954,-0.680515327196919,-0.487141255650298
-0.787253403527628,-0.374130167180206,-0.156071296825617,-0.105626226706048
-1.62595975218815,-0.972933431510542,-0.518626649278373,-0.2594682078801
-0.416509005716165,0.0800250115143548,0.345146783600307,0.392554701533451
-1.0029913646481,-0.418180378857087,-0.0612669811747834,0.0845104692397868
-1.97700801575584,-1.33416429925809,-0.912127447759067,-0.711723750548105
-0.80140013635303,-0.563318795307173,-0.444704170278599,-0.456207320532764
-0.986186037575043,-0.736968587277638,-0.609072685771394,-0.597265658494664
-1.19610953234306,-0.469285955601769,-0.0482243997660297,0.118507506962853
-0.754157782051342,-0.163779445891194,0.201945305608858,0.361719273015566
-1.03828338223308,-0.495194199955476,-0.220999404124343,-0.156730979048665
-0.845206526087807,-0.553960220576358,-0.369198013470507,-0.274333694174725
-1.46102487512893,-1.03606826196923,-0.753623347892604,-0.609313794032884
-1.34790529133561,-0.541829199679586,-0.0884871080488468,0.107396841387819
-1.13063343938557,-0.852024876861848,-0.706447617911653,-0.693835986200561
-1.37377109034123,-0.754135600077834,-0.433533924498126,-0.333837543051865
-1.69718721798955,-1.21143380062665,-0.885618333160463,-0.720128817351109
-0.686131842178545,-0.449562260848403,-0.341812411317184,-0.371307716586454
-1.30833568768381,-0.648554205466104,-0.152435163351712,0.17286607946737
-1.26793393248586,-0.668749007791214,-0.367798204639062,-0.307947349972232
-1.17890486893097,-0.850749574421394,-0.688399562995071,-0.669950544770469
-1.60438243855123,-0.988464015959619,-0.621957765168319,-0.472616365157659
-1.22205453669285,-0.764469271064371,-0.448677961395208,-0.289338637979162
-1.16972387721393,-0.534368523624104,-0.163975378772729,6.69204583198524e-05
-2.49547938946073,-1.89625993655349,-1.52664634481803,-1.36644442153122
-1.80550254237658,-1.2991681729786,-1.04140999358162,-0.947363717388473
-0.849174007916734,-0.56772800995017,-0.412863214600769,-0.390598358684421
-1.7846263791965,-1.34927598739373,-1.04588296905656,-0.871592424971605
-0.74681139557204,-0.456507113015313,-0.277401256330885,-0.227122906538486
-1.41628398037637,-0.881892008955309,-0.59339168513154,-0.506688097939705
-1.03435213214357,-0.397188387444039,-0.0705686614753887,0.0291622492584895
-1.21235925625847,-0.695991380834836,-0.362352692788924,-0.196666109445004
-1.89487048369984,-1.38244199606384,-1.0691010288059,-0.905675744870146
-0.638224837649349,0.035083451298105,0.372029965209828,0.456365500919384
-0.698258366991671,-0.145743756173619,0.117114007904516,0.157729766130547
-2.80200555573763,-2.05817863896212,-1.54989780401773,-1.26429417255755
-1.51361478659231,-0.990664714181442,-0.683896194708522,-0.563538088277672
-0.4105144666167,0.0119761311656902,0.177805886186889,0.128788348129448
-0.44024812186385,-0.280741378252025,-0.228826396431138,-0.299791228016352
-1.04989955979447,-0.408670874180271,-0.0237198071560273,0.129703771333334
-1.08355647401545,-0.426476326965268,-0.0388318192460623,0.118600813785038
-1.14861192189294,-0.866551291886933,-0.679071615769033,-0.577301294999947
-1.78135119631593,-1.17347053744957,-0.736169955555772,-0.47411235719812
-1.29861911426621,-0.951083195897803,-0.782152158366559,-0.770674815732759
-1.14370555781661,-0.429103463937927,-0.025223518072438,0.140041829956431
-1.47500151117818,-0.95462490486522,-0.6086048932666,-0.431200458048372
-0.587688074441683,-0.352238625644306,-0.22372209121573,-0.215758747979859
-1.69566793502574,-0.999497534422472,-0.513122878848728,-0.240321982970063
-1.48733216723406,-0.732063293119463,-0.271314669920923,-0.0715494616345853
-0.549959924578368,-0.661375454078413,-0.718991733969723,-0.775321671757656
-1.18035169274488,-0.768372508854932,-0.518579248554043,-0.43159748389807
-0.720617703215583,-0.490340880432315,-0.343054595826201,-0.285641913904084
-1.5627329281959,-1.11121858529094,-0.863093854563737,-0.78916590320278
-1.42680650284039,-0.7670536174119,-0.369867130358879,-0.204349072947298
-0.949811282880411,-0.215154041692391,0.263479581946487,0.483205329596176
-1.26044551833214,-0.850930059221887,-0.616922795243175,-0.555276034967048
-0.935323235719746,-0.629330962583691,-0.451593565799878,-0.405423434724575
-0.750187812584889,-0.0964766511001741,0.289302587403522,0.442692199846186
-0.202903696382248,-0.0386981718230337,0.0142536162601261,-0.0602518545041463
-1.24455029766701,-0.736081134541872,-0.484026158985096,-0.420620373420143
-1.46951311120406,-0.894687170753066,-0.516302296734716,-0.323783925982107
-2.273464648271,-1.53923274231395,-1.02812642260225,-0.721211080169698
-1.63304166007582,-1.15156029475395,-0.829897652700249,-0.679373211381308
-1.75630368259343,-1.44281303240583,-1.23263547021749,-1.1288099678041
-1.13173450077768,-0.611439083756793,-0.243393253150928,-0.0371392649176914
-1.02428174334146,-0.416838895307165,-0.014105097399165,0.185873821478431
-1.78443736792134,-1.27649446534107,-0.92745689170345,-0.735867753136142
-1.16341385263805,-0.759119214190704,-0.540508271514263,-0.4829617979829
-1.03196699849839,-0.385177474333963,0.00346021316520592,0.169134800591548
-0.842616520589587,-0.398520880999872,-0.126566477769758,-0.0341623636180797
-0.338219387928029,0.0549572949269076,0.258531195466965,0.286131444739215
-1.95781310812879,-1.35026090815363,-0.938400533727453,-0.71877461785544
-1.35397634154178,-1.00637172705541,-0.813839149060466,-0.749301604709193
-1.00164409772743,-0.703307106199202,-0.515937709061347,-0.43235169394384
-0.325693730725388,0.119512162096169,0.399771035191046,0.499517422398738
-1.05662598532553,-0.400475277122105,0.0597808457670681,0.324448528492802
-1.49686594787133,-0.836694339479813,-0.392848904521724,-0.141755526353415
-0.259201903947453,-0.176151107007167,-0.140358923938721,-0.169439115278352
-1.68741639872113,-1.29198177573855,-1.05463656520099,-0.971734268774261
-1.82785434160803,-1.14911446237786,-0.758827999061925,-0.614946112043506
-0.8053155967055,-0.337785776120078,-0.0753164223951387,0.0100554858555299
-1.54058744942555,-0.863848488635543,-0.42345557965018,-0.20274249719929
-0.765680992196496,-0.454262515943006,-0.30515946678503,-0.294855114609216
-0.997491651545007,-0.446416000113611,-0.0284430113091203,0.236360149970925
-1.40814162018609,-0.910444266815653,-0.56217276347652,-0.368826372809882
-1.76066768305035,-1.1390454536478,-0.731455483473506,-0.51134778436741
-2.09776977175078,-1.40824412906407,-0.953079039959085,-0.720237738725263
-1.49679150142367,-0.968906018963883,-0.612382334664962,-0.398734144970951
-1.37760144177422,-0.98584747431046,-0.7056201780612,-0.547878287474276
-1.23030234152437,-0.753471858429513,-0.509565817522682,-0.451591734626343
-1.0509101112068,-0.422998471282277,-0.104456730637664,-0.0334690644770987
-1.64436144795031,-1.18774787340372,-0.936419344237331,-0.83010021725084
-0.889501825838949,-0.733908679344141,-0.674595129222335,-0.711667589747914
-0.750783285958287,-0.307158758592633,-0.0898539585748623,-0.0568155590206222
-1.1967994347346,-0.564006673849996,-0.203859546193564,-0.0904749552863307
-0.894493117939662,-0.544743082972158,-0.319040026303072,-0.217414595231932
-1.08290402942336,-0.949026461972389,-0.827714968044004,-0.733638458777071
-2.04021957684725,-1.41447129457204,-0.975016380685157,-0.724257374560549
-1.02451379283539,-0.811345496738385,-0.679299405139454,-0.625054565277596
-1.27487129561656,-0.657351124855807,-0.253835271242616,-0.0469902515307042
-0.836202970989598,-0.401237105953308,-0.133344872465683,-0.0330236102946051
-1.70311042481682,-1.08031672739316,-0.704779769176738,-0.530090463362698
-1.08961947798677,-0.487918754876924,-0.185734053249403,-0.104221537218838
-1.03207614105799,-0.434807562777152,-0.100857518780603,0.0231112175985703
-2.48674361653037,-1.8803403775579,-1.4479378842632,-1.17319006513709
-1.34158445933955,-0.756696367455716,-0.387679685677321,-0.231175261220459
-0.516329849086172,-0.22330608790987,-0.0638089677445804,-0.0503957754796072
-0.652795812731073,-0.127409132268891,0.117913117464103,0.131031916479882
-0.775020940697253,-0.550121952536244,-0.386554582348144,-0.308387900042554
-2.16854232160746,-1.23983775866592,-0.709230481827823,-0.489707508748964
-0.850545136440343,-0.362449381343145,-0.0992505717675133,-0.0152302567520978
-1.12158784698134,-0.589335610036924,-0.303397094120559,-0.223167546105389
-0.643977724791369,-0.279410532505807,-0.0569574953846287,0.0236753129702302
-1.33980572792791,-0.985610482536364,-0.747424768423943,-0.640949383203231
-1.69159388758737,-1.22855939619656,-0.948878772139009,-0.803431771309372
-0.881121891405004,-0.020174595779963,0.409398372168689,0.542675033425526
-0.989865206749841,-0.394190181844429,-0.0322355465967457,0.111215387102098
-1.60433177950618,-0.910306815597574,-0.421456487456128,-0.118501835034299
-1.0647237417502,-0.556343663492104,-0.342386841998011,-0.311192280541718
-1.02156502730687,-0.456564305933316,-0.0254026340345033,0.249141288795948
-0.750425905808109,-0.0892627271343056,0.296324921611157,0.453949059488425
-1.20609008966845,-0.551715904377783,-0.117144813934486,0.116685961917312
-0.518266422933567,-0.454434810807886,-0.413849887870334,-0.422864951671536
-1.27426976427642,-1.14461082041768,-1.09451640833732,-1.13273587760708
-1.33921307318062,-0.957660559724994,-0.712631527001922,-0.609312543130353
-0.975565723003452,-0.552705760392187,-0.307663481831698,-0.200168570007046
-1.52832187549547,-1.04138443925724,-0.739685634427085,-0.6015341335387
-1.31525189010314,-0.520349595045833,0.0377397586333565,0.361161541323894
-1.40853653702629,-0.892718466068689,-0.522043323014516,-0.310201210442841
-1.0672758347961,-0.45373939955711,-0.0775444399574217,0.103563230224503
-0.631177409465043,-0.127569456105044,0.175264675675622,0.287843850166571
-2.07002967217739,-1.97896695497418,-1.97114340112038,-2.03392480821494
-1.1548991792439,-0.590797365109192,-0.250740492322885,-0.109559627938532
-1.19009232532412,-0.955278872965915,-0.80030809054748,-0.729250790400277
-1.43376977440303,-0.859896582597408,-0.481508072170302,-0.275027118765555
-1.17867757050758,-0.531608207275587,-0.162239640313191,-0.0328404726786845
-1.46382866117133,-1.29542973274094,-1.17738516291249,-1.11244458534196
-0.580811190332358,-0.101841498126801,0.183513074463709,0.298902848351397
-0.898778517778473,-0.32980083800282,0.0164539980149156,0.143802305088967
-1.74278436374451,-1.07105729481035,-0.683221797612191,-0.535723279748036
-2.10525730737085,-1.61398726732037,-1.26400410659456,-1.07367407993399
-0.723405764700888,-0.342506652355515,-0.120500209002937,-0.0474609216616377
-1.15904793677179,-0.338745262414716,0.118355346497336,0.289113470763304
-1.75316144374829,-1.02301474203005,-0.600799492638586,-0.431749190135508
-1.04600660766152,-0.607621283512956,-0.318645996265841,-0.177822838749602
-0.92165444244666,-0.358498930923431,-0.0327915605584551,0.0791899277644356
-1.41647667409986,-0.566181586836151,-0.0192060751952271,0.253251465636172
-0.44115436364778,-0.212904265144377,-0.127134107331384,-0.175166759107909
-0.598646396608854,-0.138424746110742,0.156252776920704,0.304971933894486
-1.06286710421773,-0.476767732749311,-0.0811045313733317,0.12741727264336
-0.982847341423786,-0.61584609418756,-0.420843095763855,-0.365598447033722
-0.784288892388561,-0.438747624070131,-0.203720347325813,-0.0891924517888937
-1.19872980899008,-0.676770205048764,-0.406282713774585,-0.314221088717759
-1.18675187290713,-0.81856382389167,-0.604825739357558,-0.53988852258674
-0.830882136368063,-0.284212485443706,0.0159948702614743,0.105415178652396
-0.541057027825261,0.0125025335233453,0.379404915899418,0.583995554751931
-0.937721959077504,-0.581071755916275,-0.363571456646226,-0.305647297479766
-1.13870526868517,-0.826883908389176,-0.664447620159592,-0.637355965846188
-2.09476884391117,-1.58183606409168,-1.28525382971977,-1.17002727126589
-0.939466820126959,-0.605406298254874,-0.392989922686955,-0.298356549895897
-1.02975429603997,-0.646645564435651,-0.442290115042817,-0.400135420501264
-1.07093102703525,-0.68673363258267,-0.527512893455233,-0.52865143138913
-0.91883123447338,-0.32985419745597,0.0942267531538663,0.336375457646768
-1.81066686029302,-1.11759785102704,-0.694148180907953,-0.503482581613436
-0.494963941629057,-0.238469562000235,-0.0804186424099783,-0.0305744170973917
-1.11939182021495,-0.598593690005918,-0.264756912387883,-0.111709625390166
-1.62495730917651,-1.02429541181376,-0.676724137820784,-0.570078954273317
-0.834681545945423,-0.706205250587058,-0.632812699346587,-0.62259013854323
-1.32973150431505,-0.649920633439954,-0.278835315571868,-0.177579928299495
-1.53818383954262,-1.00083856300479,-0.713689945468729,-0.635529359759474
-1.16175891999287,-0.626112642107741,-0.285212318304962,-0.131727076385439
-0.800137714028208,-0.190209198014825,0.15704289347714,0.278251118356016
-0.722711437923305,-0.464073258890658,-0.314008042773324,-0.28029789394154
-0.773526661875567,-0.431589902344916,-0.223886819214327,-0.148420779969979
-1.10228373565648,-0.641351878717339,-0.359304777313262,-0.249883792389754
-1.34458275175511,-0.824464060970362,-0.465132229830037,-0.285276818464128
-0.832314452793127,-0.537116198698178,-0.351805546446814,-0.284510309222459
-1.00576283402851,-0.779742853631894,-0.703682703087191,-0.772415098075414
-0.505461826475313,0.0658948692696938,0.329781684678277,0.350402955468892
-1.47596782971309,-0.737620789179574,-0.141502933397841,0.294893030495778
-1.22366574497046,-0.731000212244461,-0.428988013715883,-0.30877769164831
-1.15383956592426,-0.740578105760745,-0.530464268330069,-0.513157298475324
-1.35967187258953,-0.690468648244018,-0.353203499956474,-0.267620175242028
-1.65606464557364,-1.30210887117146,-1.08423390490688,-0.993318015286447
-0.895059892001021,-0.769026464129637,-0.67046283170179,-0.617326699315439
-0.912241348745411,-0.568500864195978,-0.397497419411655,-0.372968115110817
-0.835789095164624,-0.436999573294591,-0.196459921461772,-0.102227768510121
-0.918731273723929,-0.335641607285252,0.0157705189508103,0.160216677343704
-2.04906161329975,-1.4102551706361,-0.968334212458581,-0.704846628048573
-1.54640274601915,-1.03385672463967,-0.71552563146432,-0.580092729362532
-0.388772830991106,-0.119959341028652,0.0252111065830742,0.0381553635706583
-1.71275113984027,-0.894480759090547,-0.314514035254776,0.0376404061405904
-1.46811418434201,-0.962791515825674,-0.752574426591248,-0.699913505239211
-2.09087629050177,-1.48530393748605,-1.14033841239713,-1.0069453121198
-1.26166308619231,-0.782615451129743,-0.553088740511352,-0.528482969950495
-0.947937080276171,-0.525074175514282,-0.271249646464427,-0.201601671802202
-1.77463442651165,-1.27849778282877,-0.948235211462108,-0.782414281546096
-1.05547944647242,-0.638957786308965,-0.423383624514541,-0.40284940939259
-1.46164008057225,-0.944093674306552,-0.583385985563979,-0.383233997042598
-1.98694790709737,-1.26601310566433,-0.780716353741638,-0.511529311354048
-2.17395698855242,-1.56362525878128,-1.17440416336531,-0.961355714731134
-0.953561523487935,-0.553115034813902,-0.316269589963385,-0.24137642863888
-1.12249486378326,-0.559974485473852,-0.322951986595116,-0.325092810606954
-1.14789212090764,-0.597791892806228,-0.273204006797346,-0.128664546030945
-1.32928123430254,-0.88346714224553,-0.596765010887606,-0.466319602924728
-1.10863166324115,-0.446636515679737,-0.191551723271353,-0.188275468887588
-0.897683401655509,-0.309958940473542,0.0443994327909326,0.200713225213702
-0.66442422832024,-0.311272676300052,-0.136713115285115,-0.109416877593531
-1.11766898706148,-0.492402744484205,-0.103203984611581,0.0660958406147819
-1.52724238220047,-1.05456507952903,-0.773651959515031,-0.651024406090043
-1.10822740144109,-0.737973505459583,-0.523558530441386,-0.457169176078951
-0.878663808990907,-0.365962167387974,-0.0534181787905964,0.0894604957706559
-0.935962059624939,-0.696918029861389,-0.553425869721217,-0.508481551564967
-0.225145018145351,0.132002738075574,0.304047289019662,0.296944103022802
-0.790928106882718,-0.37363777419602,-0.115023139263723,-0.00268699513997758
-1.11381780243537,-0.859864488669547,-0.71126661683299,-0.654001577407744
-1.60198299194777,-1.06273873743667,-0.670838987586276,-0.419735738072772
-0.914836732518467,-0.335165687109889,-0.0364522829408348,0.0416579012590911
-1.38516297618945,-0.586717478267824,-0.0942623000406165,0.151813579237055
-1.9553998659314,-1.58614503977622,-1.33720304280661,-1.21840766025839
-2.36408057859314,-1.6472724811988,-1.1522819504176,-0.871870541832566
-1.34503408699327,-0.780820975293537,-0.405702790667695,-0.213669168280634
-1.45093296049401,-0.598485959442231,-0.0907472623669272,0.121575094409236
-1.06986772667653,-0.685982278974735,-0.455353613972542,-0.379229316433561
-1.22976643105402,-0.748533808153869,-0.428987430926981,-0.270217532180543
-1.12033207730681,-0.656726215762312,-0.400711328714121,-0.306615747402083
-1.57135301391505,-0.889691125674449,-0.445478047260686,-0.205806141984476
-1.25194846503469,-0.802497251038329,-0.603279803828176,-0.587916685061537
-0.978104867985983,-0.442693802656977,-0.191151045071702,-0.161430343637
-0.770596245546279,-0.358420816307415,-0.13815118005637,-0.0721162240728369
-0.77923542708926,-0.527468333645503,-0.402591776833137,-0.40338485690488
-1.97500445926051,-1.64829555553832,-1.43109063094357,-1.31858905063389
-2.23012587184889,-1.67145228522143,-1.28370030184219,-1.07227608341346
-0.882463823762759,-0.342010651564853,0.043902741891696,0.261588195265124
-1.28090865794073,-0.671188687222255,-0.346127610282342,-0.226483766221905
-1.29939320057242,-0.798837287767498,-0.426274499372644,-0.206129599831932
-0.606179319934145,-0.631987730297076,-0.667229615367146,-0.742246192354597
-1.58261327054957,-1.23097898097989,-1.005607236161,-0.911680699111396
-1.37956520208259,-0.809087484048378,-0.460392340859259,-0.298390000549966
-0.750860466204893,-0.454491542677163,-0.24777542388983,-0.137470480843487
0.18950353002864,0.65331875108451,0.955118005597909,1.07929897240618
-1.09872832554124,-0.572543257008701,-0.345425077624719,-0.319246725904539
-0.770315197289902,-0.566752773816993,-0.480818349237889,-0.511547190332752
-2.35913842919282,-1.69878576839813,-1.3159693813187,-1.16178183878747
-1.27239279786463,-0.657524253667416,-0.275143074793761,-0.0957868110488861
-1.07538201437373,-0.499066337973994,-0.181815713877956,-0.0851275898785211
-0.963597978625639,-0.61581442912502,-0.42847426106394,-0.377952327240601
-0.621361571335554,-0.232442910239749,-0.0130380790035948,0.0386729454963469
-1.03579645440867,-0.532754752192101,-0.235649314319121,-0.114049136194663
-1.63026382997789,-0.983252864767034,-0.519548174028991,-0.235683527724995
-1.86160570293953,-1.4016885369143,-1.05476778381688,-0.841226523107095
-0.862463943283935,-0.803228180895147,-0.767092865031171,-0.781727038957148
-1.54525065458487,-0.857053983215415,-0.404499213390774,-0.141606338784954
-1.39789949627683,-0.766778081318785,-0.382149772519154,-0.223533980788557
-1.47428066210209,-0.940672271994815,-0.651313673184745,-0.566838258003264
-1.95659750388314,-1.46965871695135,-1.17434578838434,-1.05512180001076
-1.17547863374273,-0.837979090387311,-0.668768101306893,-0.646816470496848
-1.20681416886737,-0.867569573656544,-0.643003300436632,-0.519733527901957
-2.1542123969048,-1.7450066911458,-1.47217878179315,-1.34354291575427
-0.907598443158632,-0.602538424181035,-0.481826155492225,-0.502148802891423
-1.39542719605061,-1.11942560992113,-0.968464576913051,-0.950461704110176
-2.37228601759981,-1.5926139629587,-1.03013194889533,-0.692321187219191
-0.302008198720896,0.167083112064304,0.393903680095686,0.426674420793866
-1.03738044489986,-0.485589369303755,-0.14966298451203,-0.0193802676691968
-1.8755296370169,-1.40139379032371,-1.04649908784954,-0.82359420671611
-0.822690603912063,-0.369798931953971,-0.0679290266609956,0.0823370854036049
-1.65274814605027,-0.904036192707281,-0.443586106634571,-0.202604635107195
-0.80199308702257,-0.371650091531297,-0.0988295033847245,0.000950217801728215
-0.539426433620273,-0.0667793529125836,0.153486540767072,0.163935143381104
-3.12304008601271,-2.54058644639561,-2.15825482953396,-1.98104267934784
-1.04869427068289,-0.690419754099368,-0.443288726365871,-0.324745623426239
-1.09179684275499,-0.597281562053895,-0.415002432684095,-0.413674958493382
-1.43385208462512,-0.965525298741669,-0.672646881971754,-0.547630487659809
-1.75415815596784,-1.19309034015587,-0.814437375900192,-0.590739777293274
-0.880859339340877,-0.569144507047554,-0.3816098795091,-0.317163744154518
-0.777986012186107,-0.476353316928426,-0.27625916774886,-0.183578643777543
-1.39508750445242,-0.926646552715276,-0.665181659014254,-0.585777735222885
-1.72933195826866,-1.32951522046477,-1.04112823434075,-0.852448159725918
-1.2774609541582,-0.69186891138931,-0.370255124846008,-0.24740667230124
-1.23338793533175,-0.537312525064698,-0.180428051632191,-0.0798724829179435
-1.6915459253383,-0.911983759511382,-0.379900610191314,-0.0853187070467612
-1.12302569689713,-0.718529241596611,-0.496476778218067,-0.451124148209674
-0.815770675727735,-0.785131729555143,-0.784606865590658,-0.839388844173174
-1.17207170338271,-0.297138443458365,0.227344996689143,0.451371929771083
-1.49588746607578,-1.16891522958654,-0.991754930915041,-0.974176758042843
-1.40246032880448,-1.02131246914773,-0.734892672636126,-0.551016288808922
-0.447023378014575,-0.215033262658205,-0.101689529405697,-0.116556935895213
-1.36540194059782,-0.98130877491352,-0.736560438242234,-0.622099434982583
-0.976721488509995,-0.62400421529672,-0.348104395706007,-0.160921622337363
-0.911404228226453,-0.306574872742256,0.0460493143661636,0.199807582632096
-1.6178669086521,-1.11063790173535,-0.787817650698322,-0.626824319291248
-1.20492815445744,-0.713182606250081,-0.467669973449604,-0.382170542688569
-1.1143897446955,-0.472884563005841,-0.111556098990378,0.0378860166476592
-1.43378650413284,-0.940834662665177,-0.631362755712666,-0.48657865526191
-2.57394755857464,-1.93941986832757,-1.49693792058098,-1.22396079409606
-0.122088244717948,0.344057373161175,0.635581503032758,0.741954698902478
-1.91345027810222,-1.24359724456758,-0.787028172821872,-0.497898262743478
-0.967004650309327,-0.337482057229841,-0.0156430750589296,0.0849855269987445
-1.33761141004097,-0.969633550561463,-0.706041091361816,-0.546345196611344
-1.73641681700361,-1.30422114189746,-1.06981508531404,-1.00963102967251
-0.231092259051478,-0.136553458305502,-0.10183497039907,-0.146766424904812
-1.1674579739449,-0.789527320705073,-0.588925994423865,-0.548720575925063
-0.632870517838767,-0.130696805399029,0.065821495028603,0.0683914115858534
-0.959574465467786,-0.329738382048202,-0.00925188738816912,0.0500376921340893
-0.612696473126544,-0.312857137476862,-0.155854821505345,-0.130764417282098
-1.33430937390725,-0.769433072511779,-0.447835761911332,-0.355974754818639
-1.72105971722816,-0.913752175888095,-0.379705091811378,-0.0857087224044292
-1.77358217568553,-1.22287573396496,-0.849631779116832,-0.647520796081213
-1.24926521907464,-0.779270106290329,-0.467479910379274,-0.30233388127706
-0.559281445168235,-0.325400606562608,-0.17833299435354,-0.129988466421578
-0.604212673700671,0.03543712098623,0.462998998030062,0.693612796059055
-1.43553388533028,-1.03563031777058,-0.770014170116744,-0.638476804070349
-0.668953809652602,-0.113271916676927,0.190929914629496,0.286989277303245
-1.1314424050374,-0.404974607102323,0.0213120276002091,0.208783301959756
-1.2942468696826,-0.5637687603047,-0.204170266213607,-0.112371277482516
-0.779652755214523,-0.266484963214662,0.0676735808664173,0.217175320273425
-1.6214695582106,-0.987140333818608,-0.641036941142822,-0.50203764701072
-1.69323136810294,-1.11738069225557,-0.755135042351789,-0.603745851992647
-0.668357383008513,-0.397917926444668,-0.23741619552019,-0.186859221520254
-1.8057645683237,-1.40777834389174,-1.13294094519005,-0.988505926984532
-0.995953362345244,-0.836191680527872,-0.754931205284593,-0.751836136948356
-0.362205303058309,-0.0259967800443851,0.132554753523215,0.130634588824623
-0.829887129810634,-0.310676317485155,0.046619781739538,0.242724746592067
-0.676802800459868,-0.161644674095436,0.121351076125456,0.221321850308636
-0.91554916447717,-0.520464289305519,-0.342056265544209,-0.32104504434108
-1.89739640850907,-1.14857139635505,-0.718633211682967,-0.513057153246023
-1.40888244097149,-0.706610225546133,-0.334464163011733,-0.208970391572745
-1.60247980698718,-1.16038943588581,-0.904808080864358,-0.821993387680783
-1.12341665383526,-0.752252867308881,-0.5071985707432,-0.391314096706668
-2.10706731755202,-1.62855289997078,-1.28430507530768,-1.06519997779146
-0.989010569423647,-0.626149819706446,-0.407572706692432,-0.324227476576008
-1.2734921492307,-0.703911630979048,-0.403376761331602,-0.28278906490789
-0.254296317058316,-0.146981209633836,-0.121040654336527,-0.197806407228337
-1.57985790689317,-1.16405281791566,-0.890441922593455,-0.749036667999583
-0.624281357972283,-0.19114564129788,0.0785831272926795,0.170098289764446
-1.64128212010015,-1.1463085053719,-0.849559006113349,-0.731601556351139
-2.05351489197388,-1.46548212961065,-1.11974898064433,-0.978061646756546
-0.751326416434827,-0.22567185513756,0.100792153775076,0.246159700999936
-0.785324263241794,-0.150306581410314,0.154287258153562,0.176110442259342
-1.36283342309713,-0.922717142152802,-0.578712829068775,-0.345849561947212
-1.81750005043988,-1.14940588433955,-0.728757533025461,-0.522998156300273
-0.926182287677939,-0.478053965916078,-0.261194352152006,-0.213587477429498
-1.18657202755727,-0.740875140219532,-0.487199105801697,-0.408441793162167
-1.73408115900521,-1.18541380988894,-0.821365989644582,-0.65267228164205
-1.98781108656402,-1.42696302610177,-1.10273739428077,-0.968036115588577
-0.777769679910685,-0.393497323502439,-0.168415822068034,-0.0931059037763389
-1.49485829821755,-1.09692153724871,-0.832657486192126,-0.702698744835737
-0.397013129380504,0.141321944795473,0.474377896088467,0.619279212808305
-1.34296266535186,-0.615019912949029,-0.210450868373839,-0.0808962287646854
-1.02696983742341,-0.375717048719078,0.0396302342342864,0.230309398559009
-0.453279632371,-0.319832035199915,-0.260457189568066,-0.290089035008216
-0.740551752291909,-0.204499728772968,0.104998360706605,0.204167983606733
-1.52307897602776,-1.21837436123189,-1.04114499952077,-0.988698415666203
-0.779256821341336,-0.422168675406512,-0.230500135062025,-0.198353480086292
-1.55888447688488,-0.955984784831054,-0.604927256119782,-0.463727008415373
-1.14618766127468,-0.606412396547707,-0.300772613179967,-0.198362740536277
-0.902910403279815,-0.778725676047855,-0.705327662257774,-0.709226953816863
-0.708270933036658,-0.405574085671181,-0.202623373321333,-0.112859802423001
-1.45310876527458,-1.06321924567555,-0.800313635977915,-0.668637857594052
-1.20080668329471,-0.579754207642663,-0.341105074407789,-0.322123590586832
-0.506146512375035,0.0852055222820264,0.475167244459976,0.657653670606823
-1.68448086476439,-1.04218211071913,-0.669258426636378,-0.523991137853534
-2.01076895269252,-1.15220915654174,-0.536039212089616,-0.168262419315903
-1.12838484645635,-0.590732005724248,-0.354426898490758,-0.325009249463985
-0.500794313458236,-0.123300575711145,0.13172269308818,0.255339783903183
-1.8526498875956,-1.38244854021449,-1.06876905831973,-0.902134599945981
-0.785923491748491,-0.437033993554905,-0.249851301816181,-0.207856603895598
-1.74799869854649,-1.05073292688261,-0.618971803087983,-0.401143125511893
-1.46530569127593,-0.831171971310928,-0.480383558377531,-0.366449724889927
-0.956768878646843,-0.513305609108262,-0.175156224599358,0.0440180370791701
-2.19631813607683,-1.29051634009085,-0.731761773642166,-0.452765929580664
-1.15347731092582,-0.953091529033936,-0.835821480586295,-0.801753152854432
-1.74454631872566,-1.29120948992621,-0.954778298977218,-0.735095035443551
-1.03364228719608,-0.457803165769644,-0.101761031184748,0.0530166613039231
-1.197648422948,-0.482804901925595,-0.0095924688867937,0.236560721531039
-2.49261032794008,-1.81295394699957,-1.28503353562259,-0.937794097275448
-2.28933499617904,-1.606111957558,-1.13440370564304,-0.859536139379734
-1.90852122763648,-1.40131155183018,-1.0947447852847,-0.969277064496987
-0.257172179071408,0.200151327903505,0.463964832815262,0.545381105182922
-0.908611105602373,-0.504695116554874,-0.258331983154674,-0.164557899271851
0.138086978258561,0.268703343468947,0.335140177989725,0.303721890651229
-0.46875887562777,-0.0852189400737141,0.123695324081614,0.176460460082563
-0.319301921325958,-0.195917967665127,-0.119714996923226,-0.111044426809184
-0.333432018091719,-0.187686996891485,-0.104010388441067,-0.0980157587030646
-1.64407098673713,-1.24627894012236,-0.935788003277022,-0.719572916974705
-1.48057471844865,-0.809901604741353,-0.378961994870757,-0.160586149264417
-1.98879035260402,-1.41642120614271,-1.04141384661169,-0.844767933302368
-0.659041137329138,-0.303910633434055,-0.124557955154105,-0.127205812223445
-2.02048539175269,-1.36831933036488,-0.939603408980942,-0.712991746476671
-1.90815483930898,-1.32590386337634,-0.969862307895867,-0.832993734065364
-1.93010292471374,-1.39231474836912,-1.05351989530202,-0.870796934036336
-0.883763998977568,-0.426322354553368,-0.218890958689173,-0.197629971234524
-1.13845730179221,-0.826833949866126,-0.602159309096257,-0.469501991035877
-1.13361403998257,-0.799297396898071,-0.56130015602127,-0.427258840571364
-0.767521048769385,-0.42125535605767,-0.222190862681383,-0.164944290187898
0.150399332066198,0.278830905116141,0.336234531765434,0.308218270766695
-0.821088948191725,-0.265073297103091,0.0602157437923642,0.158998676854718
-1.49747478156251,-0.788444219442076,-0.335656162637212,-0.113790727021071
-0.332209144551208,-0.152696496285765,-0.0195358291843355,0.0377452480813009
-0.831270142325952,-0.217894772166499,0.0636149613045755,0.11529411584367
-0.61358321941144,0.0234658823919334,0.400723814264166,0.543652739986057
-1.0085382019756,-0.48629167670498,-0.138153880399727,0.039184452213725
-0.903395084830226,-0.150060156441609,0.278874564428028,0.408444474532341
-1.44937680639945,-0.827084337371584,-0.542902182138097,-0.487289519239629
-1.57912008351038,-1.06997984211116,-0.750659306523079,-0.602546950729015
-0.90656172175189,-0.388403797130623,-0.0917771428178973,0.0310860631528804
-1.11563282224938,-0.786671749810544,-0.571695211124607,-0.473954088476326
-0.994106214975878,-0.201737545824338,0.258318493244198,0.446543732519622
-1.29412479783033,-0.754993336925954,-0.495675616780876,-0.445907223646074
-1.31590190034423,-0.717533441757328,-0.328974480035873,-0.138977176740504
-1.31004179052489,-1.02581847061282,-0.824837013602048,-0.711920268954588
-1.07258643970682,-0.362438375770802,0.0474646686185302,0.198769437255935
-1.71804136949364,-1.32121112707147,-1.03929723384352,-0.878527766630034
-1.21006317393584,-0.719174291667077,-0.417359446895105,-0.287911595190675
-0.963426373537388,-0.496803650237644,-0.237877747074412,-0.170925178988555
-1.22694781273722,-0.731688787854683,-0.43728864939682,-0.321792798628165
-1.33136766862832,-0.9185928113152,-0.713704176974958,-0.676541228544282
-1.73975547779318,-1.48158498993972,-1.32013408867335,-1.26053203961909
-1.1896042841715,-0.647817529800198,-0.329647912225763,-0.201919839108987
-0.801890093798533,-0.194624327334404,0.205027860131748,0.405577813756939
-0.416939496435128,0.083033046735629,0.361759655442008,0.442836501539271
-0.608456164706334,-0.136270337714422,0.100937572469713,0.152468367227644
-1.86634829848594,-1.34458183437079,-0.957457656904223,-0.720866397780801
-1.43068605588103,-0.927820818686975,-0.577391694977659,-0.374338781685108
-0.960811555944547,-0.477870070077471,-0.173136031011459,-0.0501077329849669
-1.04083325794875,-0.498589132001182,-0.203109243790633,-0.117679577650734
-0.590370191241077,-0.0326975626655139,0.260898747842,0.326425001804641
-1.00567886767861,-0.451580715851059,-0.141659743922126,-0.0262131804889721
-1.40970442985324,-0.684826584004201,-0.2627044395828,-0.119358654819876
-1.57199103117737,-1.17920513176022,-0.904240127901696,-0.752780753417763
-1.17412087895241,-0.785263380667147,-0.527339986644735,-0.399595266203283
-1.68370995834678,-1.09157434605862,-0.717728975544481,-0.562992802668006
-0.721955970067828,-0.40508440319242,-0.203244579039298,-0.123890132211494
-1.20749580251418,-0.803051444990392,-0.565462551231974,-0.463986831594546
-1.58932876695077,-1.05426615984764,-0.65416248378905,-0.39564287530675
-0.467023308383991,-0.162660003365477,-0.0113819387783361,-0.00443539947234556
-1.34838921687981,-0.873671512468969,-0.559361194265836,-0.397992729619348
-1.57994299096609,-0.849892852290305,-0.353199873688028,-0.0703004926244074
-0.607890853103961,-0.378630461830398,-0.24405099588029,-0.204926897294517
-0.805285677674728,-0.219305621424629,0.0878673587830233,0.182761105154111
-2.59066895358876,-2.07456950654171,-1.68906698128463,-1.4402143222706
-0.426779363234181,-0.0132728273838588,0.255600445816349,0.369650559402059
-1.53200654488652,-1.19117770504131,-0.984623651228686,-0.896287773376747
-1.57306333503802,-1.20314077174876,-0.973918431532137,-0.877057018100834
-0.48347633276188,-0.00769591189134576,0.260803063602586,0.374033926647821
-1.71385680146104,-1.20641578131823,-0.869311217142298,-0.691908988635652
-1.28905670396224,-0.747178707745708,-0.494433034317049,-0.430771987093
-0.779882590287091,-0.363617145697679,-0.0831793264501705,0.0585503709480445
-0.834694074036344,-0.223261121630845,0.0602145841010319,0.0827890271204978
-0.986151254762141,-0.402612571718294,-0.0717149800296155,0.0645531199742239
-0.77561941232608,-0.125722010085595,0.202314822557396,0.276370809026213
-1.90749816199355,-1.24652699801268,-0.786868821583947,-0.523318038095956
-1.24626374899055,-0.545855998823942,-0.120421836351512,0.0766163252565982
-0.361363516980088,0.207600940608127,0.525431718306631,0.606785292247605
-0.813620728759578,-0.411468905291242,-0.19277975825499,-0.130208010740287
-1.90784115227632,-1.20725531922773,-0.745246049358205,-0.491797810093514
-0.756895057605838,-0.417924154877338,-0.235955161035598,-0.192505236605403
-1.18498010793821,-0.903889133704636,-0.719804990490127,-0.633923542905787
-1.36165420444787,-0.90166904403192,-0.579618369693774,-0.383131569499527
-2.08067510425494,-1.58259180989794,-1.22814625286093,-1.04171395220332
-0.649236259960171,-0.197730889292357,0.112388144879011,0.268614403297933
-1.63362821874842,-1.15712577590239,-0.844489218103355,-0.693751304842743
-1.35945267386403,-0.824619678573925,-0.477767365098139,-0.320592202993233
-1.43873801770054,-0.899194589943244,-0.585147798717842,-0.477019708152509
-1.06652833825672,-0.364786473062207,0.0230451130932808,0.153407690688808
-0.92719670437911,-0.298581761719918,0.129061623281243,0.339292173065585
-1.21637775620375,-0.638926730679681,-0.29375979020048,-0.165906027361124
-0.48913187796085,0.0201748377014729,0.323228379155876,0.454058812888128
-0.719677710356644,-0.264471753689489,0.00337087428439661,0.090359365588119
-1.07202186272408,-0.656654356469665,-0.386357198853988,-0.260944943589825
-1.04871431879883,-0.668921590111291,-0.417964012014478,-0.28352465447892
-1.70311042481682,-1.08031672739316,-0.704779769176738,-0.530090463362698
-0.932124452332327,-0.599291210826937,-0.418545638328229,-0.369361434256511
-0.387542802526689,-0.422604694472711,-0.480235487327247,-0.582543054827804
-1.49393876694495,-0.834674235277611,-0.437563486772901,-0.25303769215856
-1.2332211700029,-0.980975536723866,-0.838298274876787,-0.802957107634707
-0.549959924578368,-0.661375454078413,-0.718991733969723,-0.775321671757656
-0.669048246894615,0.0210772400411218,0.459337252677616,0.662776377341752
-0.375124542820686,-0.0551382804132047,0.144334374524856,0.21675475240808
-0.599740185255062,-0.23023158197858,-0.0413536900468912,-0.0246505478276109
-1.09939834334447,-0.501955531300132,-0.218255972416125,-0.156847605842671
-1.10139661501633,-0.411213776778781,-0.00897363960564487,0.167788778830469
-0.515662389549334,0.103878561565462,0.516965428466504,0.706802499108845
-1.14016965637269,-0.942717070171264,-0.822105631000854,-0.770915931356973
-1.7389293247004,-1.36647040751265,-1.09167544655887,-0.907509268600652
-1.93391746157865,-1.43105116461676,-1.1579868394585,-1.0676848198681
-1.26730712723624,-0.752567833202779,-0.424025931616433,-0.278013870480815
-1.15341392522822,-0.601164043994394,-0.261797526390595,-0.0922350516287193
-1.6208800576053,-0.913129700689673,-0.521554009475838,-0.371028322622745
-1.0886826379979,-0.770043664358858,-0.555739534167771,-0.45784658523764
-0.809844154967491,-0.391482686619641,-0.138594516864644,-0.0460172191492706
-1.5646939861603,-1.05397538004542,-0.725165293770939,-0.597065914354987
-1.50476761450848,-0.963766741899345,-0.67524532358192,-0.583210826618557
-1.2081823698271,-0.707935054405983,-0.395061590934782,-0.251567221854639
-0.989212723300222,-0.597871403361273,-0.323816551473824,-0.163055768099997
-1.30316096677272,-0.68870578308225,-0.331658820515991,-0.198680994333337
-1.01704566379233,-0.572886380096871,-0.286866732113043,-0.15380409916787
-1.50486644914952,-1.21557697551042,-1.055709887124,-1.0470031569676
-0.968931410412791,-0.624203583498666,-0.432637948532167,-0.394511418538086
-1.65005983779976,-1.03535314399443,-0.688094598886847,-0.53761653734019
-1.10753195891689,-0.506952981274749,-0.170468075982219,-0.0412685044513075
-1.34227817760372,-0.758770404118118,-0.329628740829626,-0.0562719955634534
-0.882433560327769,-0.53438133999101,-0.336161068517095,-0.268919516095955
-0.778856592264211,-0.40014500143303,-0.175419787819078,-0.106336563767556
-1.7896935154365,-1.0398865042313,-0.565150408539627,-0.309223097296263
-0.95471737166427,-0.663865695888507,-0.463969182245493,-0.362360138592806
-0.968439933310325,-0.409109970332182,-0.0501882104729276,0.123900909520266
-1.34330098396426,-0.846265170101395,-0.529866215769885,-0.375417390874707
-1.26636802243024,-0.791746850331808,-0.53123691918416,-0.445402007983677
-1.28824145824129,-0.784553756903351,-0.505925357990101,-0.426680652648978
-1.00486825641423,-0.421834216666709,-0.0766827891675268,0.0510899231154759
-1.14903636185937,-0.900776715807845,-0.764772943025344,-0.728455839986692
-1.39228151723985,-0.62511838001351,-0.17860135100124,-0.00450862347733205
-1.66435356656568,-0.874409106760233,-0.383109016439045,-0.15904568533225
0.0229339823936987,0.261599678380299,0.396267903034613,0.403601396104715
-0.430830823301848,0.0369628837062685,0.263442916536581,0.268404719776885
-1.37377197684931,-0.773968671854025,-0.373621122083797,-0.15371609906396
-1.72309673764822,-1.16162248327875,-0.821739583621523,-0.671042372277116
-1.048131217134,-0.308262700092417,0.104819899443048,0.264912791449922
-0.820489808676669,-0.388082848520354,-0.229460631716903,-0.263987569107115
-0.232306812044315,-0.125387889529118,-0.121975403354121,-0.244444112624932
-1.29229902351377,-0.891803396377449,-0.633148698527696,-0.521275226965187
-1.13581066755603,-0.619516110563822,-0.28973251759568,-0.141632180374359
-0.843400962762623,-0.483124739996213,-0.24283228769658,-0.13523101281047
-1.59741903835644,-1.026645571104,-0.650797371971509,-0.451416783937824
-1.46442937676778,-0.895842505682824,-0.505127177744834,-0.281786125987231
-0.566470784356032,-0.328044505837448,-0.189830357799928,-0.152695241237828
-1.67947370759097,-1.28351880459294,-1.01827791915617,-0.868495619732969
-1.22262669063655,-0.48102833256085,-0.0324804592451648,0.153927096041364
-1.09687304427518,-0.45502035678577,-0.0664913740918682,0.0984042593262321
-1.3630910869413,-1.00183221196595,-0.745597344038067,-0.606110088606053
-0.740013523773942,-0.327598654011943,-0.124657856358378,-0.103050368824908
-1.35403955219935,-0.880046509515498,-0.532965877798887,-0.32211396842297
-1.19186572774324,-0.762339874081343,-0.52165177639745,-0.42719752849476
-1.65147380212679,-0.799538054224104,-0.392595670109662,-0.27988642028471
-0.991536606207602,-0.473527227121289,-0.234586236327963,-0.200962800809026
-0.767530288609668,-0.227275191149397,0.102815577396026,0.229542220249725
-1.64076761586523,-1.28703817500603,-1.05061751733482,-0.922764116006509
-1.56022297562235,-0.814040720636928,-0.380934453527325,-0.207703614309182
-1.99695330193798,-1.18708245029093,-0.702192858619113,-0.473862557991587
-2.65640772281853,-2.01974220586775,-1.52861616336753,-1.17880954040503
-1.47568557000726,-0.966625762577224,-0.695764046067278,-0.605043976648523
-1.33157275901612,-0.826947497093934,-0.473084349837916,-0.269517412407434
-1.08543485479382,-0.522765544958007,-0.257780668025823,-0.22021776350978
-1.70096407739199,-1.39723208727307,-1.24071474139056,-1.20706850428371
-1.37698233976878,-1.00811845220341,-0.794608139520526,-0.744128333388986
-0.557041179918211,-0.29133487432196,-0.105872274189109,-0.0179840050866091
-2.50749143578907,-2.01431374216023,-1.63681682631704,-1.39437093376975
-0.607878389073534,-0.264439510259958,-0.0730240573271614,-0.0424130714415237
-1.20449252788117,-0.817331187329694,-0.591163442458955,-0.528509639984921
-1.01460065912698,-0.395977583567699,-0.136709775220285,-0.120841997425176
-1.39062603926777,-0.837136524249833,-0.518438217879473,-0.392973747902165
-0.34073392658159,0.0732502137806512,0.268740333504154,0.249641703867389
-1.95091346450166,-1.48589049195743,-1.16749773738337,-0.974046186889847
-0.54138428783653,-0.0323112055771176,0.302344767831221,0.46137812496644
-1.31941146655235,-0.9300609256887,-0.71200106021939,-0.642145145502332
-0.61636689112791,-0.392293305930798,-0.304037461903532,-0.34799097970852
-1.52099823986711,-1.04207835995283,-0.75540257106818,-0.625919660845266
-0.964159637363717,-0.273890610831341,0.0539513249547994,0.10950048127727
-1.08613283712311,-0.725972165686143,-0.501876692607926,-0.4052160478488
-1.33545009957632,-0.900459589285854,-0.645209239282099,-0.56885134505186
-0.560898195705637,-0.329585218211545,-0.187486995745776,-0.137961265525829
-1.52301868598262,-1.25393698198968,-1.09111170889164,-1.03604144804521
-0.242938674001975,0.122940601514771,0.223819172418671,0.125535023640257
-1.50716222364549,-1.18625681629942,-0.981153628128882,-0.891352645234247
-1.51808035936386,-0.824841406968353,-0.314041103215309,0.000999344394639029
-0.845475951211004,-0.600796630622889,-0.520086690019794,-0.597365251086837
-0.842482977028671,-0.0435285589920477,0.364760796456034,0.49369280688336
-1.2987210836866,-0.711113936966004,-0.324514070263098,-0.130272768926455
-0.968872029478244,-0.483901912039667,-0.21325040882572,-0.124691240363469
-1.20397542719926,-0.817736379842776,-0.58440887385122,-0.503237663336619
-1.24253407805527,-0.697093852395916,-0.349241881651881,-0.187432397052343
-0.988559567652821,-0.437207147669505,-0.164838787873059,-0.0889456359315447
-0.843466137784593,-0.273809811861001,0.0656379579274756,0.197360126041965
-1.32499558735839,-0.573370233062707,-0.198403574738942,-0.123379900913872
-1.05556543566625,-0.666030433481082,-0.421829284349231,-0.316032535404609
-0.453552063127436,0.120888540422297,0.39340938353348,0.39254584255663
-0.674626868431665,-0.135051138185657,0.167723729359808,0.270952061373266
-0.760539756930445,-0.531289972324156,-0.431751935478712,-0.455439552366736
-1.31479278441608,-0.708118699160948,-0.280745442438566,-0.0382060131976739
-0.333224388837314,0.100056722515809,0.302880675183061,0.32297484184072
-0.803309409734512,-0.494367918136972,-0.310939034834269,-0.263853383022507
-0.402625118758853,0.00405998043293517,0.235088335661564,0.292177699380654
-1.48922421543891,-0.74698928065581,-0.315870513654126,-0.13162151954262
-0.744954417167553,-0.386096557945481,-0.18980635676133,-0.132898222601198
-0.892423488834085,-0.382656254732883,-0.0931291222682179,0.0215161619197623
-1.13157637673552,-0.687863334147811,-0.423143765809551,-0.337493241355762
-0.471446938628513,-0.0570720269315785,0.152406985927463,0.213277007762776
-0.873487832579439,-0.506466737716534,-0.258124201211127,-0.140542476041811
-0.275034785258792,-0.0352291964174996,0.0755639604509754,0.0650291833249114
-0.899644321784294,-0.0109915054031288,0.493887630483376,0.684731169852918
-1.34912857788331,-0.803639118457689,-0.593930383683885,-0.612873995362588
-1.58612814527969,-0.780552739868672,-0.30381278053559,-0.108205288990709
-1.33210395611187,-0.751210787072413,-0.389789736475983,-0.243065644486117
-1.03990029719287,-0.549824391615644,-0.19223256775462,0.0396584193281355
-0.70812959442439,-0.457924329987818,-0.351042914360352,-0.385706862752788
-1.14038486763786,-0.429823957941395,0.0722151770502086,0.38014374861273
-1.7156665989346,-1.35284635217101,-1.12032896593517,-1.01901406224363
-0.965007082318353,-0.447203739037853,-0.14833492467727,-0.0249615915878184
-2.2188123510979,-1.94271345854914,-1.77231718759554,-1.70553277071134
-1.16028067802174,-0.46928497627806,-0.116484208121078,-0.0132846457106506
-1.57134486282785,-0.909423615848788,-0.452536244695883,-0.177404678080585
-1.23850156145025,-0.942552552437942,-0.752651947965017,-0.670903537293491
-0.703982702138737,-0.439860532544145,-0.296690147564484,-0.268563801616562
-1.2578030130972,-0.511146174802736,-0.0764251495425633,0.112419996877695
-0.580577898868529,-0.393709036940667,-0.28556592733018,-0.269448111939669
-0.785429268993953,-0.467356625126906,-0.290428003374584,-0.250398527602692
-1.14777699130481,-0.777384566763881,-0.516386475199826,-0.353972881976269
-0.561913112605229,-0.324621447223178,-0.188027918874058,-0.152914137629701
-1.32210865369074,-0.839245688176322,-0.514948794933834,-0.345485959726166
-0.628107402044957,-0.120571434079853,0.187002064852488,0.295866960386345
-0.934035416351802,-0.419044784768425,-0.202953248147851,-0.203685821351068
-1.65381035076186,-1.12673375246504,-0.772187086915346,-0.561919812689489
-0.836377089356882,-0.56242675089921,-0.391587867305508,-0.328449928419698
-0.503839546842805,-0.04169239079223,0.20488179653512,0.262492849157691
-1.04896779558487,-0.518396032904856,-0.251106278777673,-0.20545187105018
-1.06671851161355,-0.814463077292084,-0.691226700638982,-0.685630588069188
-1.03578767955922,-0.451293768774845,-0.0710714396809042,0.109975034088133
-1.07807404402442,-0.466673513461704,-0.110667852041015,0.0415863581164018
-2.29482337740053,-1.75655186353559,-1.39530372019741,-1.19906092035317
-0.989091178690273,-0.449703955506569,-0.0807805992413037,0.120534726244123
-1.03128108333954,-0.521372931097573,-0.198670716663169,-0.0681464948516384
-2.21127478327417,-1.63590316565343,-1.24887436417819,-1.03792839485683
-1.2477022532333,-0.627944203446985,-0.208894823198359,0.0116204099704794
-0.787175816105882,-0.353618595142301,-0.154357564585936,-0.173500587465466
-1.04708613778301,-0.600057424222756,-0.36543070072027,-0.324463026760884
-1.28802989554758,-0.919930324817014,-0.76930479315413,-0.785846606539365
-1.10356966164747,-0.776555287547023,-0.581628575583065,-0.509080285603189
-0.869976477959827,-0.307597391893896,0.0324511722881857,0.164585668274388
-1.42082299255486,-0.86471160679631,-0.493464892348362,-0.309531949695397
-0.982834469505159,-0.571643606433874,-0.364517981463183,-0.334247795018516
-1.68844066456953,-0.71906159753781,-0.169873443543224,0.0675342738132216
-1.16792262413509,-0.619415410695233,-0.317675940836831,-0.209425984752456
-1.40261539593155,-0.803542018010945,-0.399853315060263,-0.189561221406493
-1.5721017071581,-0.967971060576278,-0.595920717543938,-0.410995309317496
-1.73061148875917,-1.27652149610428,-0.966217098200919,-0.790771330379903
-0.505435489397595,-0.0192048889969838,0.261535091243211,0.346621109158433
-0.401279571954432,-0.289542410400164,-0.215159741172765,-0.19593326142529
-1.14850139636878,-0.591320092753209,-0.272746215763135,-0.161238499930396
-0.738379556237444,-0.350294268075931,-0.0976840156323404,0.0290669115194003
-0.815002538505085,-0.431895908323068,-0.149075190990407,0.0134676377281198
-1.09343176504521,-0.449149380966893,-0.00441040351102331,0.262103373266159
-1.02949928247952,-0.500573832364041,-0.21926337744168,-0.156210096115029
-0.34904929627425,-0.11102104108404,0.0515122315573585,0.124523068743674
-1.5708865041344,-1.12326695332251,-0.871124695138731,-0.817277568270433
-1.97491666793954,-1.58474894211307,-1.32843096385361,-1.19550389377332
-1.74491847323611,-0.983233658484842,-0.406474530320833,-0.0170384254099754
-1.64710306299817,-0.939704633171099,-0.431775696924836,-0.11579299449692
-1.60664884193194,-1.21377881177618,-0.98470718136141,-0.901746014901718
-2.52991654218065,-1.66357925007929,-1.1427654762734,-0.851163364700144
-0.663139339307134,-0.279270373477426,-0.136068952732859,-0.161250877877298
-0.482647900560535,-0.0426956594240367,0.207344588891683,0.279521572174145
-1.26228556050186,-0.654911267444328,-0.30705093685069,-0.195455753277992
-1.21370379160342,-0.899838102182259,-0.709172267216794,-0.640273772173129
-1.16019549627056,-0.946278386013575,-0.819189071183193,-0.780478291477644
-2.4607925094819,-1.73269808478543,-1.26070340840325,-1.03172125843869
-0.368132973373349,0.169012947963704,0.444916364006845,0.508886578510021
-0.776713231358818,-0.369222693117185,-0.127372177314183,-0.0516747949013625
-0.481211284004856,0.0290766340482218,0.29793959160636,0.379176999514867
-1.51876262146034,-0.688208209107791,-0.216169514739701,-0.0308369225567172
-0.874941930416912,-0.478914526840027,-0.26334904743626,-0.203211827943387
-0.678038375718184,0.0160555786203112,0.382446665848364,0.477761261836994
-1.19644659370035,-0.914640460432203,-0.779551267623008,-0.757311687531504
-0.444050309546832,-0.150252683233883,0.0478395668606058,0.13620410168695
-1.25732563262596,-0.444861779462985,-0.0536164556259291,0.037473272798053
-1.04186219966535,-0.536026366455145,-0.188777148662406,-0.00246414902916128
-1.43901680093575,-0.744931262292736,-0.379082409921976,-0.209313877574926
-1.40913329949936,-0.893753711568282,-0.608216760492256,-0.521353247066077
-0.509417154709018,-0.296218894145771,-0.168978076742879,-0.133513367392694
-1.17175007967061,-0.284011504515988,0.163911725414687,0.300119852245344
-0.670631277024183,-0.155852890901212,0.186925178780652,0.372019615759251
-1.21200913193756,-0.589764949677142,-0.26808862141235,-0.156937739208939
-0.873461298897004,-0.712718352651148,-0.626814519671248,-0.620260823729552
-1.12156353636953,-0.751180718933187,-0.497656906089666,-0.370992005446126
-1.53793182602546,-0.874502360742179,-0.521684831431546,-0.394805052950873
-0.311392743077588,-0.0237930287749848,0.146975996477207,0.196335470664832
-0.627463754244881,-0.280902369003703,-0.124291338511986,-0.13070223374804
-1.27938997166534,-0.92862609204699,-0.75340295176334,-0.73161916273367
-2.18467171809605,-1.32189274585509,-0.738927105430428,-0.428179790492991
-0.671728514782002,-0.273709002725419,-0.0307313477470417,0.0656304389573137
-1.33615281014217,-0.754245557742798,-0.397239431918167,-0.254917341765825
-1.38584391396322,-0.760246045718029,-0.387944754411637,-0.234969534070352
-0.955415891686134,-0.598273274215082,-0.396629080457828,-0.326775907243369
-0.594912104228633,-0.260881393827089,-0.0617495487087809,0.00704386526890541
-1.6155603715095,-0.965273671307946,-0.575785069033072,-0.411571032956607
-1.47243580296531,-0.71919812848076,-0.305676114839613,-0.173869207260688
-1.34900763521466,-0.60526554494759,-0.192332419590078,-0.0658598956406657
-2.02771239830204,-1.41589027570289,-1.03129115944505,-0.831119275916321
-0.889802439698914,-0.490704012176595,-0.26465440850595,-0.200075337204374
-1.83632844441654,-1.18196736447908,-0.759194731029082,-0.51757715807969
0.0194277579599342,0.155798038914529,0.195844161511567,0.118172945085556
-0.696015185580354,-0.416129122704565,-0.253976885116562,-0.212323186063656
-1.72172595304481,-1.24387722754316,-0.946840829269931,-0.79217096334572
-1.25536539007568,-0.938094294755703,-0.746408965378684,-0.679072117798616
-0.434439505221397,0.0158221107107827,0.278891496889713,0.370558346754203
-0.845994777881742,-0.511077963105176,-0.323990608102171,-0.280662133059724
-0.849740921536399,-0.114911690320146,0.14694977803988,0.168590710033208
-0.972371106309697,-0.681786086361191,-0.556138950235415,-0.578425418521136
-1.60114016512674,-1.11872823237765,-0.816867473233745,-0.677837155533825
-1.39904115419087,-0.701345061687839,-0.293177138743784,-0.115385899570611
-1.27168919966307,-0.254149303683002,0.338229101590969,0.583325183638454
-0.795458510790368,-0.00251095416611802,0.521986643493518,0.767845676630802
-1.73684259132346,-1.30615919442884,-1.03714931953555,-0.910738645893119
-0.60680774687575,-0.078144543294447,0.18353168660735,0.245289272802429
-0.595281580139249,-0.110849348715959,0.135675907497853,0.193030019567344
-1.37203946245094,-0.971097109836714,-0.720654517316667,-0.611394188628106
-0.644776661582665,-0.168927433089884,0.0131406523286957,-0.016215686879285
-1.32465089770088,-0.852905663439234,-0.551450400472457,-0.404081243732337
-0.557993141153571,-0.172580594608556,0.0779585797219719,0.189865268737364
-0.834280350406139,-0.441783385041992,-0.178910729994073,-0.0570684895487998
-1.56485581226938,-1.12141200054043,-0.81131622750866,-0.6262921996258
-1.21506329736192,-0.799248236935914,-0.551767161104055,-0.448141313973284
-0.835945109596602,0.133096782846541,0.799924213589012,1.16480751288603
-0.825859038406582,-0.150727658273982,0.232030764296539,0.364975241825077
-0.783730561190794,-0.3047020060473,-0.0613686807299061,-0.0072265930802296
-2.67542993467925,-1.92625531106206,-1.39749416672289,-1.04720381195657
-1.3258566516224,-0.873132745612002,-0.636782740901019,-0.585554205713609
-1.23971016281448,-0.758568149326766,-0.502958588650552,-0.426944871560454
-1.07117037900439,-0.558008317953418,-0.291402839005205,-0.202031214484567
-1.7849368743908,-1.22181689511442,-0.912007845214863,-0.819369868979764
-2.20983596165589,-1.44545550183174,-0.953551602130805,-0.700704822465974
-1.38993449749035,-1.20618220479796,-1.13056402943294,-1.16249847077473
-1.58874676622035,-0.929101799534141,-0.529588372384442,-0.337705878125659
-0.835649869413213,-0.429233275875741,-0.190420422941527,-0.102413497586811
-1.54279468395382,-1.16531666099711,-0.923726162372785,-0.81058186443167
-0.845492677758058,-0.480425972701051,-0.24975493982808,-0.140481549103245
-0.149128775112287,-0.018878426430516,0.0284815754580507,-0.0321423583121293
-0.942794079763661,-0.659657315311107,-0.477211937531254,-0.404946972702712
-1.16981287556396,-0.747501282189744,-0.480365268218986,-0.356790311786238
-1.187899584236,-0.402527302378365,0.0882850482281402,0.310778393981736
-1.2388010985195,-0.785256235563719,-0.461330791119915,-0.273685658444831
-0.569346998085495,-0.0336977057081689,0.221648190711043,0.238902255293527
-0.858103169526194,-0.454512814004935,-0.206914911179924,-0.111472245720672
-1.72676023459771,-1.26125136278156,-0.976452255520946,-0.830720396033981
-1.28213224762883,-0.784307637758092,-0.42898208984484,-0.22027663107695
-1.07875256557317,-0.671395252047345,-0.405297117886872,-0.275650365800221
-1.32391775491496,-0.747391299449029,-0.37229251820871,-0.197238647953276
-1.65861333555157,-0.920238309118103,-0.374348899129652,-0.0150052057823544
-1.50174959159381,-0.722833724776964,-0.231601287219145,-0.00645317657186067
-1.22040494162825,-0.603752760951705,-0.224674616125213,-0.0609524510659669
-1.10646381473619,-0.665938047926308,-0.3911326317858,-0.272018391308938
-1.37495891067569,-0.696563633392204,-0.23634410158102,0.035522091073495
-1.03607731761182,-0.721035078581269,-0.513190934599978,-0.418106898881233
-1.07397650193896,-0.680017086212081,-0.483687934882455,-0.439669743421809
-1.04431194488062,-0.127926817283062,0.346475987331324,0.526406133507039
-1.50262208651209,-1.07357329328216,-0.78729163291932,-0.641226248439326
-0.934785099244474,-0.394543211511106,-0.0669703759137367,0.0607853367629707
-1.07194149432823,-0.408856725118361,-0.0613512870294242,0.0642979688260514
-1.16536278769377,-0.705060922632016,-0.397122160082755,-0.241152984900916
-1.22777610129213,-0.58885628054329,-0.280504000355477,-0.1918213600118
-0.694072144582912,-0.308473785720071,-0.123409918613832,-0.120004453504613
-1.79403229691104,-1.13567996479727,-0.779223855067935,-0.655374676641684
-1.49277789455801,-0.765575399140927,-0.333483113352343,-0.138632097866936
-1.67294283878102,-1.00685712787629,-0.530117637419411,-0.228243712227354
-1.48676191411189,-1.13434627348165,-0.960015926692314,-0.934214844195473
-0.369757811585044,0.203767380709505,0.51623956762942,0.594147096566103
-1.48779427211134,-1.06387847076762,-0.815506447475668,-0.720123468640121
-0.452185717921317,0.136346204303189,0.457599795087973,0.575338363245006
-2.33060835422826,-1.41956884238314,-0.869467037104831,-0.614940547785643
-1.8896014659746,-0.965299743373321,-0.313692131663524,0.0685346306472828
-0.810831371808219,-0.504499919872501,-0.327811040964841,-0.273536506208797
-0.309220930663354,-0.0370227921900261,0.142523919948855,0.214417859422289
-1.01882526845113,-0.831755860489781,-0.723805758965538,-0.704961688325502
-1.21494888802245,-0.848970400380516,-0.670608033622989,-0.630593789959349
-0.792898366267324,-0.594746998233434,-0.526796484639792,-0.580833869166336
-1.22501625267669,-0.935557258332914,-0.761123809726333,-0.694431434452852
-0.944423983574551,-0.32689874877331,0.137033119234781,0.434552049824715
-0.326299365912362,-0.14734883520931,-0.0629193591075998,-0.0875292616765634
-1.61342947626847,-0.998526466971662,-0.577321685104814,-0.351292854839806
-1.09778846891794,-0.663453987206631,-0.392413957913376,-0.257297270497461
-0.806550630712103,-0.557649039955973,-0.438626804269249,-0.459244123247852
-1.14496953205509,-0.844159396231341,-0.674244930808141,-0.624974300741222
-2.01346861498415,-1.41172049493549,-1.04604269464436,-0.833002031475445
-1.91824874529408,-1.18132521290068,-0.704756061140325,-0.454392902978889
-1.41450901134282,-0.828921394192485,-0.455966232480298,-0.282145317338966
-0.748943375154191,-0.557975730937732,-0.453461358772989,-0.442644724183237
-0.837250152777085,-0.500403417807007,-0.291668894357334,-0.196787286358321
-1.02912975215401,-0.434837375632272,-0.108062366492358,0.0113088732508415
-1.66797497492266,-1.18986065892525,-0.945998829192541,-0.886824537018967
-1.82531009029685,-1.38185032225357,-1.12519585358057,-1.02654394522433
-1.36936891395708,-1.05139992819124,-0.894630073401591,-0.86310630125695
-0.92833185145705,-0.415243384940802,-0.0807670843647145,0.0868388356113103
-0.916473113376243,-0.343100803474582,-0.0222737926028816,0.0710710062467672
-0.613017588630234,-0.286926636413036,-0.0503473418303612,0.0827646850259552
-1.20378152480104,-0.596272615520558,-0.2690566027373,-0.175346711879718
-0.773634068765635,-0.15526176496876,0.228246225126937,0.397647654810223
-1.58749095185935,-0.833480066666484,-0.364423874065356,-0.146531576021608
-0.744637340191024,-0.289235833022642,0.0146970868112973,0.164945467401982
-1.1707234463428,-0.629911958091298,-0.326296121496518,-0.224655020807601
-1.36089806967555,-0.839328751394997,-0.454389651687608,-0.215463601388583
-0.97030979244211,-0.534852642827023,-0.283541737286381,-0.180949958997159
-0.654421382067699,-0.395498398048171,-0.242496184210745,-0.205031778650492
-0.796203411301385,-0.585379369503189,-0.464266294097078,-0.43775482270353
-1.16365200792658,-0.665136171375451,-0.369476304178079,-0.250416294226729
-1.22168793679055,-0.729989115726907,-0.373195294311613,-0.161163732563176
-0.9135025059066,-0.224625838710504,0.142119775634236,0.258227171270145
-1.35348583658654,-0.711150686811677,-0.376746980631162,-0.299064138752321
-1.55109346978014,-0.978174162328665,-0.63746787679935,-0.521084216507183
-1.00505294892568,-0.50990603224525,-0.20025122180167,-0.0832578810620028
-0.822723763679551,-0.337492271626408,-0.0910758238939826,-0.0391047763630105
-0.992973319291611,-0.538485013140106,-0.26429500605297,-0.156332382731659
-0.554000676121694,0.0790611876402891,0.467801660744204,0.641764467033546
-1.4560753765932,-1.06437126506042,-0.861784028717946,-0.791559885122181
-0.989737602095842,-0.808358722268082,-0.715600068283058,-0.71805598754158
-1.08466885602362,-0.515010256175168,-0.150497086774049,0.0238878098187475
-0.808698147574634,-0.247842539711847,0.0878566327095927,0.205412214771286
-2.04425070978182,-1.49345964047368,-1.16232853550716,-1.02166137808053
-1.27166896144348,-0.724887338055454,-0.360091848032451,-0.165341723157903
-1.90261302049926,-1.42922295156476,-1.13926204368233,-1.00527079837943
-1.31403935910312,-0.771635798863891,-0.408285345557423,-0.211182762083573
-0.832859172406385,-0.672061834493128,-0.607698194370583,-0.624735661011265
-1.88561398215108,-1.37780948729384,-1.05728476518658,-0.906076766536566
-1.72585484403966,-1.30300269779207,-1.00879084290934,-0.846455178759639
-1.26160891845792,-0.625727139268509,-0.281658459535915,-0.171623501113491
-1.24296600155731,-0.806239923658311,-0.587155915466284,-0.556888942923518
-1.072870465261,-0.762234816581635,-0.61125627675902,-0.591862467990564
-1.39606614092064,-0.971031092231313,-0.691464567410734,-0.547662685951149
-1.88387536464469,-1.29263343619324,-0.915531692116239,-0.717122370581935
-1.25755282235556,-0.490279147890671,-0.0215969502357377,0.202940129996395
-1.16099105686097,-0.600217585756958,-0.334352739070998,-0.272868396128269
-0.786663984291644,-0.819143164430353,-0.820176504497767,-0.841296667206007
-0.963302134622127,-0.431405375716127,-0.127110202231528,-0.0295675345792249
-1.18451895838974,-0.784290486849934,-0.522708927220726,-0.416904817579249
-1.84688484073966,-1.04803680941344,-0.623664877293352,-0.46131396253583
-1.69388006093329,-0.882242702845281,-0.377411648629935,-0.142783630520291
-0.935187153904543,-0.578997064776199,-0.383275036000006,-0.332421914712876
-0.864877487024301,-0.731694866441415,-0.673315578844075,-0.691409909524052
-1.14541332463603,-0.882067938707881,-0.734739870132066,-0.70267222193634
-0.43235636098483,-0.00639444414956765,0.245808068039028,0.341671061341993
-0.996788128632855,-0.451641702521376,-0.128465942937995,-0.00279751748993171
-1.18264904535174,-0.463586711464091,-0.0706142422369109,0.0569498515754083
-1.02369319111756,-0.447949703870139,-0.118851575103155,-0.0100918032188225
-2.34104106681238,-1.58307623000351,-1.11320684319714,-0.895565634851011
-1.50558406940073,-0.92500066858483,-0.563467698985335,-0.39632254140389
-1.08806894594915,-0.572388857081031,-0.286747121044961,-0.218046712861468
-1.52127712001515,-1.06668057676332,-0.75294887571124,-0.570674599605487
-1.74529012052383,-1.28545357919181,-0.973721661556542,-0.793788216128807
-0.9931926620697,-0.555775702734802,-0.334145862950763,-0.272817344315335
-1.44590974411708,-1.09562490101334,-0.90245691277671,-0.853241633717791
-0.709954273102309,-0.393729798425049,-0.23655996896812,-0.23345245866522
-2.08562456747989,-1.60099096730429,-1.30561033670831,-1.16886402476875
-0.835999416307576,-0.586230157594994,-0.426010014533259,-0.359364939613237
-0.736676870794946,-0.503384702210333,-0.433937199152021,-0.514756158036163
-1.35633241866272,-0.760254656411247,-0.431284128541229,-0.298365127572004
-0.703696088988693,-0.470478261353423,-0.355363840962765,-0.356987787364205
-0.952662016318928,-0.558392278260465,-0.325187325532279,-0.245860203110124
-1.24020400641975,-0.613684263875888,-0.290579600763898,-0.213444638874611
-0.772979000399579,-0.237135569064408,0.060809412026738,0.135743605649791
-1.76638163420127,-1.06242134682509,-0.569236130098243,-0.27083201583465
-1.27785109422924,-0.666401069121528,-0.346171305515369,-0.235841796289696
-1.19769699434244,-0.430473347383351,-0.00996420817816743,0.144873128683667
-1.4976234602795,-0.791885649520499,-0.349313465045879,-0.144231451956606
-2.259917634282,-1.46297405741043,-0.935819415940913,-0.649657670297515
-2.0266346862321,-1.31587691350914,-0.836073331289296,-0.556071618958107
-1.55065634150792,-1.0544833780731,-0.709647900173455,-0.525732443332023
-0.856166112018459,-0.263156321323894,0.11947059510059,0.295470392167584
-0.771347741776841,-0.28678690018353,0.047593719264434,0.229688484156821
-1.46847756555625,-0.950309439963133,-0.639269145068494,-0.499309154053873
-1.49142163206877,-1.00642850779421,-0.712331832635925,-0.611109929148025
-0.907829126716962,-0.62479830986117,-0.490451531086701,-0.500707895525292
-1.5337075511815,-1.15264935030732,-0.911480587290054,-0.802119490787476
-1.98858115618441,-1.27047531063084,-0.843013055762138,-0.643982744358179
-1.23639314133929,-0.822497748518167,-0.55170151387666,-0.412144967382597
-1.59796772004542,-0.923186677022146,-0.496414897238119,-0.280612928586419
-0.232761534176641,0.117529433031334,0.306118845242157,0.323552552124132
-0.900129229253,-0.375832079805327,-0.0263537947697882,0.144911371999268
-1.75174582318474,-1.20919547787186,-0.84226173197259,-0.629468396905055
-1.19362414370638,-0.876090154852147,-0.719077635482119,-0.697132004330588
-1.22330926556538,-0.771167418146424,-0.455612926320467,-0.262116514199416
-0.826575169870277,-0.572397764374779,-0.449818376365336,-0.449512473669879
-1.05006852555469,-0.564545707773796,-0.303398815412984,-0.197423703994723
-1.50696916264771,-0.946334756676376,-0.666370801987438,-0.596660292472281
-1.0075858637323,-0.550647683207936,-0.29600380308035,-0.215882107437407
-0.745938339702372,-0.490862933921021,-0.356405987803696,-0.329561326038633
-1.68796837200129,-1.20577698080454,-0.881814960580165,-0.721520653655263
-1.26861702433015,-0.624015656349394,-0.293007735803857,-0.199978109676653
-1.2856000333956,-0.589844362012761,-0.091282839115416,0.219884506928925
-0.416350207902998,-0.357266479679965,-0.339099463625238,-0.379231292333397
-1.87453373041557,-1.51684197308133,-1.29008115644604,-1.19805728556851
-0.816209747991134,-0.422107117837689,-0.194440974336157,-0.117528002090595
-0.033760444134653,0.13320185515102,0.203260817903424,0.152608863514195
-0.907182292325814,-0.528927705166982,-0.281461522546584,-0.162738431397033
-0.632895380413032,-0.383266121163178,-0.266413608643986,-0.284642361351053
-0.743906962713019,-0.530794697611367,-0.402695742480675,-0.372202607224334
-0.927226056599889,-0.518579494474295,-0.312031135388877,-0.275801594743821
-0.606934826051664,-0.242772166318508,-0.0571847564495011,-0.00931397602328934
-1.23463950225281,-0.61830063716402,-0.299315698399822,-0.177720092940767
-0.468678603257383,-0.19791134115257,-0.0342645857639582,0.019514360021034
-1.47042967397578,-1.0911883494215,-0.836611061609202,-0.695162151806459
-1.87034587640871,-1.24339645360122,-0.852197633323349,-0.642539395374546
-1.79959542761003,-1.12895642472143,-0.729351039658991,-0.553467962405539
-1.36487756047726,-0.786866518284183,-0.417506035033801,-0.229293862814834
-1.31095476719167,-0.802409833927704,-0.510086276637767,-0.388349321575398
-1.64987284696409,-0.937392427397505,-0.491419142495343,-0.276271812459154
-0.761124859852267,-0.47759699364002,-0.313900430137455,-0.269207730095243
-0.363409748600682,-0.312635613927107,-0.280945068312124,-0.317114582678532
-1.25247840610304,-0.666905847951504,-0.316635385648578,-0.171854370990541
-0.952823057032638,-0.694908297462192,-0.52992126137048,-0.462699942403173
-0.616866864158041,-0.174237399106774,0.0736601335492073,0.140263901197808
-1.78005839735806,-1.14158126116892,-0.80809006238296,-0.690958877872411
-1.56465714350011,-1.02388813163677,-0.747617930251258,-0.682082839073059
-1.02803491167279,-0.449146439249531,-0.173462940292497,-0.134495060039028
-0.770933595570342,-0.592991145944196,-0.516903234843012,-0.547686215711057
-1.0532645019465,-0.568161438206923,-0.258998528525462,-0.116416417882454
-1.11565553695651,-0.628439930237193,-0.323356144436852,-0.180364265180022
-0.96118667381373,-0.29901617962433,0.188901986761169,0.503686131440575
-1.49660740948544,-0.656612181727409,-0.1591583747764,0.0542891956344294
-2.42556644726412,-1.88707501439837,-1.51891494191362,-1.30930874160447
-1.52129248854463,-1.05793026236083,-0.74155132648304,-0.575288982181462
-0.0434373241168261,0.10643742440762,0.143634901411572,0.050231112555549
-1.26715927534016,-0.620920830279016,-0.192554886240906,0.011866682997597
-2.1560960146642,-1.56257881929337,-1.1386380975335,-0.866580308245451
-0.762760317077766,-0.18601397776412,0.0836258203208185,0.146220813301461
-1.26817858918899,-0.821341075724392,-0.515676896864797,-0.366135706751283
-1.36086021230489,-1.02270627373574,-0.844582645763417,-0.822672354427759
-1.40359671242983,-0.83654105452412,-0.473480360962335,-0.276295583329001
-0.940707677463684,-0.655101542265167,-0.479339720363774,-0.417746026475644
-0.723187801147218,-0.558294471874197,-0.446470067511946,-0.407034803880741
-0.778114072386699,-0.450419484064381,-0.290449152990727,-0.276608069302542
-1.5428329660882,-1.1866853091723,-0.958307960961257,-0.8496487903365
-1.2733702762727,-0.77388330993914,-0.450313682763857,-0.280591394095951
-0.549295783918514,-0.125562702697225,0.11196384391166,0.180461909167126
-0.949847234619533,-0.710422511046751,-0.559641696175495,-0.510100508461286
-1.63181398456331,-1.51552933112232,-1.46950538356155,-1.49421565736822
-1.42533061659624,-0.866259873749415,-0.555093384250258,-0.441203342636968
-0.454795248709859,-0.173207669304646,0.0213489774543652,0.111125147178969
-0.0433576315830933,0.274892176209463,0.404827748675411,0.364299342428865
-1.02635646355037,-0.523672542193683,-0.214247672600894,-0.0603012347253897
-0.954839241387941,-0.443137720882536,-0.177281021808317,-0.108124145734562
