"V1","V2","V3","V4"
0.0563473920141021,-0.699166021656575,-1.1622857759004,-0.639869948888642
-1.53063482805723,-1.67242828526756,-0.592135318631709,-0.301411118962043
0.906703163722435,0.792381168856901,-0.381681604046547,-0.000785974957913105
2.51070666008366,1.98677204655281,0.230628774572066,-2.47686079468115
1.84709452267605,2.27599176957211,-0.977118539632992,0.0447966917045953
-1.06696044461567,-0.762997365607993,-1.47179242446533,1.02914616236173
3.08275664388808,1.67493879573744,0.550879068226623,0.218495383079809
1.21666428420479,-0.641065261914614,0.0917297049502951,-2.42192682990566
2.62485827517271,1.11868453928609,2.54219748386895,2.09425370984309
-1.135625964041,1.23872111175867,-0.519360822085028,-0.413809444407987
-0.469655547289501,0.600230108842889,-1.17911463799794,-0.820001516195737
1.9328046482904,2.58430102494385,3.13719833347096,2.97001641102275
0.565163657690426,0.586079271465707,-1.25828367209519,-0.93755565134763
0.564163232104548,2.21331025826396,1.93233589328746,1.06293535736833
1.579726204016,0.164994795313657,-1.07122993516501,-1.17398708395141
2.25161552307184,1.19353268834963,0.490189313959688,1.54313944846037
1.81735824952569,0.67471376793063,-1.67395935461432,0.987654022259492
2.71134013169069,0.922259826737287,2.24913238722955,1.765883511019
-0.255833119197214,-0.771973399023938,-2.00878620916323,-1.90023887666249
-0.310348115525722,-0.704859330037683,-1.30248253012905,-2.22286640007396
0.568568941330486,2.01766407704142,1.00457621629653,1.68489011475092
0.648864325539044,1.13135508525315,1.44828791262681,2.11838357660027
0.183452651323709,1.32437985939457,1.53024653815592,1.27319870872434
0.669494855383935,1.58538759789474,1.98758711326899,1.07505869362442
0.265356795228851,1.69216369019904,1.19740585550363,1.32807189741219
1.61654466331317,1.05311162408465,0.236742772712385,-0.0485907266530528
1.29390693290151,0.861708457064271,-0.912099719264572,-0.834863785604805
-0.058329799283515,0.661719393644749,0.102038453600987,-2.39393707210575
1.28215850115498,1.07757461078407,-0.121114085734578,1.1019792879802
-0.928394631608655,-0.799203859763155,-0.769525742233586,-0.969618819349373
-0.0882755758220403,-0.7927068272909,0.886161789472813,0.691973825735114
2.78825804787398,1.68407318359136,3.03720358426642,2.53010395069523
0.285041810324103,0.172107628263918,-1.0764072234591,-1.64586205204007
-0.444373419060142,0.828826519471299,-0.120835892945322,-1.70541604217603
0.00357442627669424,0.372665218347283,-1.39571825358619,-2.25352829806352
0.239419216361532,0.756737529873364,1.96023858390917,1.10228507356263
2.06014349712732,1.28090635420087,0.353939415391893,-1.19703001362909
1.12498432939694,1.06389556164781,-1.1096116656544,-1.09155925938209
-1.54696994671518,-1.12311579271279,-1.94746057400118,-2.89987921850658
1.2326157824371,-0.832311255389346,0.394468555626796,0.0606621469268329
-0.515233296888375,-0.354314097322096,-0.7985736559192,-1.19286318986668
1.06200823997707,2.06145248435404,-0.712490191479369,2.43995419513731
-0.310094529194352,-1.08376370231557,0.422103322747216,-0.354255784267071
0.862808208514962,0.811601654553691,1.66123297910129,1.59152243376533
0.772768989687577,-0.166210533897074,-1.9180147666924,-0.598114775990459
1.79145476071098,0.332321637267071,1.07197743737334,-0.04792004907752
1.94585364131812,1.82189470954321,2.0600130549584,1.63379362793547
0.955773501427369,0.350379821502013,-0.29106426209901,0.840457455000423
0.637629503823606,1.49042696567799,-0.560236509029694,-0.246639975327166
-0.980859059045834,-1.90455459447176,-2.88635889825684,-4.43999789567226
1.21737797337937,0.212982981625038,0.11322682987641,-0.114838342620108
0.624927159540888,1.87308674711801,-0.0770125903203354,-0.0544760242124223
0.173270281672476,-0.740583709257028,-1.61296787862661,-1.55778695892473
1.94634506902051,2.69189965927302,2.6230936241424,2.11012071488155
-0.608549281789634,1.57344825898272,2.0124142896924,-0.177435491958655
1.08010875730257,-0.0644623481158448,-1.68089655522603,-0.869901089993539
1.17338281815006,0.288665285515694,-1.66390719306966,0.328029417841309
0.148530576199055,-3.49551614392572,-5.85293576568715,-4.04527193966859
0.340951984288156,0.568168063972644,-0.585426127210864,-2.35619864024673
1.67065699453375,-0.857706180530655,-0.790077031011354,-0.0283296134471351
0.958749050632297,1.32287318973201,1.46927485366998,-0.0145359051277933
1.42221220795041,2.49449163942883,4.05631670657348,3.25662043607409
0.577152521962452,0.535625558793875,-0.726311317859505,0.978898650757586
-0.14214699021623,0.245156193073782,0.440129842164598,-0.114126466075817
0.596086044697672,0.529125058117412,-1.96739726517399,-0.41727805875525
0.284892058106717,-0.70731406786017,-1.96873563008883,-1.23076297129063
-0.142569476399934,-0.035590206767866,-0.606570819807493,-1.01921556135799
0.767971583496659,2.44806852518443,3.22059830274055,2.87267998745546
0.644660281773188,0.0570085221103378,0.713637236426323,1.44633616436625
-0.521001388886376,-0.452288980539836,-0.671410423744185,-1.3863680724874
-0.039843692838743,-1.3497512654085,-4.25145954596798,-2.3874739859234
2.16465531040059,0.863670647241874,-0.441720232757943,0.999103961634948
0.556403735338686,1.42214658008925,-0.856367627779792,0.449679822845515
0.244500283692407,0.181601578298633,0.461645501397826,-0.535625808648823
-0.0186646879722797,-0.438936296461558,-0.200558028516049,0.362725755631838
1.23735849669781,2.39383173003364,-0.362512642347312,-0.80557726601755
2.59527486637167,3.61169423402286,2.8949142468734,2.79760979356111
1.04275101774331,3.02144768290622,-0.302237787483219,1.60284760635821
2.29111840057425,0.997933039736223,0.240029154825738,0.361710965857415
1.43581129960056,0.632655106732042,-1.49696228688643,-1.0153355616107
-0.937536571392201,-1.63683702886446,-2.67078406311466,0.5797007946201
1.1965508184206,0.0970194307020608,-1.66306603296542,-0.000275299191551337
0.513554312399403,1.51021741262945,0.774969962813178,0.517336215775914
0.465787773491896,-0.0210616183936344,-0.524398133992473,-2.62118889739954
2.33603845238881,1.1629143104621,1.09421125337212,1.35998356490502
-0.481932045332981,0.692239461287119,0.954681748827705,1.45936356238811
1.50804012305214,1.83490004453178,1.97365298336989,3.4753177654231
1.28439654325349,0.356632246023977,-0.0652923499048309,-1.72090566759353
0.329371931261868,-2.14476558867156,-3.0011726235737,-2.13760700218284
2.26193036066918,2.16675849339761,2.38337163252107,2.93073732059328
0.859930361624098,2.31285873358663,2.98120552847016,2.70221147673091
1.14225535512975,0.642138253460455,-1.39790401581206,-0.835440928896114
0.120027551814273,2.44333500432622,0.528470518373669,0.259072365832189
-0.562074912535759,-0.946608056300738,-0.129594116969958,0.495092122103257
3.9949596379509,2.16898397564312,0.975950975036268,2.72461044195103
2.67247766557586,2.6404888399529,-1.04270627810923,-2.49485682685417
-0.124087965648417,1.91622976809049,0.506530681006062,-1.85692152138052
1.88899722332186,0.0402430927310504,0.62748086308047,-0.705789184555312
-0.980934571020724,-1.94222738861926,-2.01303462473992,-1.04041857733858
0.714274904514224,-0.4362665087016,2.33905708997434,0.916913781675694
-0.326063800376553,0.250901781990044,-0.421621651545295,-0.546420144038736
2.47707375884845,-0.025208293306183,0.528274630206793,-1.74895510892916
2.29611582569023,-0.00816555100076788,1.1028385126982,-0.855160441767932
0.253279905520739,0.85996390456278,2.10642583339717,-1.30260711460352
-0.293895132928495,-0.509676450427465,0.0363988898790075,-0.490438368368803
-0.709995353716074,-0.634738669479168,-0.508031787337983,-0.427203426728883
1.70747985679701,2.48587417760781,3.89664709334912,1.01963128762694
-0.210883783313159,-0.561371732017501,-0.745149410057154,-1.0421791116327
1.4911606506165,1.91659676290919,1.21344955338588,2.21960226571825
0.646214216601474,1.30895065620006,-1.11381765589179,-0.0475043031973653
1.47986505457148,1.47744553225233,1.14231603344342,0.970518678810922
0.377908236167598,1.8047203691139,-0.864977761948766,-0.746491940387613
2.50898044001686,1.81761805005273,1.11026627671647,0.90894945095271
-0.747720759744075,-0.497722037816807,1.06824755839043,0.745760933496048
0.613846148310194,0.251830314632724,-1.68483432851861,0.22548003007967
1.01607505904012,-0.0112542264381875,-1.78310145587095,-3.07938774895215
-0.292690516934506,0.846700660779858,0.0867434229648568,-0.227049905698842
1.60674274168586,0.972509347226531,0.754078674033951,1.72387665115781
0.0249093653738849,-0.183929066028837,-1.59678010332174,-1.31106277205528
2.66084162716614,1.25417807541807,-0.36605414643266,1.1457097286362
0.436154946256882,0.721027505242816,-1.56702197313221,-0.822859617533284
3.26908745438263,3.64719280646588,2.38199402392927,0.376801147411364
2.55442093273775,0.877782009021351,0.179388169879214,-2.53076054681174
-0.452084370609577,-0.745130500550128,-0.0140651472847577,0.0815759900652748
0.23476983252851,0.125852242106758,-0.0955071770653202,-0.316615134449783
0.895671618854153,1.25265072859222,-0.364038728381799,-1.47158299007726
1.28237776866012,1.72681749411181,0.212292193189949,-1.68506442811002
2.94551148053844,1.6085624028424,2.5767911333033,2.01521463487533
0.349391702425427,0.889755011553799,1.37373639288117,2.29289297367689
-0.0514723524727952,1.25204021902633,-0.01885219332868,1.02313731103034
2.5205001060701,1.39476736536774,-1.51586621020751,-0.0969429252331488
2.57534746975956,0.962000646269007,2.2565295814905,1.25475512576908
-0.185328399900168,-1.93426965704729,-1.3140212094856,-1.77457380866693
0.339817226549073,1.57099798096057,0.476658748386732,0.153670105558025
1.31081189208338,1.23720404275827,-1.05164662265814,-0.316638101725978
1.50656822623809,1.29358272545978,2.32747951965628,1.52404304298929
0.827841687405269,0.887056982426903,0.971165822959054,2.68314634502078
0.811100318901075,1.02567038897009,1.08233700324687,0.106588025623134
1.18118125915656,-0.537307196690803,-0.841675596306993,-0.136440191110653
-1.26617371453071,1.45177617617599,-1.21957397872066,-1.56048120981091
0.982733888854353,1.79426699606457,1.32747776056433,0.0419756063025469
-0.259922993003777,-1.73154476008943,0.110340488640983,-0.0785476369743538
1.57613649911558,1.59541036354901,0.583546863826203,0.184538527380243
0.421662843023373,-1.08885505912663,-1.84219315923218,-1.86540113298538
1.12868704875851,-0.329316623966121,0.70237150646165,1.17139647819316
1.55158778843805,-0.585212304992681,-0.136211246288887,-0.155539766379069
0.289014433652498,-0.322369904477172,1.66012315047094,0.819622046404604
1.80471690082187,1.41121243632852,0.321503930405644,1.19590102109845
1.06987221568082,-1.0840065870314,-3.231003027773,-3.83470834103791
1.29137475776955,2.72777377173662,2.00838114588445,0.886520482428252
0.193486330341795,1.58922827640502,0.549766020129677,-0.485159456416563
1.136030777176,3.05673412391237,1.79538535149408,0.736722046686354
0.835923827672359,0.459010781205283,0.473766999805334,0.696292551123097
0.709682018442236,1.84256249803488,-0.524838113708157,-1.64953295951388
-0.786047508779463,-2.1731307615909,-0.738573868582185,-3.04553901058556
-0.434252220620553,0.764784800396617,0.6994068226498,-0.0951898818963487
-0.47291902116087,-1.96479217553604,-1.42354562872698,-0.176755946257707
1.28628995812559,1.23606772912765,1.88607844936324,0.885163467565584
0.780914463399681,2.15729728351319,1.64538848602506,3.22903530008736
3.49654995738953,3.14335491298278,2.91152368431772,0.358397582967555
0.617998503769097,1.24207837215174,0.137148431838346,1.24496892940337
0.979557134302967,2.17095978759466,1.0916979930451,2.16537483006837
-0.25381142699608,-0.740312468799999,-1.42581770740042,-0.799897569908498
2.30686665729969,2.39036294631421,1.92161848601033,2.1693842829839
-0.648746824502323,-1.4837436256485,-1.26640915928974,-2.36070208394987
-0.327397564157431,-0.16036082534959,0.378063913393589,0.830758626125536
2.67773467435319,3.10914851141874,2.03728944598571,0.251558790363557
-0.165610462356826,0.849568379658026,0.90753004190885,-0.610491179161101
0.845995691133884,0.447691467222994,0.710871465433464,0.425761177319019
-1.70986581926841,-1.12845460082498,0.411162467079954,-2.40254110489398
1.3622313379151,1.09400284444913,2.1609457457915,-0.0247765668852693
1.868719781748,1.29754055368395,1.80009005591278,4.06494949064567
-0.762016566648033,-0.892966704737938,1.01635588214725,-0.810257364751629
0.706733906515831,-0.0529941551963976,1.25625487761548,0.368507743580748
1.76722974643396,1.51370942611606,-0.00714418081559132,0.133624909508308
0.240675126949206,1.17510498945669,0.519086186221431,-0.868851149517375
-0.264326618710326,-1.52332874129907,-0.248308412880806,0.292196360930019
0.947090431241925,-1.42278646117088,-0.270935823429058,1.29699976608053
-1.18819117963031,-1.75970444956488,-2.719795277114,-4.80491649962532
1.2483466392215,0.80335741509788,-0.0585899781915913,-0.543904908412401
1.73292620306164,3.61799027339037,1.86577668806591,0.730057632181336
1.39960405749132,1.09964116677221,-0.196725750676651,-1.1999172477845
2.77886175769836,3.33387324426788,1.73480698927961,2.22913903315711
0.941305785330564,-1.02405037729496,-1.60024802968844,-3.43309142161455
2.56219223577982,0.481101604466752,0.568642577694573,-0.0372107788134912
0.650165243886387,0.610007875210396,0.440978791811819,-0.292592439009854
1.16546154373033,1.98671487705126,1.25708870186296,1.00285602055004
1.12332580548462,0.91876884058225,0.595107526093377,-0.827586284136133
0.453834039552377,0.1343973357053,0.0223641243613279,-0.757772493812459
2.72322169900931,0.82795699834443,2.35584925342268,0.998169073979655
0.805828349585306,-0.0944770092875196,-0.350403511233723,-0.305866836293235
1.32831833902139,0.0583261696268791,-1.17872490486068,-0.375650660933064
-1.87065728826477,-1.80971631393701,-2.04223594809405,-2.54330428540609
0.759175069503818,1.26571059969305,2.05501359427546,-0.426253540028477
0.016448871987064,1.15214691993729,1.89719583012767,0.0733364302213421
2.21238217056188,1.24891351337213,0.171771587677381,0.327352011365238
0.937167670578044,-0.722520377705851,1.90813273754726,1.18411450809139
0.311978332612801,0.564752688320647,-0.565160575872712,-0.592766509175446
-1.43792159891451,1.02204707892557,-2.40074056196705,-0.956803924411036
0.582965335322915,-0.481452765416381,-0.902341869371294,0.27841752573702
0.155324822645599,-0.0387895816212748,0.859907894620731,0.529507149863583
0.298826259795377,0.101390923913108,-0.866649219834686,-0.433092795008379
-0.704390477613171,0.53307642811892,-1.18878097450169,-1.00140678346461
0.470042786911966,0.330626838881624,-0.551455200486608,-0.305303071631952
-1.10639026226397,-2.23383274136079,-1.88232679375254,-1.00329496368323
1.23048044068789,1.21809669227775,1.08459381095006,0.785427569567708
0.171552279813375,0.733663226687608,2.05216381060369,2.3514661031795
0.314212919971293,-0.0173975082403453,-1.07657100475825,-1.34395438090665
-2.22255206958746,-0.950682460863202,-1.37850861350399,0.435366510842314
-0.553876207614687,-0.0609436005534115,-0.307533482475304,-0.271506057581755
-2.26891190285246,-2.95989304913598,-1.10048416413113,-0.622592765911794
1.72219234910045,-0.130047437246601,-1.12733814682539,-1.08286860768501
2.08361285153637,4.17556091280965,0.990527607908068,-0.0398309206670931
-0.776254970485598,-0.42127435117733,-0.493140003234462,-1.33142745741275
0.283822856825928,0.687751904877989,0.0168055239243044,0.424967573437514
0.391585706924328,-0.760349577150567,-2.62061108133367,-0.939451078462637
0.736826066918709,0.93967292906947,-0.0866948380207234,-0.565320549624346
1.30802296447706,-0.84731032105728,0.412411833899699,1.39181636159896
0.833194091163797,0.146821269053643,1.00039419282128,0.318573053635114
1.12371531304791,0.109320273904228,0.943565332163216,3.50458479783546
0.293795162424437,-1.58709339567407,-2.2985463353063,-1.89804719463843
1.40972912019951,1.04680608284958,-0.465482901366971,-1.253752255632
2.61528221174184,3.109984074083,4.44649779359275,4.32058321243917
-1.11696357967607,-4.03533597078416,-2.3588924519549,-0.823371564565396
-0.0799406194862169,0.392229309917895,0.0831367425675558,1.07711051427048
2.99505562192063,0.631439928862031,0.258378193125283,-0.0779391720254455
-0.551675049127874,1.40446716875917,0.752726427792032,1.76704333598067
-0.735526029795151,0.175158836680849,-1.72357763249569,-0.546256852410498
-0.368939515717353,-1.26942264223021,-1.4957024027999,-1.99201428507616
1.29862965877794,2.0175186528499,-0.17275983089786,0.498358417968761
-0.286145853583979,-1.1870021870549,-0.66432021794451,-0.708308768726346
1.52890474266138,1.71482321573573,2.13081870974827,2.03696956186076
1.50386989084782,-1.13616741564922,0.379138670470197,-1.82324092470954
0.602142546467389,1.55907853303785,1.90632532471961,-0.363883708228784
1.00533784583505,-0.679082724378144,-0.531199594671315,-1.66613770227244
3.12406081640909,4.18893145614806,3.25037090663802,1.56355645934981
1.47691690828946,1.5229327370376,0.237875745373546,1.59908075853248
0.646640898699743,0.467424524869554,1.35532986931036,0.400102560502754
0.482425435635526,1.21125736913539,0.285751414694934,1.20509727150091
-0.097414238130789,-0.203750646192996,1.07678812468463,-1.26326919498696
0.989738095804507,0.403697007919141,-2.01603161653825,-1.04711632437382
1.43910663773452,3.07218898162471,2.80728504339976,0.509377005649839
1.42681491853667,-0.497987276035838,-2.00760482148367,-2.40652086070352
-1.82161918649107,-3.07905361327239,-3.65456275126649,-4.08738219465003
-0.531653949887729,-0.657400714445873,2.14051968308762,2.73813140024872
1.43723223017814,-0.594487300601211,-3.39477312996719,-4.68874362521816
1.74029139323146,-0.219158091612527,-0.922515659554426,-2.63237724622958
0.813339397901407,3.75903698685539,1.70288330398814,2.79233463982353
1.88842015592785,2.22355595969052,0.0201753334317085,0.587435298601004
-0.301524005350445,-0.489753266811109,0.538144777008116,-0.289829685784188
-1.45347120438848,-3.98565423145339,-3.23704118368256,-3.91300932351217
1.45481673288512,1.995426825067,-1.39520050580366,-2.3872244584142
-0.0820214154897842,-2.19920667438313,-2.15162810228633,-2.36995287718889
0.882809802961774,-0.0564353150012711,0.845729260724335,-0.295691935780703
-2.1740214965196,-1.84485181911324,-1.77400108059023,-1.67600666650021
0.409702148648614,1.48014424408818,2.07060626708169,-0.466110417009547
0.728684814826986,1.60650984045629,0.483572386932616,0.647566978469922
0.579985205471037,1.00963754257876,0.684544366846063,-0.900079409254634
-0.328918171707653,-0.30522792353454,-1.1758000131313,-0.789824869016935
1.45502421412988,0.213621452038845,0.749641933905308,0.691555698013692
0.823313844969911,-0.120222257936874,0.0605947716158955,-1.11791113149456
-0.415559060372954,1.25962050887389,2.87153910048604,1.77475174413608
0.868255705756773,0.454473536595929,0.721876990080757,1.10875805911775
3.31310864585792,1.19094626407302,0.335937476347961,-0.0956258505218513
3.90228117976674,2.63468499660336,1.57802446760944,2.46292950765007
-0.0544921613950716,1.17156802529304,0.211422480843499,0.179387694484072
-0.808925594221855,-1.73263305800333,-1.72090119698213,-3.18151979352434
0.469163177859619,0.834066213086004,1.56712698570329,1.91560100853725
0.984710641670329,2.01284702455654,1.1008924831886,1.78429460978979
1.6758538777016,1.24063394376551,-0.975234673721289,-2.65285298536023
0.00844867886377815,0.00967329360924862,0.126457532847551,-1.09790152442688
-0.0141791156509042,0.14440322570627,-0.70443602410778,-1.86117876255652
-0.364887137583835,0.257637759176801,1.78994465997548,1.06184916135006
2.13200829999938,-0.470521556658819,-1.96389886574165,0.0368071406212642
2.12308040108252,3.638908162897,1.39785536711933,0.583854956960874
0.449004345549815,1.12756953733442,2.18311784263826,1.25451433823314
0.642822591372271,1.48978814747752,0.568695929704588,0.0490757598414112
1.91942395304521,0.992562971711938,-0.82059911675962,-0.4293276947826
-0.743766581193392,-0.922747732693558,-1.44632585894243,-0.501168571386017
-0.398307030352143,-0.0432202438372899,0.360046546350954,0.167592637724777
0.684061411831782,-1.46026475443051,-1.32627265243722,-1.88488890593131
0.595597465657949,-0.457510269015764,0.293663895460518,0.527767388513459
-1.09766426636357,-1.17157571274048,-1.44859616267815,-0.291292009588022
0.933950789737842,1.3661591518949,-0.647829162011055,0.0929341602711682
-0.56179169965773,1.63748349621834,2.46480349941931,0.527481671635551
-0.676755818277347,-1.33395929155483,-1.21220733003007,-1.89414177170358
2.33028446665923,1.84961998415511,1.39550613725812,0.865486180762786
0.80655904433049,1.02276901601573,-0.864794282851187,-0.673024386948757
1.16283937228803,1.53858356915657,2.98548747653324,3.23413847134576
1.30346135079475,0.176667192448582,0.829149084818015,2.22048382381383
-2.07333334903663,-1.31037830377845,-0.222678888195724,-2.53138619014964
1.91322537211322,2.08005856703574,0.44921691392461,2.00256951722599
1.53619603232262,1.16769798676499,1.13586858787595,0.397600771043079
2.87825746864124,2.0029087530039,2.43585659960127,0.27864133538548
0.296622409945261,-1.01592154724658,-2.46584553640843,-1.35807698770833
-0.683353772180026,-0.23040239085235,0.0363644914126579,-0.492310771125008
-0.284209923303254,0.772854124013335,-0.547354171184535,-1.6511260084675
2.7721891743063,-0.757454543381797,0.828467441746787,0.467900059963126
0.715969636501186,3.1383563809664,0.362379227178537,-0.306873248297443
0.523462833200279,2.03592346549585,2.77867511783132,3.32997078874765
1.71203582886657,0.26556646938163,0.0930200322026984,-0.689588256134593
2.09688698450683,0.195881503698672,0.0374056282648961,-1.69089613212209
0.451908996325771,1.516169894363,1.3857093461506,0.16384833602927
1.31966265280168,1.82494593928168,2.32503303576009,2.15430540475741
1.52130559607041,0.538490244641625,-0.524338689578124,0.263208443542921
0.977038728055588,-1.02115216647131,-1.59768927850083,-0.261647941018878
0.00292321569497184,0.880852787167296,0.101862966798147,0.00994677406739643
1.02614293215736,0.0179841450029925,0.552881451644934,0.525983726632686
2.08158291976969,0.211653803204467,-0.847051431204924,-0.616231793270226
-0.540917795467587,-1.79411648853117,-2.03178484013404,-0.815377901499535
1.60042541771565,1.51722939792506,0.949712214790583,1.94418585454205
0.540006241741341,1.1772687230327,0.346670090104814,1.12595046040424
-0.00292140638720595,0.720131022062796,-0.512522410507729,-0.151749858982497
-1.48668480382537,-1.5055809208527,-0.428455155214694,2.3693617321831
1.67005619590612,1.33301531106292,-0.949939269291216,-1.15216777506315
0.460341447696123,-1.0256014164873,0.13030373346385,-0.543650802120808
2.3423015059382,4.22474249135267,4.23596667582809,3.42986843617253
0.470550573929349,0.591792339613321,1.91459076590331,-1.06209109690186
-1.80280877439496,-1.36588758753191,-4.42842449274077,-3.22589050657322
1.09936514537824,-0.737645804814173,2.20164454980112,-2.17664947919238
1.29976953254512,0.0468054201393902,0.253870953432916,-0.50546012821498
0.35208772420084,0.364526118752822,0.970005934865843,-2.89157018332452
0.763206886580404,-0.403320757231387,-0.941531250358311,0.739032779606282
1.07333681108114,-1.1134700920385,-1.22618423528949,-1.25206749177734
-0.019402781501934,-0.806236493866262,0.0146863329361339,1.75553013202315
2.1054852618074,2.02736936416378,1.30535790646396,1.80160731820703
-0.914535828351714,-3.43075521199836,-4.79880434712947,-2.72089660270571
1.40726549369583,1.53580193714115,0.798851063742662,0.953799418256475
-0.572507408293961,0.134532009756052,-1.0961606991563,-2.00438998219729
1.51322875313743,2.60877923791587,3.35720408496127,3.76100142350275
0.593783061081129,-0.881909682561428,-1.40429454507352,-3.60083749594747
0.448850808789079,0.0308043059303473,-1.03525162472168,-2.12276770791628
2.00571499613744,1.7751262791951,1.03206939914314,-2.03344088339197
0.616836829469302,0.776023025191579,0.917164349407261,-0.504646370325386
-0.522164637633251,0.77826812928955,-0.383854551664129,0.161367163365956
2.32502099029428,3.53470885217722,3.31953867299379,1.65581139516567
1.82835164458513,1.60564096557066,0.305176756264407,0.111202629892269
1.26836868145713,3.88991490816375,2.1729716233992,0.412006577306209
1.96163262234371,3.10117738473854,2.17269369335282,-0.363935664880171
0.640186513337093,0.961916767954203,0.995564146459159,-0.287181989047352
0.403478775712688,-0.0462705098222256,0.349854378313993,0.395961997819944
1.34996544343525,-0.456081174625348,-1.75452172865544,-0.601928679794227
-0.517511056912988,-0.682155234241368,-1.58380825544489,-1.58097804378826
-0.300374402843202,-1.20510190977657,-3.31485582220372,-2.68694028510017
-2.59896211874971,-0.621057589047042,-0.566401558063087,-0.346996534513499
1.21247088367836,0.776434050495424,0.0870842158836901,1.88428018495895
2.69037986203971,2.60315320451788,1.7196136014715,1.03002287717614
2.50062708083449,0.127975047127791,-3.05420653186207,-3.75775799224782
-0.387842926387184,-0.839502234866974,-3.41260051287947,-2.99985833079206
0.312760246834501,-0.615018701265696,-2.18370631487042,-1.65507429772312
0.451233153561141,1.17487280753277,1.33986016459296,1.73223331757749
-0.048572516803961,-0.342053134688881,-2.54722071458959,-2.00484053360763
0.197653492282223,1.18131808261606,-0.929292402480866,-0.00728848073940247
0.0914915592229315,1.23886822109227,0.707747209916661,0.804426165262147
0.269327647944994,-1.65741077368734,-2.44037268632134,-1.54997363509109
1.18359523074092,1.1516534609323,1.06894980960712,1.08985208300655
0.531717876789924,1.21216625991675,-0.0415655208773437,-0.891263865679388
-0.959888853685094,-1.39771059923161,-1.45720061339729,-1.41588028049104
1.58358422602168,1.99794067972797,0.640746126843024,-1.60685010848826
2.26560120992961,2.5436077001871,0.291488232026841,0.444605351143544
-0.223453818145291,-1.34760673387517,-1.93527967339891,-0.55871151954586
2.94229404112969,3.03405843210288,1.00344400852209,-0.839522625748124
-0.270443472138533,-1.00405285304413,-0.33217202992221,-1.46055202132319
-1.04909189643444,-0.893870168084573,-1.51533884726559,-1.12194801323248
1.84398599379464,0.717540713998729,1.25243059154827,-1.04951561992429
2.11788319207562,1.41334948383313,1.51043616474171,2.20953216043362
-0.0556135128766564,-0.760247547910388,-1.28921066418361,-3.62519613990359
0.534759297939106,0.00620297995681234,1.23951035096215,0.406540243225355
-1.00067540354154,-2.29291597954163,-1.1705307051578,-1.54895791869068
2.11546797351097,0.445101368144872,0.324806302528971,1.50425230303509
0.970041328348781,2.29563719744951,0.60359846205523,2.16123553516478
0.503953496540125,0.361341239430627,1.43420983847548,1.01127843063582
1.67066445330751,-1.17401813406385,-0.0409396736736578,-1.05149292865693
2.23107734813646,2.36566193355664,1.68488455453703,0.98272857865958
2.35708134429751,1.43885940397763,2.13599021722642,2.58219904743923
2.47481901327133,2.97200491249089,3.73292948266938,3.28241361055444
1.73956682018842,2.35337287840497,2.70891288702895,1.972832440497
1.36076535224031,-0.922601719889312,-1.05430333819224,-0.832492942177163
-2.52886231339627,-0.832568032554016,0.396475486366793,1.30802766338688
3.39267785339332,4.22550096217449,2.99299236402076,3.33305098032249
1.38374904216492,-1.06200305329188,-1.09697104492853,-0.505070814862606
1.6410344510892,1.53279649837021,-0.0584152181217354,-1.52577266401561
2.05210080448265,2.29462329396115,-0.189083076406767,0.455436045945469
1.14177052821466,0.969573946072659,0.906810610838942,1.22982614872701
0.273677138547207,-0.632356443652145,0.743188875188689,0.962272906782722
1.25040302877079,0.801799626865296,-1.68883537793247,-2.11824423196154
1.87375640096401,2.49304974088199,4.76132400623957,2.62882620577643
0.937761937748231,0.561871130570835,-0.44775247909548,2.03682729843979
-0.649019857788567,-3.30143776676104,-3.44255953551742,-1.07505391832595
1.91876349969625,0.282186922237652,1.14203641609816,0.169280352572001
0.0774968969095735,-0.447478870017204,-0.436634587203756,-1.37700181453225
-0.770351918059622,-2.3884446932048,-1.41893001627808,-4.50245928442613
2.04583042530782,0.124641503088307,-0.997522447422516,-3.4550889451877
2.54125467561224,1.65890236823348,1.22150872853143,0.326086876460269
-0.06084103537959,-1.95110694806443,-2.37206478536623,0.302399723442937
0.639575315661153,0.287292050840844,1.61797917042936,1.48212439037827
1.13033550001012,3.1908186917878,2.07759888319919,2.48782119884877
2.05831997620271,1.39017900197031,-0.361401017728321,2.54065548800483
0.674806425957399,1.76827122033743,1.48585027713016,0.944185134526235
0.423804190706192,0.953638385139865,3.16910448797935,1.78288186936887
0.0016691016361654,-0.300252595937235,-0.0229739091770912,-2.00399473698099
0.831090259617709,1.81380903040812,1.4159605427043,-0.410493383036457
-1.47064965477857,-1.52366765395372,-1.38246720832086,-3.57235128238498
0.57590316922813,0.296148836341197,0.605553632156756,-0.287195508557817
2.3564554336746,1.04932382557669,0.569934041701095,0.528443370698529
-0.469021975547953,-1.11658240306329,0.393289415011528,-0.33148453772403
1.78820886829735,0.853165129276457,1.08413980734988,0.379698244131607
1.26537068676183,1.69410191858914,2.20083360840006,2.18554122355793
0.568539985858281,-0.729678991392461,-0.535574449860665,-2.17139377453145
0.734282100343945,1.04267258485462,0.0635526356170619,0.18923314712421
1.27483881676141,-1.01594361332159,0.777559261466901,0.711628136716848
0.920699241023862,1.36083837621977,0.481008691386174,-0.84941333796097
-0.731495603980081,0.932888228852089,2.28550972658885,0.69530046322448
2.87466590493965,0.65831487874702,1.77656864493286,-0.788998738517478
2.02018082853877,2.15183004470366,1.20469629052584,0.894785721397097
-0.0380418030798088,0.451955833394601,-0.459251772287321,-0.471478181543803
1.2544854133695,-1.13939047458816,0.204249114481464,-2.82992801203604
0.431902988019311,1.34041395657348,0.991735579760743,0.378656529514389
-0.103684983756053,1.02906238538272,-0.225024935978994,-1.55793196910295
3.23753272132466,1.81377425125229,-1.38775160860976,-3.16285592620442
1.95670900847702,1.29452347279382,0.612120512746446,-1.35630746303021
0.680612479325231,-0.975666231065899,-0.33149487101871,-1.0346544440694
-0.726945581515596,-2.41314941610703,-3.00000456397513,-4.81532572744878
0.0467752393622871,-1.17038960723906,1.1934587766714,0.0643873035833732
2.02762995448322,0.610030816901714,-0.534658695761339,-1.01660907145788
0.206914585318545,0.503469067314384,-0.855929547627137,-1.5389838619542
3.48477188920508,2.61291150276947,2.00089715845737,0.266271576860323
0.822346268853536,1.048387867877,-1.1297621042344,-0.458581091615117
-1.87700253321369,-3.72041588752912,-3.12129271346569,-3.19861273132079
0.628721579486115,1.3395355610146,0.69332836984559,0.903386343745799
-1.78896953539176,-1.48734521895219,-1.96263732786212,-2.46574670520656
1.8585232138082,2.52867120733856,2.13812430233259,-0.124582353144505
2.99689783343815,2.63918379481716,3.6016600850368,3.09008416861942
0.377616410995335,0.383162862744251,0.185149173735961,-2.0316826339814
-0.0498582077623413,-1.15014183092703,0.269976889939394,0.527639835072603
-0.253237112860273,0.46597394097876,-0.905159391536657,-1.29135886294565
1.20085386949208,0.670988008362753,-0.244561612524546,0.0653883848280044
1.98161368574053,-0.795319963758224,0.774896015944103,0.474497873640375
1.06745636135057,-0.611563589301875,-1.17365805662858,-0.990071214371142
-0.646116760916019,1.6569986366274,1.04972816839657,0.614884540620466
0.634900197164338,-1.38765936932849,-2.10076148385057,-3.92793081118567
0.815869663616632,1.84038495765391,1.80599423757467,1.81214252951078
-0.245712578149428,0.372550985853751,-0.374959943009422,-1.63760034034873
-1.43313322948396,1.00434840379463,1.24893904051709,1.68221780279881
2.89472282028541,2.2277185677642,4.01880512561966,3.96212984242567
2.7623953469305,0.834922546158167,0.0267995125395893,-0.844028352344469
-0.660191859194124,-3.03688218250821,-1.71953744788244,-0.018508614234038
0.373655258353388,0.686290444553207,-0.756936651656882,0.0569980700812789
-0.626682211786164,0.285213072425537,0.244688061140291,-0.220529841076092
1.34096498574052,1.12110293789418,2.54574981731886,1.83518221772182
0.457258045485766,1.15590208212507,0.749067036870637,0.0680208099232468
2.89691149879975,4.22201150861026,2.84145343209626,2.02712574923997
-0.819726792828348,0.728977424012419,3.19379383268187,4.66714397904486
0.618831341043717,-1.5101979555586,-1.4499955235924,-2.31345795900604
1.58256691853402,1.47762131398348,0.214858564252675,-0.234865267230862
3.12913515713053,0.924494946310384,-0.781905330104675,-0.478430301558587
1.17274822195702,1.46013187046496,-0.13058547744904,-1.00192966116128
-0.790631628011545,-1.33620249351254,-0.19065521260813,0.69156982665124
3.55772064765727,3.36760419812438,2.2436707616153,1.87308460646924
-0.11198735211624,-1.39725705667103,-1.88554887083801,0.128546154291106
0.0723331853401368,-0.801225279719386,-4.95768172746491,-3.14276854025718
0.588451186791852,0.53752134285445,0.487624092043622,-0.390651265054783
1.28494199555328,-2.0565336397235,-1.31219601701892,1.1528329252509
2.17233310415244,-0.0160776794417654,-0.0253600595961223,-0.240198105369935
2.63307214037471,1.78768642252749,1.77085582027352,-1.36367946553498
1.06490433631068,0.740444843746162,-0.418614964642401,-1.4524869103779
1.15012018846871,-0.821903490084299,-1.21963296093404,-1.02561013415155
1.98191934105943,1.59911489338997,0.325974345027828,1.33916570776134
0.84456661074011,-0.747578598385206,-1.71962572750741,-1.28726078341395
1.73047188180706,-0.966330987642086,-0.00366250892689557,-0.246267815306955
0.743505800293194,0.614812137138444,-2.31074487901552,-0.110779855310704
2.55306853915036,0.836627624626964,0.743044175755831,-0.457917166145946
-0.739605093227959,-1.08866765877838,-2.0696110572626,-1.23172083715636
2.51324164071763,1.2161614804336,1.16645587572023,0.51708602881038
-0.79798028011631,-1.18552649168561,-0.434949263712252,0.823853809824154
-0.693475599133647,0.134117006148692,0.0607213665694783,1.21958080197783
3.74334201861634,3.49547377709934,3.2230802437709,2.11310255488212
1.25189962426714,0.276650333816413,-0.835529361566625,-0.83704747747725
1.6639939995432,2.5184127719493,1.05444934397444,1.58154365104916
-2.40506442642961,-5.11328140195675,-4.55245725947625,-4.35766387062737
0.303172549230783,-0.247482665194492,0.178635943611137,0.0568897469356045
-1.50656003761297,-0.471168403319405,0.456184538560403,-1.11520471700772
1.10146013087855,-0.512316458196327,-0.440090358966892,-1.03828001672813
-0.613764973180205,-0.46677148726669,-1.22827387845886,-1.16053375670071
1.10286442829717,-0.691015324346111,-3.23126553304005,-1.39974063883754
-0.822381208471952,-2.82599378104254,-2.40621835760469,-0.766095819005502
0.589613230177405,0.0452918828109782,-0.89259750665942,-0.777161605958835
1.02611683525057,-0.0581619177948926,-4.92988665429602,-0.697987604665092
0.226012665884456,0.852343354728445,1.52056268779122,0.797573096569716
-0.144429541415651,1.9456672343477,0.149614752400902,-1.62467934184392
0.42292917814955,1.31246545445258,-0.345047030056936,-1.00451605928626
2.35498761224123,2.13411906132306,-0.0864730202969932,1.26513115236925
3.14615302220534,2.52599264756896,0.620100409451237,-1.02151592634768
-1.69089090723276,0.0882747714516618,-2.06256254223524,-0.0973683897463125
0.756681595005268,-1.63014031949792,-1.98142017266273,-2.05945434377965
0.803985872588918,1.12344039839052,1.73266495077735,2.04169312953004
1.44154111168214,2.0750844550682,0.404492083310256,-2.52050748673146
-0.202675348357173,1.80829911587146,0.397314291715862,-1.38154578630486
1.85985829952416,1.30455617185957,1.0283441783608,-1.49402444940322
1.5996646590121,-0.832131643578502,-0.0263606448061446,-0.57788724327763
1.55347335539044,1.27054392689588,0.351922937212113,2.47875638305103
-0.476625152669996,0.600452775384941,0.0839230305256214,0.301182379276457
-2.10459829915423,-1.00055251017934,-1.2879261023283,-2.29301374757822
-0.68065985610278,-2.87621771816441,-3.68936917691164,-3.83391542478464
0.872258317216705,0.235758416813371,-0.787467901161336,-0.816543165828385
0.397003976131843,-0.92214158242925,-0.99745570570915,-2.39615193829986
0.0630626204742733,-2.20346505318043,-3.79763371597229,-3.48968737172329
1.64169010017202,1.27099526776935,0.371085830427773,-0.606735167958108
1.77168737667104,0.203318088460159,2.28492240281171,2.49120081994461
1.04564495848033,-0.357151269729074,-0.839216191162822,-3.3341127118252
1.68304735942464,-1.26025478636824,-0.372295024400347,0.0420434082125767
-0.296260208121199,-0.827769723222054,-0.52544302788696,-1.45216730725534
-0.903941624108909,-1.77002074250648,0.0569445152471495,1.87866285599536
2.09256577373221,0.588907200438745,0.275843230533659,2.26326105618416
1.89026639001266,2.49703723449942,2.44777090660243,-0.216561512999144
0.687446839147777,-0.96368315994209,-3.83869899692409,-4.41449252436079
1.54647410484792,0.19981751262884,-1.44315095503526,-2.37114144964849
1.22057118237505,1.21815855478876,1.39387849729597,-0.436681252535029
-1.71147565135316,-0.715822631675993,-1.3114194062158,-2.05509304361578
-0.812552639382665,-0.0157326065985721,-1.48306842680822,-2.36460476141447
0.588756731182011,0.86815991124953,1.25732470881063,1.01821560979722
1.71542940081152,2.60911437394275,2.35661427732939,1.4093702987794
-0.262712415543371,-0.0579004984350164,-0.164822747308856,0.832308869544463
-0.204280021741821,-0.60745303610157,-0.530180017778327,-0.856273517895652
-0.770246067769208,-1.90744217395333,-2.79094312666465,-1.87566311532997
0.24414105812471,-0.157339937499444,-2.56645782344749,-2.53674184219608
1.932156482477,2.83257303178168,0.18199229984257,0.187298099623397
0.364552201258275,-0.413905975612037,-2.96564149522552,-1.15057147114609
0.383993036329406,1.26161130914178,-0.798769280123256,-0.935200763101463
-1.9111925992754,-2.28656635762431,-3.80547604225626,-1.34956121026706
-0.597017019209025,0.0668981403201471,0.079347853578076,0.0539725933846552
1.47160329347453,0.503578335208635,0.599741529688839,-0.666176898789127
0.176627392414764,0.301102132135743,0.583666612445689,1.59038426760132
-0.669371824704113,-3.19803158263681,-1.78096821288114,0.17162835423163
-0.178460611960295,-1.22986110364646,-2.61828961255205,-2.32211231792314
0.368006660538294,1.56793549712561,1.52665406594033,0.880527449683131
2.12997877599339,1.1213712610332,1.67355683617916,2.26648138594279
-0.271652584992421,-1.83425284195474,-0.295226216476376,-0.392151529153502
0.217367348594232,0.402270903035878,0.366900613375568,-0.818479264370239
-1.53401506690444,-2.71641660868864,-4.02872675228699,-3.35292085112335
2.95417522144107,2.8594933174559,1.68399448431587,1.43041426507501
-0.572419906936996,0.602819377789476,0.260290322256637,0.0638287279151398
0.0534323852861264,0.724882626731445,-0.496757529869449,-0.086484153320977
1.26436662212937,0.0460340610058898,0.775697989773194,1.62320930041193
0.751495915076742,2.90258748781848,2.25736971620305,1.99748282382623
0.257252849972119,-0.230743735933337,0.0922555045779402,-1.27984800566432
-0.666202358506418,0.193783845744429,0.177857163774078,1.54704730246447
-0.539854293111762,-0.262742340520289,-0.283581003955032,-0.712502399789604
3.85212155837789,1.94686950072888,1.7144791174157,2.65049043278668
1.24122475048027,2.55725318925792,2.32516033599023,1.37593444331771
2.19351606107887,1.08597669831707,3.87742892403972,2.15574886608522
0.427124337840749,2.32658737556077,1.84662297691038,1.82502304995394
-1.01703639084199,-0.0368653929983012,1.83156179534561,-0.623043094720675
2.76002598355595,2.14305171151863,1.02529614597011,0.757791673206202
-0.178796194863483,-1.07767242952979,-4.72728856872751,-2.44109070992933
2.80183231098929,1.35573073178429,1.75201391331279,0.994915631104393
1.04221153565131,2.69838436902883,1.37605741930466,1.81198279306247
2.93800509352321,1.13431193223237,-1.66814372131286,-1.37189471103347
-0.482163438974987,-2.41636004678711,-1.70585692149381,-1.8225054642967
-0.45566975721186,-0.545052549732671,0.224631973306558,0.871731872561326
2.10920601616462,2.68619231415335,1.95530547572531,-0.251557531883043
0.499857830051794,3.63197822910863,3.73963716199286,4.26221889372171
2.20141966238216,2.21568145576237,0.35937632449032,0.221257428717858
-0.485139111077743,1.10476840547551,0.0303689288626841,-2.42753417473945
4.04289904948335,1.01151273973994,-0.35650050046073,1.39534489654435
-0.657633525179899,0.232409180625112,-1.90650410242145,-2.58797833838352
1.62155434410551,0.149702711657148,1.45802868294269,2.5489182582977
-0.803755334778216,2.13872617771587,-1.16745002486987,-1.98416828437515
0.23074175205753,-1.19883034515919,-3.04684008608693,-4.26733286664556
0.545673892716979,-0.315307147840679,0.0685018450575796,-0.964002389691097
-0.366162014009405,-0.0679051898433256,0.255114452377404,0.34815543288479
-0.573966649809747,-0.544755161887531,-0.14278760201733,0.466156926283743
-1.16981974986391,-0.557714127417323,-0.0995170889238568,0.388007364278974
1.34752838790431,0.455251388153729,0.0590014474236269,-1.94651895873439
1.76380291242336,0.126825370078783,0.822846627767508,-1.58299631610021
0.528257492920187,2.0559408974043,1.59613976939642,2.85796892846683
-0.934420648626228,-1.31450257265463,-3.20478839959991,-1.7764805907791
-0.330791374486128,0.3986091378492,0.42927619798835,-0.349058942562448
-0.690465811121887,-1.05187916772305,0.970893088139016,0.585510277828187
1.24998890845296,1.25691351583263,-0.845219142854078,-1.55487434799707
0.1147578576038,1.40780653234379,-0.439914307074632,-0.337452736343734
-0.975945275568429,-1.11475993212515,1.12949394030279,1.68146945462715
0.255259537139707,-1.91972314161122,-1.10762727607238,-0.92547851680741
-0.781418867392914,-2.62209141223507,-3.106244882901,-0.484567139455236
2.29958108650435,1.71690542290753,0.811049507028141,0.832900969965312
0.431550204465989,0.241324297360212,-0.17206064928046,-0.866179931055586
-0.325543906280516,-2.8868567540648,-1.25044155523554,-0.971281477252225
0.0845651167569559,-1.29115863806549,0.0602905325883676,0.960517241471433
0.116395452254305,1.77479891721542,0.684078549944833,-0.0443991933913876
4.30086307566438,2.09774713740071,1.88251154135103,1.72632849916836
2.27058258463753,4.76262054159641,1.79078065119551,0.461883677306998
1.01393138530516,-1.9137649189767,-1.68271925471697,0.0635621849420847
1.02048893583751,1.97018404252755,1.91948244602106,0.835269027812532
3.11582059243343,3.41205367320375,2.96195596562244,3.03525299521779
0.576581038544389,-0.703093418739826,-1.91917512294112,-1.42917475832069
2.79198982982628,2.39227550632349,2.72794756455037,3.39776498803282
-0.739271134871288,0.878520972298594,-0.0598155878201938,-0.344251095502046
0.725153537161568,0.88547372225346,1.45620365197071,0.944250924969749
0.911461271423571,1.72728277293247,0.69921313267546,1.11401952111564
-0.442357403756495,1.43555987703214,2.75683160706802,0.523392201229177
0.5140642960924,0.500764011063356,-0.457979848505196,-0.287927193550274
0.284141856269109,-0.802828064528276,-0.691054552344301,-0.685589278332279
1.26797241909758,2.50216267556871,3.68972805981561,4.779372476644
-0.240522870868052,0.587599430043494,1.66131992582721,2.06979621775387
-0.422481637232579,0.765218639472835,0.328922666554792,0.971512075832254
-1.43918879170973,-0.383675229257751,0.177879184659134,0.193251463143915
-0.856068318680945,-1.1457792479949,-0.0426806477997923,-0.268120698025694
0.237064315638245,2.70598232484363,1.35231964876239,2.52306048292846
1.12900840069742,0.646655980577761,-1.56494553054197,-2.06651152758649
0.767290897437975,0.826831283205616,2.64242061624603,2.9136515888767
2.06765925391862,2.38298560761355,1.29439430837905,0.388123338488205
0.516358920321231,0.0460192599380858,-0.367313920956629,0.909986324530532
1.87502949551465,1.16667009489198,1.87670774707749,2.45862867656768
1.20040854837877,0.148197113201401,0.237302973257246,-0.5777468237646
2.92403027733783,1.54037976955883,1.82282701666861,1.62805614267091
-0.552216214448702,0.409388860910246,-1.11847561628131,-0.3657176099519
2.13513225335572,0.328847192088149,1.03643571538881,-0.410290935714048
1.29213768194656,1.37005239781408,2.55235397822064,2.96771511067779
-2.6143221262156,-1.19925060315507,-2.50182882419767,-3.37785948307927
0.851010702308807,-1.030346173991,1.74948422135312,1.10419574976757
3.27936589721627,5.02522774876713,2.70386604663819,2.2237633793752
0.627315832991874,-0.170693251190032,0.582913869852913,-0.549929529629242
0.720310318847516,2.33022969555096,2.48591925997287,1.64438685390598
1.038480003284,0.675756094721875,2.15535165745444,0.721164862237534
-0.226576094197764,1.52745297665995,2.2000021899755,1.51458219757673
1.47665640657554,1.4033133434362,1.07238372779789,0.186262864704781
2.31999015512055,1.8773774016968,0.650510653309307,0.627874790223531
-0.360182395090379,0.0178492529493602,0.945043080371241,1.58070008492973
-1.19963827059613,-1.9596854939001,-2.3375812883108,-1.47672199901559
1.06229238659962,0.590255146940738,-0.195985253185205,-0.442406010875252
2.2837842986678,-0.19566775940147,0.496517682747873,-0.0647133893260309
-1.81953104535333,-1.43958616983865,-1.35549267540527,-0.593127684378773
-0.146919444117713,-0.85930939231258,-0.0109790642644408,0.957904966403847
1.19764161704409,1.73281960366531,0.26593237561377,-0.451673220302425
-0.454957595896237,-0.271877899490624,-0.525255029630078,-1.03456774357691
1.08292223905884,0.0156400020123547,0.0156285203728513,-0.32503730864966
0.115936959801892,-1.66837656729183,-2.057660511046,-1.97235041864874
-0.940445837542275,-0.704370690014029,-1.73220958554159,-2.42901501901531
-0.199884174541672,-3.3331852866796,-3.22331373775657,-4.24400591718541
0.899395365218143,1.18697485955856,0.340531476913986,-0.156705251767076
0.975919044889091,-0.971110856657257,-2.80850814159799,-2.53551145207676
0.265542201557648,-2.09988186263143,-3.90299994054034,-4.90352080513376
0.58134298790861,-0.607979854066527,0.194605318930838,0.919091084140336
-0.0885367280728126,-2.32894661197078,-0.77701356905067,0.529450963701737
-0.582957898218408,-0.888362667641804,-0.951045261378108,-1.45091834451875
-0.130865315395388,-3.49480118487385,-6.21546151982356,-6.69871353680959
-0.474809111888052,0.216554263740793,-1.05853306772023,-2.330024121021
0.739313085069285,0.568320668650823,1.9928238467254,-1.01909070081133
1.97023873454391,1.28789569794043,0.0353184649326458,-0.216533107500686
1.40145124891142,-1.28632803569134,-1.56437600927597,-2.61340518683435
1.57912156345357,1.84257908293413,0.706959553988452,1.7095868219572
2.75123704912926,0.307126633298398,-0.48679586662741,-0.838867732484223
1.99932965866361,-0.346204583731067,-0.527829428393967,2.18248744638295
0.923954345691238,3.12606954077324,2.54707036823611,2.08787019857897
2.8728659003237,2.91248043464373,2.4317630414292,2.58355506052854
0.278815181101288,1.44263556756758,1.72976131486501,0.826798828345437
1.74552937544145,0.267407533187367,-0.930356119733397,-0.662339168873863
2.22967901570514,1.24793098117853,0.482856206185691,1.05788607111973
0.183673514061412,0.177462415944258,1.258969943082,1.06266546646507
2.26801963666131,1.81192097581525,0.818798168081841,-0.372372216428891
-0.200703490078258,-0.158500092670213,-0.899149222092508,-1.22693205534616
1.31461657285261,-0.799229442125619,-1.4742305597608,-1.35611904226477
3.36638112407,2.53990270232779,1.84066098766168,0.405455124739633
-1.49289112874155,-0.132379526714509,1.28569894449987,-0.139661425138583
2.77964033437322,1.02660061683417,-1.56090923777261,-1.15655296930242
2.44501796008878,1.12456254424764,-0.807449626449392,-2.25052887684321
0.984862891314668,0.49035609085168,0.138357396577916,0.0374864737295934
1.2415197897803,2.00613735923146,0.950628358153149,1.76634829592155
-0.731846350954813,-0.831146048166487,0.196794761858601,0.00351700643169706
-2.99609646418731,-1.04935605804808,-1.95279894352843,0.0140639920060117
0.450881725089159,0.00877937767956084,-1.02579517928839,0.44318843716755
2.81042658311772,2.01588345499602,1.91322288041995,0.44857966152447
-0.115964578898456,0.172688555796701,0.621536786708039,1.60569641936599
2.42299084580083,2.09954099332903,1.20457674062032,2.25218436587626
1.15008128937029,2.46793885179318,3.18515286626064,1.74835884838583
0.3932619180267,0.461559156500792,-0.367654010266898,0.497693314352417
0.846069045527899,0.516053002085542,-1.44593776304872,-1.10156702476209
0.0843521514040996,1.96463445728769,-0.141017105945143,-2.84922096299224
1.20180879980277,0.671166813366289,-0.474610594041782,-2.23611925453142
-1.54327727781761,-1.40260631004363,-1.22602670618163,-0.875627685588192
1.75944305688985,1.35777085205869,-0.381026858806369,1.14639995820874
0.183058762651156,-0.768550215067704,1.27178217758305,4.35451247156402
-0.500934741017015,0.682102864735632,0.231096216608117,-0.577035204435974
0.402414768727328,1.34814812956569,2.29348405419236,0.45657706326673
1.295131646732,1.02363529831166,0.609982155763156,0.899819545449947
1.25704688904934,-0.136355797057854,-1.36419287383029,-1.9849983969357
0.496738468918093,-0.27963585725861,-0.207276048660878,-0.991267837723357
1.3842042353934,1.75499408148015,2.05050679821643,2.82521856748298
0.747418304163296,0.503224096271516,0.356107324658458,-1.15108593630168
1.85843210355209,1.94646168567999,0.127961282509538,1.02711704763814
3.25741198782531,2.5425262624009,1.94570303556346,0.994905746152838
1.24222192934011,0.430013300763017,-0.242353480185982,1.07383111156307
1.36356210069434,1.94154169093762,0.887186937537348,1.25764556139149
1.61599110275949,0.31140248402246,0.528792709682716,0.691561000286567
1.69076276642855,0.297242509234507,1.10955864629833,-1.51784739120643
-0.621824374331427,-0.432022308820102,0.00820946753845009,-0.762529965930466
0.094508172661131,-0.513239791004675,-1.40506586992719,0.513502810642483
1.55107496807816,2.21811016113465,2.48891941573525,2.77360557927683
1.97482871166249,1.9553335755129,0.60544593088369,0.297728179075251
1.08975898340842,1.26014631623004,1.1195580504131,2.9538696554771
-0.278152213529992,-1.12590823489626,0.442728103861888,0.141144870639261
-0.562069318524421,0.0858753136910209,-0.107432750035095,-2.37757788622966
1.5978512592048,0.569952156336123,-0.351106070457912,0.432370505066935
0.0690741512470562,-0.181362100602033,0.108506540427147,0.287757968813415
0.7171567376603,1.21712877839809,-1.20966843635301,0.797908585285139
-0.532012501800255,-1.78514420467331,-1.97853885340826,-2.26191791700804
0.558937670849794,1.18972333614573,-0.394810445741581,-1.15437585798183
-0.142187033426349,-0.626583245632251,-1.06623222926575,-0.85218109316216
1.34469062841543,-0.916834189352906,-1.50669680089643,-2.32145816911027
-0.0458414958528329,2.23841351819965,1.86444405634848,-1.92043398508457
0.623453477249347,-0.751737623851899,-0.678616548408784,-0.400440136853951
-0.0954102617545324,-2.81572409116681,-3.44058362691406,-2.44195642442813
-0.226484796656915,-0.851169412710105,-0.304563275777688,0.987801109568794
1.66365027052916,0.399533601674414,-0.372997692015373,0.682182142822058
1.83002521134744,0.0612368319619691,-2.38009120331366,-1.58876738754183
-0.0885047360830858,3.07456805111532,2.650293561455,0.361514364564869
0.795042898928944,0.111715098558453,0.576847935922272,1.32511202045241
3.21786854167666,3.77903502204852,1.16854258198645,-0.367926067949377
-1.22199223010578,1.04629561646922,-0.13415627280134,-0.260263715193652
0.899437119719112,-0.332668303919791,-1.51694381493861,-3.0364894337663
0.648923920782609,0.204742855743105,-0.049055278928587,-2.13377965930006
1.27738406713846,-1.35766229773476,-3.02298274634707,-2.51411536576821
0.097154226443925,-0.879678439066659,-1.40408163261193,-2.00557391819118
-1.1628093519604,-2.14109888868376,-0.599148900031264,0.105228566501173
1.55417528768263,0.41955522461375,0.851498763275591,2.65236434231103
1.28885084723016,-0.0739326301749104,0.264988832031402,-1.32559303745386
2.67094084218972,2.2538263210412,0.163845970034899,0.0022556992207409
1.14861851690123,-0.309559223503939,-1.04511041094454,-1.15892748412474
2.10504211060855,0.436034638746853,1.49876147839777,1.19322074354529
0.302892771208914,0.333937619816853,-0.0200685573134037,0.118726829308335
-0.824645491364257,-2.43297813417775,-2.50053941419188,-0.872181271990064
-1.24543007427353,-2.79545809859833,-2.59471267289476,-1.70508590590828
1.97672846551903,0.724610963781878,-0.484458064010692,-0.150696343522481
0.980546777345188,0.066257157709435,-0.776318950766291,-0.822035875462566
0.151821865283279,-0.499560441473897,0.253811432791293,1.34306496739107
0.986446568242352,1.15563985270519,0.294464667241631,-1.83531068684814
-1.39920356613117,-0.417102750261217,-0.0857629445567644,0.802728836921912
1.21395381424291,1.03025741912654,2.43995771551402,1.23734267003486
2.162938007818,-0.157844527603564,-1.44699170875229,-1.40569480599985
1.42860937949852,1.54387519371995,1.15678362232909,0.756421034455487
0.120004400727637,0.3730534565958,0.755451154605616,0.417103623269645
-0.540087803266553,-1.34779596396893,-1.15396823800669,-0.737759279412185
0.296259713839732,-0.842581698812305,-1.31092193902147,-1.49643710326325
1.64909804848541,1.13176070754829,0.557180455560447,-0.607382927708783
0.551699341086386,0.986591150136566,1.93555311438127,2.46219354536573
1.3514459685412,0.222481161040284,-0.840606126644801,0.479980562509089
-0.260975121348629,0.0886371821470779,0.450425024988229,-1.9127558760272
0.609083500788885,-1.94431064205635,-0.261326151435317,-3.86878826722994
0.286892188667001,-0.919722315244058,-1.13261423007914,-1.32960304736631
1.81534094027186,0.994966230974879,0.88595615281283,-0.0576594975424944
0.472823380827371,-0.546375772470428,-0.278171269088979,-0.0439663192743593
-0.324444700886658,0.830187331786744,0.156663559744235,-0.271318965020674
0.618704015089352,-0.349459614362174,-1.53636817554636,-2.63812810933252
0.857007766540803,0.139737974924648,1.58075799584828,-1.78797687798959
3.2953301986245,2.79892650819355,5.27207649313319,2.49089798874145
-0.219260077668395,-1.76354475495023,0.586160716282329,-1.11854884536738
1.39876668622481,1.14960570557434,2.05992481412892,1.6749948005232
2.37408141976485,2.24768855225587,1.82184024745622,0.721634085758679
0.3466153896708,-1.8612462552072,-1.75019001421734,-2.29314344584804
1.3285663333501,0.0408302430829895,-1.5774275983835,-1.53916432266251
0.861037474120289,1.83819660523574,1.93932109468108,0.306205819558831
-0.0457931449423956,0.433966332856732,0.295798907896847,-1.32550511291309
-0.85798140661205,-0.0108748368548153,0.395122587303936,0.423604453359486
2.05721616669816,1.01458947483667,1.04666539595564,-0.49820424243439
0.660346638828373,-0.191427568388896,-0.669053890666175,-0.51214741026654
-0.165078013633526,0.0756865970811963,1.45730722829348,-0.00326225937666136
1.94176443856992,1.82147673861972,4.05541276841153,2.04162053609346
1.50224822639652,2.21538755354028,0.460082651514854,1.84385909267264
2.68165304956026,2.13775291309888,1.12596247184493,0.0957131716286446
0.970409124127302,-1.27021704411863,1.14142269665763,3.9063241388247
-0.348533661947677,-2.49657209113566,-2.52728194896992,-3.00965345683173
1.06691271004697,0.399421215606209,-1.01785522038975,-2.26191522083161
0.286225981773238,-0.841447728075899,-2.29979314137433,-1.60597704115792
0.434684754069048,-2.32372649164143,-3.4957228901941,-2.61184413886472
1.15952583491656,-0.375063025798978,-1.0400058751945,-0.944047255425986
0.930380276361108,-0.609801678717576,-0.884653617546556,-1.60835310673079
0.0211087565018425,0.467711155813082,1.12235519801524,0.49041188378776
1.5509123038481,0.90452210344483,0.634851564768481,-0.171243911280065
1.48477995882472,0.422532043133344,1.10462542005491,2.98511133198949
3.4835897104308,3.43429222206671,0.926986975071397,-2.44989644410813
1.51913677076687,1.2033853136685,0.105763807083222,-0.0822862167574848
-0.271753375692894,0.31349626736036,0.603835964737667,0.0747312214646188
-0.416406762332842,-1.3587533850877,1.93886596743905,1.23796616152226
1.16203577693912,1.62455667959319,1.60122862865723,2.72534385254761
-1.05736911073323,-1.17703494447303,0.648306192160462,1.79486213012958
0.866832485579409,0.940302729270625,0.579557730713963,0.552845483275734
0.0525841153571252,-0.328403272728468,-0.531247455167358,2.75852916981594
-0.41772823918628,-0.523960426351052,-1.3608410703638,-1.74093789252027
2.33711081613016,1.2624132465714,0.384339423386016,-1.1772319863727
0.0712421137253465,-0.602635698328673,0.177792767523217,0.314097681424451
0.265397920873016,-0.199099890833838,-0.458712980546687,-3.61857917911113
2.01399152442806,0.345176260065432,0.259666481884264,1.57191330131987
-0.880191401660565,1.77899710163265,1.50832991341595,2.38285832678886
1.47283460522166,3.01802845327008,1.92782930384759,0.626009954508853
0.975733784116558,-0.0459823664364991,0.100314679132401,0.0504660018112367
1.26750024224034,2.9163970979401,1.5744069270702,2.23816603151725
-0.475564783058558,-1.04138942763159,-1.42064575408607,-0.135551512571535
1.87420415102181,-0.371761227814331,-1.39721213579417,1.46096664955846
-0.0387373758195617,-0.400442977475382,-0.0783491497071859,0.477357717603605
-1.16539467953579,-0.992446567063173,-2.32922067635463,-0.903561517248742
-1.10829076377175,-1.17520220196498,-2.84349587706477,-5.69857158291689
0.362887403563916,1.56592638601103,0.572928624340668,-0.96232400581757
-0.322897232115704,-0.298681927265698,-0.194819976544335,0.138160763461676
0.489198698740103,2.67641290426213,0.536334857745146,-1.17168813048097
1.0169178909938,1.64364247120693,1.02748833276265,-0.0603560995743504
-0.701592981918174,-1.35540004203723,-1.94599480474123,-1.03811538804917
0.242807284225451,-0.292230181649822,-0.0675494593011529,3.00665585655507
0.889589028030623,-1.26445514720762,-0.988827837057969,0.67702501736848
0.685354129541241,-1.90548079960244,-2.34839914010004,-2.12639447433494
1.45651635281023,1.5380970163281,1.5748023356633,1.92615813657098
0.70523306019143,1.5500761886396,-0.655342753328307,-0.515716167674652
0.106199920832889,-2.6760534612701,-2.49597539150482,-2.45943535952626
1.22183486577871,-0.585040877009388,1.41031787473071,1.33099872552494
3.46746710575508,0.463677355868618,0.300075357100785,-0.261800253114885
0.240305586744556,0.301272076956532,-1.61523936099948,-0.469377831218944
-0.474892117923252,-2.39808352964317,-2.46773572264691,-0.914683946457844
5.21873728865121,4.04168223169718,3.41727045829466,1.22310863636521
2.31499945481253,3.15137860232065,1.29478071354349,1.05778317831038
0.0543697589328345,-0.711296758328773,-1.25343725705166,-0.547597684617313
0.4142355336529,-0.357812930290114,-0.776512251448326,-2.11881681113052
0.126968318148132,-0.644045318246322,0.0334686291875358,-0.0931095159871944
1.30240581166124,0.525739852925036,2.65263556058103,1.93147455052829
2.16640390394223,3.88224245836175,4.39201647280374,4.28738122880591
0.473533997916458,0.990918033510845,-0.642514029934353,1.00124213939869
-0.962572004336474,-2.11374118157726,-1.68954004680338,-0.731583968466663
2.9080095528766,2.61286797181952,1.33862928195838,2.83383889451669
-1.06294710058897,-2.78707808457621,-3.3768463454083,-2.00300216760483
-2.08555606357291,-1.25545497576291,-1.74724157224287,-1.74773677696299
2.00507998462539,0.98929024920574,-0.27990628007605,-0.613126718481436
0.983109764598554,0.736475249343285,-1.03224371444622,-0.606258096864456
1.7431096489067,1.18520838154922,-0.477024525210436,-2.52442419352665
2.07206662084832,0.695159243899722,1.2321658780624,-0.906402273727235
-0.66243831680279,-0.533527061173446,0.282680156030511,2.17161981887275
0.291270198966471,0.0242853960886632,0.311976537429709,2.43392225452698
-2.9938763882394,-0.979008483907925,0.192992647080727,-0.534890137083251
0.684965895991763,1.50099906559692,0.670277986267435,-0.0243860534448116
-0.0569947103712507,-0.254907870026505,-2.59756687145187,-3.18568978556753
0.0625873664964289,-2.2655944349975,-2.1565078336588,-1.90701453889985
-1.05234235482296,0.737592673214784,0.147463611069778,-2.1752891339958
-0.231986285905213,0.429557277642615,0.469419468704671,-1.68946097701692
0.827443620897161,0.11849701659788,0.0388778651487495,-1.18849212599858
-2.01432217533403,-3.2950034737012,-0.277858931498281,0.431035809579115
0.306124625995416,-0.916893117409284,-1.85055395683582,-2.69548938920038
1.09405659309727,2.44271637293268,0.698176418793022,0.0163206747483746
0.641708123999036,-0.142201009570067,-1.0191024074121,-0.663066740028668
0.2282146024044,-0.672082359860583,-2.77292812024297,-1.49280764676287
0.536109273440667,1.03037972840263,1.37095211967935,1.14385115375739
-0.0155930264134943,-0.565115059733268,1.11870094004347,-1.75545043071631
0.73447352660912,-2.55267259744519,-2.4641807101735,-0.681188981011594
1.1783940233168,1.09646881987521,0.495873575241602,-0.550577058112879
1.86753226433886,2.66730546432045,2.4682743931791,2.03198987370049
2.93143307221287,0.473481992037272,4.14911701063841,3.15407053581428
1.90094391918344,-0.567403666815549,-2.04229312674963,-1.68917441312577
-0.823253160417694,-0.347844900260569,0.602927007442343,-0.266908215854231
1.917323697497,1.36985952490125,-0.413243999594795,-0.794994525841367
3.2532444182929,3.90101333025266,2.76177262722133,3.41250290649268
-0.111751935862343,-0.765543830553626,-1.4243413954801,-0.586499796570035
-0.0209705547731756,-0.684072533975548,-2.19175205200475,-1.54515129004251
-0.542978903452913,0.754948287859121,-0.809397252501569,-0.0453690453859764
2.743335722172,0.987867412467129,-1.46678181580539,-2.07863808646405
0.539479622673005,1.04403999484335,0.32249943528745,1.13540121051665
1.13698461317539,0.314373216756627,-0.409583177642385,-1.4043244799642
-1.77044140922118,-1.06745023155355,2.46607143015944,1.70106731189259
0.988527902997653,2.81569470812801,2.68254563158121,1.84502957196696
0.604575456294596,0.741057591129372,0.0618779939472406,0.185812051670701
2.59382605005768,1.05297849707381,0.89975374654793,1.36884650519047
0.856234884483358,1.08858026765992,0.295319090641814,0.791126485592403
0.45151094614192,0.160423115140667,0.397795336575525,0.398275689015352
0.691739604081113,0.1243856860378,-1.11811558865867,-1.56779840953448
-1.02375209662724,0.643243398101977,0.432768000958114,-0.265608781704525
2.10879933662079,2.99651671914865,1.20289931278456,1.27995899371453
-0.750424296396898,-1.08408703141629,-0.508014797580336,2.449982785821
0.760260639839336,-0.782207164809484,-1.76306252272228,-3.18168011658988
-2.59878288441479,-1.91117033591193,-2.21355765328824,-1.9676615885397
1.22427838381192,0.590225690184866,-1.09152502075318,-2.00278636573202
0.599690137651479,-0.0326878468939302,1.58267011979306,2.53906298055642
1.25240351425648,2.27476275954702,0.351267552076921,1.62939373462981
0.0919210034926379,-0.39592885554154,-0.465542414574832,-4.02622542022235
1.67201229719095,2.51100569961505,1.64853289474741,1.23350521300741
2.35593229899918,1.11013972977604,1.11166951075014,-0.390014710258349
1.1946541358521,-0.407154029131081,-0.380081501470199,-1.79540800234449
1.28742295068662,-0.066789444817061,0.9568213099808,-1.27642152048727
1.67303300330327,0.763776978476502,0.437559751691958,2.2557158905884
2.8928833733537,0.595371683627578,0.461070899565191,0.829683991497234
0.0109899635804858,-1.23435255752994,-0.499739268421742,0.989270296078598
1.33027152635806,-1.23847821156175,-1.29225132417052,-1.73426775518818
-0.928023834916816,-1.69711182561936,-0.724289420888766,-1.72826728234347
-0.264813862733857,-0.512170465664921,-1.44095673353122,-2.4608262558796
-0.636219688421245,-1.41368156147706,-2.19099572139031,-2.81641886432428
0.909083949215628,1.44643003417133,1.73923844745806,1.80218175098714
-0.268679098944452,0.87655998558753,0.806388641953178,1.18930912642976
1.66013394970409,1.5675137194777,0.0626102622046993,1.7815384814134
0.0138127075821065,-0.172684142375787,-1.37302064731681,-0.614420224820806
1.13890660477754,3.1630731515305,2.41062088402894,3.36588203751485
-0.253122767627458,0.143648779414305,-1.90562683659741,-1.16196664397142
2.03449651421485,0.51906637341399,0.0690805650421356,-0.408596905649187
0.948829889167096,2.76635068675352,1.02420133024252,-1.12070226115832
-0.0701688411387036,1.32962451893033,-0.318406650696449,1.00035186184547
2.23259401191471,1.8647273853475,2.16655086209674,1.74809895006278
2.55692705864529,2.15485355157479,1.77153212158384,-0.239200892794673
4.04967315375809,3.99959170867591,1.48374552662518,-1.65953682994436
0.73392184244087,0.61535692826036,-0.0218062792364386,-1.02363407626711
0.319855859200029,3.02032546584453,0.705672199825951,-1.06120250216133
1.65071826654719,1.54826231423032,1.20254260614259,1.31968860892814
-0.0603440079656352,0.390910277380135,0.467719488363634,0.966360513051581
-0.713557446389823,-0.157602827248711,-2.51994683355542,-3.59409069144656
0.884117866569564,1.24007027355635,0.707421995444575,-1.58276320231733
0.671078845085855,0.910493375563579,0.663848076473913,-0.578901807193501
0.909879378644637,1.76807541435232,4.13152368562293,1.25964998897513
0.595281841017579,0.281828253349472,-0.0468918504595899,-0.863835519368386
2.2112143482964,0.640260709352401,-0.562382095345947,-0.663637419622729
1.46010295928266,1.80848664462431,3.52042550496978,3.32637849694138
-0.0543554146533096,-0.0804815694330772,-0.317061862890201,0.219574435135016
2.14283796594381,0.978855718291648,-2.15699996205077,-1.19542419771123
1.37473217171669,-1.0324097244507,-0.565399754044846,-0.706872103887313
1.50795825404595,1.55064126020333,0.0273536220822671,-0.008631750272029
1.14761072402689,-0.475429724576099,-1.49584435452981,-0.475604725890591
1.13392624163983,0.367272352557545,-0.407444959473038,0.393953499523862
0.494194551960476,1.56082154856923,0.900924206745224,1.22209682412527
0.0986607948805494,-0.799257823476487,-2.75117041249997,-0.222522270237082
1.25229286451344,1.88934665162024,1.08574924137698,2.06831188774214
-0.0488244868031356,-1.25938805681334,-1.69102896799748,0.0554294675429903
0.84195955887021,1.35798290641964,0.440058548990656,-1.21858192605623
1.1136990067165,0.526978677631385,2.66875906372781,0.330830571217957
1.1663013599306,1.17921558840841,0.83519898994976,1.23425721347101
-0.0242865826449147,-0.0502509798292973,-0.274844367022845,0.210619133203699
1.17935570548724,0.802385361960342,-0.45487669334663,-1.19327732658571
1.76261581765025,0.997738583048668,0.351470253800833,1.75647621068165
1.88306594080607,0.796979592352269,1.89874003194538,2.56599144948622
0.755045660412742,0.688592676996876,0.610697504961607,-0.584605806351196
-0.410498208217854,-0.292423714436067,0.726896820389005,-0.790091401037642
-0.241527366723191,-1.29228936328919,-2.29144605866211,-3.57494520236854
-1.0676456229906,-0.973995191376611,0.845296456640969,-1.88711401105345
0.775987800445657,0.0639567127749607,0.231355140286973,-0.0923053485477595
0.622954434236903,-0.507711028446609,-1.03323968393908,-1.98679132420272
0.464289323508006,0.912838457776152,-0.147088729001721,-1.25056377256258
0.0432502310603329,-1.6045002804202,-1.48555530336033,-0.967038872614206
-0.459457291823524,-0.426884940229183,-1.32048201963276,-1.8645014434076
1.36825948634774,0.557035593441777,0.317238998072435,0.488604227201946
1.70605125714737,4.14167573164138,5.38463270381298,6.0426909296704
0.438658184221818,-1.73898135382328,-1.5028829636614,-2.81193349193795
2.33772329433163,-1.50852667280084,-2.7915300984576,-1.26479158679521
-0.0256061437590788,-1.53451411792037,-0.325878350272142,1.00335941988845
1.79068431494836,-1.28233356142482,-0.236539717593287,-1.80202988776237
0.601409681285575,-1.25989280750995,-3.0438827535317,-0.255677132735965
1.61663255258655,0.217381223282789,1.97651601267203,1.94926945402494
0.441156411488775,-1.10588566242893,-2.03958324513822,-2.19351586194787
2.31898146763455,2.87804305972447,1.92466099533248,0.0639728192386002
0.347717781849084,-0.512506039663758,-0.564427013325354,-1.56748485373314
1.66424969584187,2.31924580293255,2.44139229335048,2.12657911417126
1.54388277712906,1.98666406165108,1.58685051180022,1.26032747755225
3.13018537718247,2.72489400871383,0.969549863758539,0.820228128454994
-0.289890629700305,-1.52818757827628,0.1059085685929,-0.728778530605291
-0.472445365345012,-2.566190890428,-1.61312405452584,-0.604974117464447
-0.71762867986704,-1.97363153514482,-3.35712036537394,-1.62060808897113
-1.09616453844137,-0.755815161114794,0.673223153091936,0.281064683241074
1.06918216419217,0.398105271115849,-0.795420534694043,-1.76238067324983
0.417402213390905,3.0089559977221,3.0776435844235,2.82771869369135
1.31897649728312,0.846231116921464,0.358528164521235,1.91976999535679
0.501983715420145,-0.17027991049277,-1.79894944801573,-1.4985669497201
2.18475230117041,1.99470321053015,2.36071420361215,2.53004696630473
3.6385697510925,3.56346026499878,0.307133103886816,0.283719181490876
0.98004546213025,0.340551816225003,0.47728686294977,-0.140074133002301
1.02644425377608,1.31812555320604,-0.76059415795021,-1.21463327960219
-0.0697525518903879,-0.883240522523881,-1.05575645633305,-0.243088679541707
1.50396879923978,0.948943798411592,0.639123931210072,1.06252724368447
2.18301047374813,1.01568440754385,-0.482585455687796,-0.105124565147664
0.498487388250826,1.78233852211962,3.44532087077414,1.30189299239534
-1.11675870429508,-0.62692681187568,-1.81360879197925,-2.0197373337245
1.63874690140284,-0.981985773807476,1.60848708179952,-0.326504848493022
3.60722775263398,2.50292311962004,0.29223092583987,1.17895878642753
-1.64706633152283,1.14701405892913,1.53606872859222,1.67637112243471
-0.510478115933542,-0.178401111039663,0.800550419735688,1.59577764013562
0.327923086843266,-0.360281591382576,-2.06991243563902,-1.211615999607
4.13244763550624,3.97445974304739,2.12502039664461,1.10290348724
1.17949940521344,1.81958899913609,1.01045705986747,1.48524946036528
2.05269603461209,0.186430813498855,-0.602909844157653,0.995166887443958
-0.753747681648964,-3.77599404678921,-4.17448208309339,-4.90655961430093
-0.21704777911515,-1.01900992028676,-0.355894696595942,-0.880054146641692
1.52787177393004,-1.18600799131134,-0.343066037611873,-1.45837453104303
0.573937783534583,-0.246745065757773,-0.75395233133837,-3.97638116740963
0.400995138735529,-1.1587050572132,-2.27742098318117,-1.22018472149159
-1.01307158418952,-2.25280212956591,1.02241110946757,0.734276674801727
-1.3931583220483,0.485337967154318,0.168699221423171,-0.623902919509577
2.57373310963717,-0.330693949177167,0.111706203536522,-1.46884107092667
-0.811610697797098,0.955246398834382,0.731788584623153,0.787158038176982
1.28517793782413,-0.399851183893193,0.605444935990265,0.865886578779184
0.781994350000439,0.907441736042567,0.0561814465643809,-0.197055622794977
2.40659236482289,1.35002785423051,2.11330308289623,2.85809080423525
0.369551981142636,-1.17793714461864,-0.661427385059528,-0.690856477987086
0.346523385138264,0.643567304020533,1.5094622305545,-0.218212949834282
-0.6260588284882,-1.62228379734371,-0.275323879077345,-0.369691519919738
1.91830204543131,2.09297407449259,1.19896374672745,0.191740564690496
0.491206189843838,0.24747647063707,0.747237666816049,-0.340877317926575
0.0149038594015342,-0.0254549615924994,-0.0924069163845512,-1.68400056853601
0.355958983077398,-0.352194173367066,-1.79844430189182,-1.4267760200402
0.952567273528344,-0.449385416895449,-1.84733391873184,-1.03386210182737
4.64370776811046,2.00933636563315,2.05480802354636,1.3349809586518
-2.04514098041678,-1.40070547138275,-1.64572533117828,-2.1628402678857
1.12964982814312,1.86477972275334,1.03262811559456,2.49616021588581
0.261534350231811,2.01637028229113,1.30458938233312,-1.96258082742977
0.356638506049852,0.42784549589175,-0.493987150978788,0.456334244766322
2.24301952479244,-0.504403367872167,0.61141938461229,0.898472840140566
0.917592619963507,1.5311059911509,-0.302954350877926,1.8339712272141
2.4476846695041,2.45374924252731,1.9351301977772,1.20726990163744
0.352369651923493,1.61341950894824,3.22719528352411,3.45304426939209
2.04224022097795,2.76139058365618,2.19320381216034,0.896176783247703
1.70249122451872,-1.30854704833011,-1.33402594344884,-1.55499860859504
-0.393084446069953,0.33463061539739,2.39337028804377,2.53631337267355
2.34900311235425,0.909048739159078,-0.613903340568208,-0.393222029827682
1.3745961432933,-1.63518155525405,0.200906670434563,0.350609454741042
-0.144771436093251,-0.753963100973891,-1.63337696478341,-0.564910292281094
3.03347978905068,3.25693260157984,1.55846506858802,-0.261156212330836
1.73025063264969,1.3623940463116,0.434734023236897,1.49063444365559
1.3203633780692,1.7770775732521,0.72565191623407,-2.42560420908331
0.912971799215801,0.65459222465936,-0.107934661199532,-1.79346811373602
0.206107768595134,-0.430624003950574,-0.890170661631353,1.16904021048865
-1.16325405546649,-2.03115220396984,-1.67361409495565,-0.51066012715546
-2.24917285039646,-1.91061543102311,-3.09011636437989,-0.241306740754214
3.29450318412821,3.25168679050518,2.48987447480868,1.4088360097307
0.260375401593605,-0.341759440928891,-1.70364867957396,-2.38197663987702
-0.453897702887069,-0.6874420641081,-0.747719566363376,-0.985825334472775
0.0222573609000201,-0.0398748924441187,0.356803975001011,-2.32973957500016
-0.0590646143301326,0.53917880900804,0.940925571888025,-0.461182360450194
0.603061958043603,1.23111752546761,-0.972191029413205,0.354032158086122
0.382539894695289,-3.82807869333737,-2.86291148462866,-1.30525614975925
3.46949179556462,0.568361791208962,-3.67399990445474,-4.64180029440414
-1.91335721537143,0.352734469297577,0.00159507065373871,0.512056017037367
-1.53511510542177,-2.36676196036555,-2.50642080569059,-2.41016768514055
-0.571559795060999,0.16254372588558,0.91781696504688,1.69824191761556
2.36993637715053,0.71839343507865,0.286099476304352,2.16305469327502
-0.0106012275483232,0.24544056793615,0.200076976621721,-0.33784830077912
2.91008728921548,2.75723503917932,1.64711754047349,0.88719726469398
-0.0478849409611015,1.55146381374593,-0.0387925655716157,0.297037437814065
-0.0670185765286232,2.54539304312236,0.10787765116974,0.831985838503505
1.99913859667821,4.76866593940001,5.10123336135553,3.99170612107922
2.15543743375637,1.54038186130158,-0.182203055428881,-0.813338520626104
0.247398571012067,0.0137890257549713,-0.0261855386056083,0.207180215912698
-0.146093964781397,-1.05032507418657,-3.86406947851094,-4.19614531392245
1.93140141941096,2.09812520137552,0.482428449813759,-0.21180544901516
1.14357352456428,1.52101336131904,-1.42624731505575,0.0481792318936636
-0.0842800737248799,-0.988810039198962,0.58152658728619,-2.04232588259417
-0.902762369939692,-0.51920864227718,-1.5284710568946,-1.23223422559579
1.06534730531515,2.68638042494782,1.66941826532349,-0.0837365378796036
-0.0948513520328276,-0.747721965186823,-1.44222386235759,-2.16278399359828
0.884127006301104,1.78877843481184,-1.19224061641999,-0.745659527768862
2.19174102294169,0.227392761565204,0.572313520375273,0.693303185821999
0.37812198339651,0.995898658031147,0.391702874652688,0.330364178452316
1.79961954656685,1.12195931043584,0.497804627172655,-0.230946615779786
3.16359799750427,1.2299065729123,0.549444373641563,-1.03907449122535
-2.31414443369209,-1.36605080236167,-2.40947741854092,-4.69887748252508
0.822853457876404,1.16451325848276,0.717845430829217,-2.12868403348766
0.547257128754423,0.505868908922981,0.00221547544333517,-1.28533060950846
2.48797341258406,1.3105597219636,2.27514239681922,2.59685896700532
1.3853874753233,0.966409379116019,1.35998755861804,-0.796740320744425
-1.65366757553175,-1.75304468153848,-1.51608200482853,1.14600354917493
0.421004645753237,-0.226029397809083,1.22333408880382,-0.000834538310956257
-0.334054821343895,1.09493230584082,1.10897966089876,0.468037475562142
-0.838973518034209,-0.547511107598755,0.0131182756328391,0.253509273724828
-0.455001028560934,-1.58743067273372,-1.64379286006449,0.290564421595708
1.26628714657215,0.983820820989374,-1.47026667852782,-0.614246341295585
0.992302986404593,0.689057782871329,1.65839663752709,0.614870066248326
-1.2750398264072,-2.76482195112703,-1.02787590354809,-1.29716241523498
0.643222751377706,-0.611592880145437,-3.07635441555017,-2.95789652401351
2.0219695283381,1.58510757773878,1.10564410902534,2.69894657550884
1.94040025913641,1.84376357907877,1.81364436292735,2.42335536125133
1.30662212216624,0.83905666644944,1.31021554538798,1.17570280355828
-1.1331529168351,-0.24562786652572,1.1130810261388,2.59525561536013
-1.28658033620334,-1.6135786129408,-1.00408170505447,-1.07428048651231
2.26561543285082,2.20323660353474,1.77790004319257,-0.0496798884731294
0.60471273802749,-0.750789589342368,-0.258275700845063,0.11232401840593
1.22688444726749,0.112124180077004,1.15903536928596,1.65486263578669
1.41319879287268,2.20674237913055,0.0787114769741237,0.586880642152298
-0.647485649469842,-0.14273534102174,0.941621106299753,0.115282013119045
1.62040698098918,0.393203553750818,-0.167902490892067,0.998828152952029
0.106728600682195,0.962153663574392,-1.46341243772096,-1.01303413246084
0.0520794755914122,1.24145475775026,0.811649514413233,0.510087441293831
0.683658883958795,1.64093428896764,1.84650439719431,3.03668313270568
1.51185121637508,-2.97054168976983,-2.08006633815663,-1.32111525874596
1.12542868708451,-0.606934899153193,-0.859743097816441,-0.648923732751694
-0.064352305073025,0.217332004844879,0.254171671119066,-0.362715271419182
1.34257984508327,1.64891319269359,2.27493166395479,2.93874453602972
-2.33069076924695,0.550612194578932,0.310408805380902,1.04716522251965
-0.0531880573013568,0.543939531914848,-0.776660454422846,-1.57967917916457
2.42688901444932,1.87584197305773,2.34812344720397,0.920988667584707
-0.560529807866082,1.10188905070086,-0.603129951891759,-1.58821946575154
1.70964484234172,1.65065559674398,1.50859052247371,1.54716931661002
2.00209828465212,1.82187206557032,1.60727598855788,0.618024115673671
0.586257694735457,0.482451929729975,0.631527504102951,-1.73941685345026
4.39426576235476,4.99054223630941,3.94122144727518,1.48954431186782
0.789381654968259,1.9633004042919,1.46808620710569,1.65096708429403
0.915476331489516,-1.24083920804396,-1.90996991326219,-1.17685453424932
2.20140514024069,1.10312861269935,0.994550505628105,0.595587825768737
2.84715867743818,1.9887852288699,1.20406707548158,1.19553645008983
0.724559130209211,0.314201529520992,0.995102739455929,0.24075138647087
1.36096285117334,-1.08776611916588,-0.515171954043217,-1.39959882147719
1.11133711561384,3.38156524213524,2.28374967340127,0.557357265606351
2.67000521000653,2.07655993506795,1.88692763968525,1.68286340446095
-0.203028341306996,-0.68544001723359,-3.32618900635925,-4.01212444684607
0.232184278763368,-0.00813058111700227,-0.676629056188785,-1.06177888354278
0.0684958069475931,1.20966031211416,2.40392630221202,2.29160137926915
1.14767320057921,-0.205126122907521,0.228488522544921,0.570781123669457
0.458564106916469,0.415140647505081,1.39626473487973,1.71692277720161
1.20575016631303,0.433074540644342,-0.318497462006218,-1.13706638643438
1.53616199396929,0.905968749160347,0.795716081881915,-0.87624783103445
-1.12306572902855,-2.79982737954961,-2.72847298835209,-3.46472567163688
-0.0850852722095025,0.799030743101379,1.62777400976159,1.32339079424018
0.745258727689245,-1.23446204704354,-0.540325475757056,0.400230118251364
0.284149017532779,-0.426182892624381,-0.644138481345345,-1.06457768339958
1.61382673005929,2.90115035334753,1.34624885421026,3.42698180909527
-0.788396670328058,0.604614734519208,0.358866759291898,-0.277997117986973
0.0758659533504344,-0.375574360313228,0.662293364169271,-0.174242765547011
0.618437235839802,0.739746400205857,0.160416867986653,0.0359893897254588
-1.19569413740157,-1.78687748057581,-1.83977849205046,-0.758297798924868
0.114786785386111,-0.490974999331155,-2.28104697859513,-1.75196492670161
1.3981651625296,2.00817371107954,0.655973233087032,0.852167362497213
3.2125034760232,2.82269679022278,1.58705359231898,0.288368821799816
1.90195899228647,3.17118989469293,1.69803760216466,2.52166143862057
-1.10369072986294,-0.573656956032198,0.878563429060769,-0.113079008572731
0.199326232210182,0.178050369776558,0.432974400797765,-1.64587625898382
0.978946443674619,0.145197367666595,2.38529901505635,3.02716854151685
1.30649613487534,-0.0311551302529832,-0.467414748714147,1.52052356228458
0.75544113037959,1.11990841353282,0.537664841341359,-0.158330904482112
1.19368987254485,-0.42873679901443,-0.866864252416566,-2.60287578437636
1.28558936444233,1.44432745390215,1.46670830594393,0.063394523694188
1.36049947228021,2.58395654092899,0.134526240953349,-0.458372256039636
2.14996375803477,0.640289693829364,1.88918902628366,1.64009552654779
0.053005301602824,-0.783896239595959,-1.26327414980704,-0.584422025316804
1.00297836834389,1.42826840846839,0.906052293876995,1.52228487601731
1.34141829324075,-0.0853103846850889,0.166910015368451,-1.85954550229945
1.08380425281396,2.16347919870154,2.71667312186732,1.71373343215339
-1.03263865645744,0.0505943985927813,2.16383412305279,2.87718713007423
2.43304069130572,0.545319692977093,0.776083075546659,-0.348067678985183
2.56839200422606,-0.402234362747393,-1.49711404552535,-2.3364715665954
1.60618747276356,1.09767068679363,-0.269329289937482,0.411522539648793
-0.382466732307894,-0.756384075379456,-0.442108635647328,-0.478552000820943
-1.17387360203667,-0.452971957814623,0.783656144412814,-0.488374212486494
-0.343795756989396,-0.70030116671837,-1.57385910224617,-0.544896221711809
2.31677380235621,3.32722050623496,3.10197224661887,2.1049146067694
0.58559549545347,1.5479043037469,1.93670478699098,2.62243513124214
0.236106120414536,0.470225840514257,-0.878703284287727,-0.691800617666687
1.96876843808036,2.90033959158559,1.24030461502388,2.54560434972905
-1.56839015246491,-0.630263988611176,-2.31285856875949,-1.8518325865602
1.91526457953242,0.471987319609963,0.552121790477326,1.98239106799912
2.8783315596728,-0.420572774206329,2.72372069462003,3.09711243166852
2.04593169249489,2.55633837702037,-1.40952223099154,-1.60224646467625
0.387779101723609,-0.235210639799975,-0.0436893987347244,0.0867679366030177
-0.457405777748714,-1.30090784181304,-3.08508351363056,-2.312882519624
-0.314445023959878,-1.11477083438815,-1.31682752604092,-1.50007214825009
2.75006021142497,0.925661897935209,0.478831829708898,2.28222101470076
0.0939442138832963,-1.97948844733625,-1.81395001456089,0.405894820825969
1.51374804248512,0.654930758805706,-1.08196474812507,-1.57968552476859
-0.0591729471988041,-0.139101354990576,-2.32025935672069,-1.33682678424177
1.26326479592779,0.230986994298714,-0.230954803248798,-0.183318050105019
0.841083345175322,3.42953257362445,3.16475358166405,4.83231997497699
-0.0276476834091097,0.327255724801995,0.00276761292677796,-0.521994949224301
-0.81597901575904,1.16945734181268,0.631100332644812,-0.799498676715237
1.45780618889176,0.43754731652462,1.16575395036461,1.9127708053533
2.01894095531243,1.73369842075289,1.68824596524488,1.5704128651604
-0.0677804230488921,0.892959069092278,-0.843330952753153,-0.932188846700809
1.41379885054183,-0.153719017332127,0.599742122516835,1.35950556016686
-0.316401721839811,-1.66214378729924,-2.07636718306522,-1.76210182755796
0.432261521169334,0.60617753582052,-0.337794646084992,1.08624417557878
-2.15882403695872,-1.12874064810939,-1.96412275593876,-1.37376682610782
2.28622939174821,0.846959955672413,-0.366183449665007,0.262847059883721
1.62363647445699,1.46988999092696,1.32573712489387,-2.48420523746653
-1.5603470958172,-1.00678587774177,-0.966905743208317,-1.58347305555678
0.557243967564763,0.602433344227776,1.3671714419485,1.22554406671733
1.17713014822828,2.50167223663635,2.1050065604452,1.83330891321838
0.79509967277968,0.701717489390289,-1.475166857505,-0.789257424588967
1.12025623456454,-0.235618384257294,-0.845860276463322,0.854511840919223
2.03477919588751,0.879636856810883,2.62041204995016,-0.914994241881543
3.04860516098189,1.29902233856696,2.69488072226247,0.998101751236169
0.744023691496431,-0.125049415272532,-0.301139933821739,1.10470500049635
2.65140232027511,3.27611220881608,3.37265624594186,2.96563876156693
-1.34852338376602,-1.09454628430473,0.348039710831815,-2.96718948642204
2.015871833809,0.688135781750765,2.27561356991207,3.82131160464213
-0.141737797085646,1.6850405186896,-0.0461550395486648,-1.21378680364799
1.69870438806157,1.5438183540619,0.32040193778442,-0.701678635879829
0.0451981236112702,0.323268419729719,0.686644899844794,0.935830850381761
1.26772748188959,0.658075234970718,-0.239950971781611,0.398267468290695
0.338575630080624,1.81059571633204,-0.534946507606469,1.06953621226657
1.68755307562574,2.65445871998263,1.07795054816704,-0.138302031396938
-2.27776481416821,-2.93220026678415,-2.15921181291291,-2.7770957527373
-1.89042841288144,-2.15652553446073,-3.52939395502466,-3.79247771977339
-0.352907689069188,-0.213295417417558,0.224942245843288,0.394505016495952
0.883810853573818,1.41540187686139,0.958632740593712,-0.45157583634816
2.3166625546928,1.39204523988234,-1.13901354215961,-1.0176543581748
0.556984245092457,0.871274485133634,0.768730290888999,0.295910158575545
3.146285880302,0.0241932708838659,0.51453765246059,2.31859040434286
0.145102010352971,-1.73282858439291,0.449243789143188,-1.0482467138866
1.17676851579772,1.88431201597295,1.05672734935756,0.601445792836701
1.13963034882477,2.91930746231111,2.09022795728765,0.0653200883141007
-0.462387827368675,0.438785432843258,-0.123091895098749,2.44601840266591
0.235794234311127,-1.4279530127424,-1.26751029706454,-2.18122130803895
1.2858931631005,0.631880368379458,1.56037496863187,1.32962496985957
0.888466008821468,-0.786194388409713,-1.91802994714154,-3.71004501457786
4.04968678052386,2.71449521298311,0.739511920242473,0.348195816089503
1.31106392245485,-2.40938458341302,-2.74742469906456,-1.69898600591015
-0.51900176902767,-0.203374046158842,-0.971643090126139,-1.80941725233611
1.32485365867652,-0.398633798978235,0.239990511880633,-2.50468190345961
-0.545651201558724,-0.933961758791458,-1.87407095600916,-1.93146182319167
-1.25953218311997,-2.51693198918446,-0.753901342999968,0.0107990912061782
-0.478647006393018,-1.21240573169552,-1.66503959835793,-1.41338293212943
-0.699359249244507,-1.31208594604114,-1.39765580720251,-0.904884079424542
-0.700328266927164,-4.88291951726552,-4.87810161380474,-3.79057617504539
0.856885298756585,-1.71810465509948,-0.880704812679149,-0.775782823860726
0.34526886154602,-1.35426709750378,-1.55445949933284,-2.05592214467461
3.39108420139125,2.83174774682058,0.716339694290682,-1.48660842741813
-0.677340249085457,-0.619306633755327,-0.970534822214166,-1.54959508059293
-1.76355478215062,-1.09250850497733,-0.979471161217462,-1.11935743635463
3.77772016286588,1.94046369503195,1.30663565949979,0.3815589784986
-0.603136043180871,-1.148590621315,-0.52851852402514,-2.01157281138953
0.0629688974485571,-0.0937995395774401,-0.33747617950106,1.64889353930247
0.566169273226237,0.603605681282338,-2.34804686830835,0.856922791047252
0.742642225387193,-0.143464411368546,-1.03290681769918,-0.666595034037982
2.85070894689261,3.53588176925409,2.90599929054211,0.161548288532949
2.13804245657384,2.31510361316144,0.589606932240887,1.64857630011827
2.71204365429809,2.3031165826202,1.53479026260241,1.34333333222021
1.59998951792109,2.03390328402517,2.37435348847466,-0.628601123788484
2.09191216238148,0.0856466581653808,1.12736420571414,2.70343671581766
1.78697351884645,1.52230646713921,0.0743260919072974,-2.1387549634753
0.301091791009498,-1.32183035123972,-0.461268918867281,-0.201097364513736
-0.697571427226621,1.04554353686769,1.28962375720868,-1.12594113567639
0.0932074849103038,-0.161051510265452,-0.29135903396155,-1.69346595672518
1.00165737600029,-0.237606821723962,-0.233017658302104,-0.156907677373684
0.721115360186885,-0.333755390387776,-1.44974038218915,-0.130010846557754
0.40958389466526,1.11910917845486,3.14955917555114,0.339994885899549
0.704631554227244,0.412279493808161,0.900579899506815,0.556874511972019
2.90158243514183,2.97236514624219,1.16962981090286,1.04653695604978
0.983654448299799,1.58058657616509,2.14706721894788,2.89633194280102
1.38400327516863,1.34723640567357,0.349833179709637,-0.244769194680155
-0.840974354376398,-3.1197922550321,-4.01965959209703,-4.09427244626728
-0.940090549021,-2.28892665149228,-2.37829742128671,-3.29658197947472
0.913581585774797,0.839597244826899,1.95900326726472,2.57308846585238
0.410889505481495,0.766811544810463,-0.709143485382358,0.699522202378977
1.42003908945251,-3.60213162278006,-2.19798200948461,-1.4611718778493
0.744811950116672,0.0386688321760565,0.441211692431847,-1.10714607921358
-3.23495624298276,-1.71531136153114,-1.53962272702529,-2.42045307952767
1.52094570080757,1.89392666091049,0.777080142851046,-0.4444668576257
0.0616780114067573,-2.91325781468268,-3.70794284135091,-1.98655152283394
3.66158299720488,4.0076525377454,4.45798989524215,3.52875620705231
-0.223197121903526,-0.875265515817604,-1.412030845117,-1.76588769946305
2.86910910604451,1.68126929484508,-0.550549604885579,-0.63049048825618
1.22034587863934,-0.822156810700564,0.487699009976443,0.00906419935120821
0.920758982281857,0.779468093763242,-0.63278444641964,-1.93131873817421
0.259936000322496,2.06599961274032,-0.0429850269911323,-0.250856602639248
1.6581406593514,0.429173469632894,-0.923694330439848,-0.939447929339879
1.18329574022422,0.296054778973397,-1.24088114627909,-0.819197212511391
0.352211864772489,-0.178052274960081,0.348758947676884,-0.0270591523950664
2.24466617895376,-0.389656585515202,-0.572133537124056,1.21863232825625
1.09644219887825,0.756588605863318,1.14698836265702,0.87320490618002
2.08021571670438,0.702834409725118,-1.11903626890049,-2.48147868855687
1.53145710237531,0.38992991691066,0.204538518257404,-1.46409640558772
3.91739834413955,2.48754462017003,3.09678536399475,2.09375873786057
1.12121543055766,0.581528019235466,2.19938571477081,2.52388779817451
1.0142191839534,-0.422179320667677,-2.32471969117601,-0.573811285707219
1.72819330698032,2.1597280220669,2.89463471894923,1.69975736690006
0.620525852919515,1.68788168588149,1.6069596640395,1.72249167472582
0.574448684780172,-2.89844719834526,-4.33522625746541,-2.49628640827817
2.84559247159125,1.17041605276446,-0.0856148144736893,0.149588699200515
2.67530940281823,1.44451103084864,1.73121208733993,0.0555752364632686
0.448465064607234,-0.221612216309124,1.50417379131869,2.16764241713859
0.366066028076572,0.836762629402372,0.689765274640815,-1.15476231118244
1.55768687829892,0.917777128123536,-0.116210318032911,-0.540939770565955
-0.150481002524014,-0.202633483518854,-1.14434701911994,-3.02070452359436
0.0789960258552949,-0.980194465063632,-1.16400234176019,-1.03563291205751
0.609376786445786,-0.812217528038798,-2.31404799249375,-2.27013159558296
0.730436530219998,0.286045505275276,-1.75384760601038,-2.55012153790748
-0.55885551895088,0.26961380220188,2.5893242952901,1.43764936059571
1.10346483289574,2.59145789047798,2.43032663320387,-1.00693263532443
1.83819131807116,0.619190692047111,0.549620041442677,-2.08335097293768
0.24957496496228,0.54208061527442,0.135797778989496,-0.642873861966118
-0.62200723475482,0.850326972311623,2.05895205048461,0.264583366827405
2.64531905131345,1.35994571238428,-1.19456067405888,-1.04052155533369
-1.02761737204027,0.74476387030142,1.08351061488638,0.0942739446861945
0.706375653681514,-1.06131515263802,-0.987865551395672,-2.22943563908315
0.380559556834654,-1.68037813765949,-1.56015138034167,-1.67295294548003
0.781224411606274,-2.25804977941335,-2.77612582862465,-3.14373520666623
1.00262907837392,0.172766383404996,-2.91047057882464,-2.97661992485867
0.543312736428053,1.59769696574097,2.41724805605618,2.29177437284309
0.869089987863793,-0.821856969995002,-2.02072732521941,-2.31901254423825
1.41472729160284,-0.575660402157782,-2.4997489221469,-0.804003776283942
-0.732670419152551,1.09206073747768,-0.579536623674523,0.279341343701104
1.2524655104587,0.648689472095606,2.05287522486185,2.37976127926742
1.21459010969157,-0.212418583327736,-0.30680994211585,-0.00667332395368231
0.492958946000901,1.5795800705536,-0.574559205435074,-1.39703583935033
0.143513529767583,-0.311237555909031,1.19411526245662,0.814571775106869
1.12408272372311,2.3143359395321,2.23326107078713,1.16426200206138
0.65882732644711,-0.00505651268745111,-0.708722506108293,0.211333200158223
0.847573311692853,2.01649495579452,1.01938101252227,-0.50610567871365
1.12458237693169,1.38202359176237,0.656095434100213,-0.710825030663341
0.578644026850581,-0.202986689292699,-0.427109585543784,0.239005815929972
-0.412511241934928,-0.0219639111365096,0.461504347854672,0.029441601511543
0.545015304446728,0.982769343581421,0.697023695971391,-0.974336388245687
3.0018440862392,3.12611594208747,2.23793062751892,0.37449938028964
-0.410849181169096,-2.3806361860527,-2.61276646276436,-4.41964807882058
2.79854134742643,1.78321723211449,3.31963263159554,3.05509622497499
1.17217110673328,0.611277113367251,1.78007289634105,1.17260956530837
3.43308304100825,2.99341633691257,1.22200053647227,-0.496665789402709
2.22061824834653,0.995758130984472,2.56578223094501,2.18404010118432
1.74462566351891,1.26840972894047,0.217280886426957,-0.120727587263545
-0.693999286653124,0.320255622300218,1.51393818418457,-0.440258261639787
0.796555443242766,0.792090635573541,-0.432834863201496,0.122626039820042
1.66899870491061,-0.341665526084544,-2.42972942451924,-2.59677092323998
1.35585852618224,-0.931310728828375,-1.603009023,-1.25395672691786
0.355681893337097,-0.267164805527919,0.0742310950129877,0.495078224921603
-1.49234658201674,0.398180561726656,-0.616612730502553,-0.242390471240279
-0.202727600971363,1.08025099055602,0.155556755526863,-0.749504102871385
1.32692827847331,0.629191512177033,0.272482753838521,0.586550172887856
-0.43748647673024,-0.230071056003107,-0.931849856762988,-1.55987926001518
-0.569042842097385,-0.996863499969278,-1.82254280799389,-2.89716067091133
-0.662719390632568,-1.07801528878837,-1.58764927362457,-1.05733144658941
2.19224484577397,3.57455062943885,2.50717295300111,1.55749390918098
1.8161145913498,-1.33135823823925,-1.44067334229533,-3.04407874515223
-1.15858604777378,-2.45803537902699,-2.59571514807505,-2.39353398654782
2.95356723546913,1.74664690772206,1.89941464550583,0.41194222398716
2.51879713702899,0.969125092361672,1.0582990649144,0.753350944106975
-0.305636992496185,-1.34664156631963,-2.09037354622418,-3.67533699600349
0.40838767867345,-0.0156137572366829,0.0429114774721178,-0.189978148330844
1.5808895251278,0.980364700028626,1.1209510412885,4.15601074618585
0.0369896822106506,2.88073170747335,-0.0525529102402618,0.278646129483278
0.544639552134281,0.75026533205417,-0.675952149871352,-0.28246376419986
-1.04638950930982,-2.01340477681334,-3.46262735710354,-4.71161065180897
-0.264371697500658,-1.25936935636918,-2.94709524859881,-3.21355215745742
0.0484563592683772,-0.000595727406172419,0.432756049248987,-1.34414174876372
3.54053928068759,3.37140866442647,3.41141142119163,4.30629997843428
1.527876220564,4.59235492960765,3.5442881073856,5.43652757739387
1.2852849727397,-0.293256057014981,0.980372520195035,3.03099020027422
0.594263442463904,0.459062065301364,-1.16306075771299,-0.355447498993916
0.281300794376994,-1.96934617102505,-2.691058006544,-0.479672752801939
0.0244180440755051,-0.0168493370498003,0.342041689637556,-1.08270031194235
0.66625461018738,-0.488867992027399,0.399027717927768,0.298438831286609
0.653876932544657,-1.02232588221526,0.0650133262204118,1.21726504960483
1.6758571011089,-0.489268769520934,-0.997472815455823,-1.75034333269072
-0.711114741690373,-1.24756522805573,-0.500664427945513,-0.522636180574722
1.36298986700477,1.05945896884862,-0.385608842147162,1.2599044806878
-0.536684758502366,-0.532404274011992,-0.100415958590613,0.221757294709943
1.44523261532204,1.09797676899913,0.86935044307657,1.62512333998744
2.070707204661,2.29630122549001,0.980420859457465,-0.894847686213609
1.78079344295596,0.407000950663336,-0.383533223616073,-1.729954051374
1.20391353908233,0.384182509515202,-0.720750992683946,0.939826590112522
0.865937850042105,-1.27194085896102,-1.05070750148458,-2.7501061705684
1.71598889793128,-1.62360997448561,-0.649507552014011,-0.0849397907631498
2.41600892308986,0.931307833925605,1.33562144428614,2.37546498240801
-0.567156977485498,-0.452831606254146,-0.155752929455184,0.467005730700316
1.35936215764658,1.4506794692617,0.711049717515254,-0.0268200293808732
2.37198345254847,1.73970171489726,1.85712611182489,2.60059706265431
0.527471396792929,-0.265550389639726,-0.831843600671042,-1.20322219805976
1.5866559658024,0.16315751124449,0.430003423624732,-0.789226829657937
0.205407274397198,-0.79090716170344,0.718285129648488,0.215323495374287
1.25378973492025,2.75097373908565,1.65515294208919,2.46787231811643
0.126434165922163,-1.31792427220614,-1.86865737692666,-2.80885194523616
-0.46549706333596,-2.02592743736388,-1.17668904160051,0.372855222944872
0.596472213456238,1.78739835469609,2.21621658128289,2.99821805733301
1.91049007106958,2.57624254599747,1.08082578220187,-1.00361701964274
-0.0449493041340877,-0.333197107079951,-0.166145218886958,-0.509688809441668
1.16044510702935,0.627227620441119,1.31466691525572,0.430131630515254
-0.922717114285459,-0.767441818921269,-0.652390472891068,0.545197417990376
3.72516636719172,3.2253103810361,6.41329075387279,7.07248940535171
-0.0232784479386656,-0.429015223463232,-0.948565571184017,-0.374232570739254
0.0741211009413373,1.36972839283469,0.859887733919704,1.03472511355648
-0.212244887523853,0.178065325153279,-0.756785611710299,-0.0720447086688707
-0.791569881425812,-0.507667230402537,0.249654658897524,0.231103836014092
2.88554491495057,3.44566547716245,2.95562588841869,2.93178354217638
-0.451394809704109,1.01888822349195,0.838927051563423,1.73627704385077
-0.902397491420742,-1.62003896871104,-3.93327455891732,-2.68119208028117
3.26736432650047,5.04223705937581,3.64456113492239,5.81345471245376
-0.602264957482725,-0.819965832150241,-1.82084889838415,-1.94482788278834
1.20051139937817,1.08623947402819,1.82462207936498,2.81012051266555
0.829766702892223,2.42200742284914,-0.654940432791313,-0.679466233092302
0.0680766406485246,-0.857275652726159,-0.0111415435838229,0.0597884888227346
0.96212322646936,0.588223440162476,-0.417581094974062,0.849674820699436
0.485303114572079,-0.197018948071772,0.0678210323060989,-1.38106326022571
1.48246174676084,0.334138221556825,-1.31746736051111,-1.25038809244216
-1.29638683838814,-2.98280165702623,-2.2538305385407,-1.30942875972202
1.72733093075085,0.439627309768625,2.81478710670232,-0.886506593199867
-0.594679626195729,1.72555588242821,-0.263996249691079,0.103398238173217
0.282380408327221,-1.1268042048428,-0.851355561754318,0.888794598085513
1.15454711813337,0.195910027399335,0.786067790011263,0.56259766001119
0.0918281293658214,1.31850036984663,1.16036012071403,1.42562724829398
-0.928160258693746,-1.75977811722017,-0.883156652432853,-2.03061841718095
0.523249077373409,1.08908650853945,-0.540057546125029,-0.818379613223666
0.305576842801603,-1.499342990131,-1.52044370588973,-1.08273403273732
-0.42045709171683,-2.05267768620736,-1.73746865076015,-2.15987781185524
0.88821233535671,-0.00739823959306912,-0.413016673180584,-0.239634088080256
-0.535293774928906,2.05007840953518,1.10894981928384,0.702984385985148
-1.34897727567541,-2.22404954100703,-1.33462079341738,-0.398035960526771
0.749149617918511,0.0331008973759026,-1.415078499792,-1.28925313372305
1.94597678677864,1.15822487636758,0.518802111045067,0.884586204578863
1.11297021558303,1.07450339432643,1.93691260369842,2.19443732893589
1.05829395789322,2.7135334697312,2.17653010759704,1.34935501369122
2.54060197115247,1.53466425287069,2.73138700572686,2.66682442463028
1.14874739351952,1.68493147638666,0.4389557399016,-1.87299191537953
1.35880957510709,1.48334581194211,4.61253307690457,5.30571364760034
-0.074736646478468,-0.248381272381394,-0.776400843854588,-1.71330513036831
-1.10756447742483,-1.60307484869784,-0.926210835338558,-1.26962128763206
2.75870277996414,2.90425009105599,2.38821686663956,1.53664759252067
0.60548533517559,1.13602799124446,1.25562608724485,0.672078323077853
-0.265625984095166,0.053092213429012,0.757018449670848,-0.170350831591623
2.15082065750937,1.66925947056038,0.303359463210174,-1.8825327799763
0.926414272536844,0.0311863848770596,0.286896531288545,-0.262409669434692
-1.72585920377761,-2.32197788954389,-1.85878616284565,-2.38804847737207
2.93785629663938,2.03497111112389,1.70152482039778,1.06492300902795
1.32530730003228,1.94700872621366,1.40477812052586,-0.83613965494885
-0.0559301107279173,-1.23923936623999,0.277664497977547,0.999624495240651
-0.286498430892689,0.484466552419289,-1.88277098051514,-3.24672880522745
1.22349983191913,-0.0386974637080796,-0.469342515289891,-2.20451404239316
2.20084676952688,2.00684078777609,0.745085170544179,0.121444432733745
0.808703400158033,3.07854786997692,3.70155299839264,2.46095304416941
0.875762512351425,2.15739163883917,0.775943889832862,0.401677667603177
-1.62051134884904,-3.93167458098709,-2.98519984832616,-3.71535803748262
0.427914726381542,2.10719028479044,1.06580388206639,1.52558278923789
0.439629497185857,0.717376428669491,-1.90294387721152,-2.80060095253446
1.01432854531119,1.34627060230724,0.661462896488557,0.402458726323981
0.263040389418465,0.739128512010192,-1.2291754974563,-0.0850682404772415
0.488492582763885,-0.254007599071329,-0.358641268248539,-0.881070117292087
-0.379433257725499,0.12257965419556,0.705699489243922,0.58209456967254
1.63912070049505,0.332432113210379,0.62528654310823,-1.35330760355478
0.172900024889088,-0.133457371821371,-1.075282765521,-0.84296875354514
-1.09378823621957,0.641943829562437,-0.839540732976274,-1.34534215282617
-0.337021741554566,-1.30751052097045,-1.47803387949619,-2.21653336914526
2.40278086022054,1.85455794899121,0.388036201875765,0.803980306581045
0.433401885726165,-1.24445712518556,-3.56454270526878,-3.50758848562997
-0.399461521638597,0.192960446929194,1.73180059922943,1.67885421033958
-1.29136454136156,0.161023241585152,0.392092268503103,-1.72893210115522
2.47173818650531,3.30559802472426,0.94834050566809,1.89491258264339
1.29881008956741,-1.61367803441145,-3.30109129513022,-2.45008120285782
1.49271017027959,1.01189590241745,1.75863982696688,0.649782386683748
1.4651453992853,1.28097793062966,3.25155755839028,5.31295168627825
1.252565630037,2.83940906667107,2.48293615693223,0.998911924714289
0.248170267160973,1.35939690637725,1.08968653293503,1.41338696536204
-0.405982380401441,-1.26648371776733,-1.17124643844512,-1.92557917745624
1.51789898408881,-2.01376327674718,-1.57725855263008,0.216167332979463
0.67760798150141,-1.18878090647731,-0.903647748091876,-2.06792341430379
0.668818956933605,1.39459823071397,1.36519638292241,1.91442179020425
1.75869194665745,2.85607671882833,2.57267892235982,0.728846936358378
2.81852815339288,0.499673501879274,0.722423197015453,0.311404991938874
0.373166771481674,1.29051956194196,1.99768110396463,2.45513138119025
-0.678673198112433,-1.54858964433427,-0.428666838221082,-2.28816961002676
-0.417901175379451,1.11463251201529,0.933774379353101,0.794633907310978
1.04667137763655,-2.29174352542586,-0.496866819758966,-0.338343428160021
-0.475142891319836,-2.76162350269639,-3.53507392726632,-2.62196783149555
2.53325518338418,2.26016541371596,0.73889982704962,0.469040429869806
-1.12813785189234,0.835630135410865,0.110874855007508,0.824283535564156
2.06226201763514,0.970205751891891,0.403513558258755,2.0665556568421
-0.0383344568375432,-0.715949679039845,-2.1806756555547,-1.48827655731686
-0.475517893091343,0.317850725692303,-0.651297159689825,-1.67506112130465
0.272196105350118,0.180714273739533,-0.0101953218818593,0.138522635214513
-0.399464253767601,-1.75226446805826,-1.50159871504731,-3.19765696042336
0.251356317927448,0.609683521586338,0.91563697799259,1.31119001454545
2.78593567176598,1.29114972486259,1.19009514046151,-0.152989044851231
1.83121058397418,0.830050785127134,-0.315575999952311,-0.493259878522729
1.859362935497,3.88544847318979,1.03899482736295,1.20262360187443
1.25416218412548,0.247868211771421,1.19467389352613,1.37068164874541
-0.388077399269274,-0.475927351175386,0.609063656992797,-0.760304744777111
2.23563706761847,0.0983596012713241,0.494497976680326,-1.53726845817188
2.22349479343631,1.71129922041778,0.464291023624601,-1.55022378418662
0.167435634915059,0.47889324418213,-0.795341717628588,-2.26464235085431
0.501595704639803,0.153141994290276,-1.09810610431847,-0.604683902897846
-0.922669388770019,-1.18242013000651,-2.17426292904939,-2.14448157510483
-0.121143608951347,0.556496875809984,-1.55773580799636,0.390248738062633
2.45723185079579,1.8357448308361,2.00197724473776,1.15351483382735
-0.809289910970217,0.313969054207674,0.27084874053686,0.549204497872049
-0.175471500347806,-2.03268188600534,-2.42842913188158,-2.19838036045899
-1.37162148056214,-0.606708665890001,-1.00905928654545,-0.722580568533902
0.183210862292303,-0.0543257815280593,-2.27187667382976,-1.59587579008703
0.221031753210662,-1.0070326891702,-0.510142129626291,-1.0948630124778
0.402352188656277,0.270440377741078,-1.01774822204722,0.859913425202416
-0.236591696105865,-0.0716585067818056,0.590267907844204,-0.108267129273245
-0.140688868922525,1.85239300533964,2.33724094343086,1.95609046026336
0.829349939896712,0.0274622528280021,0.0692876401106058,1.78612638400817
1.38602158840265,0.829763083436689,1.87788414346906,0.321775056483207
1.74577703409689,1.19319241589503,2.42193516903187,2.40065922810929
-2.06272173701201,-3.37544773246627,-2.42137499277929,-0.940320047236813
0.955382740149158,0.644235864828555,-1.22771042421169,-2.71360736141555
0.386381736319498,0.106085075637756,-0.869820096552537,-1.7783397456888
0.302122270285215,2.78988994741506,1.07663994830334,0.129057122731151
-0.277021453246743,-1.37352394116078,-2.16163820601678,-1.63413090558997
2.90229032091678,2.92348756478542,0.452171704671258,-1.07682803887264
-0.574277897233727,-0.956855898781461,0.439587572919286,-0.379218450482707
1.01601664013583,-1.83949279075979,-2.8315784223272,-2.28162964531383
-1.14527093264125,-2.97075335091055,-1.0065334496782,-1.20893284644483
1.15144598749414,0.254512544358279,0.244354607510157,2.54902365563446
-1.03664388484608,1.2619407100535,2.5743532837712,0.117709992787697
0.092277032298233,-1.40065836208787,0.26947809916778,0.396452192148505
2.14903519867269,0.989296087584679,0.545843324069834,-1.37951935375563
0.348221605709932,-0.00945589858510402,-1.46904999641773,-2.92881567182786
1.00888751582488,1.43344489762404,2.15952168814893,0.506750823859406
1.10262479100263,0.348100552708948,0.756589167079002,1.12954665106383
-0.0199805177852381,0.0216486624719603,-0.344981442230851,-0.477601252084269
0.0723408778475461,-1.24635976747711,-0.637578955208752,-0.190009140601689
2.30308314542741,3.70785307860469,3.72241051568774,0.668189531112493
-0.444416105585133,-1.00342967383598,0.512610676100607,0.380716145346989
0.477539304894321,0.475426384840944,0.885952164207563,1.18769644165241
0.627702427991198,-0.285054956716363,-0.732189421492865,-1.52205106148863
1.96346325361344,2.11120107733619,3.60585273054687,2.60135600748939
1.0243205536783,1.89561551152155,1.22573841555319,1.65196113270834
0.640786104740146,-1.00049318698217,-1.12129829221417,-0.725031698040394
3.30209423419629,3.60647404574358,1.62166451518783,0.486953493821419
-0.265289254306089,0.150528287131415,-0.82923488266486,-0.665160297940923
3.30184850604614,1.78580804023557,2.66361109659732,2.13168450106052
-0.128670161985563,0.457333553423199,-1.34195739099876,-2.8634277114865
1.8124683914699,0.643066005817648,-0.659233474015287,-0.884418662528727
0.78507539006371,2.29598469612539,1.47690307501039,-0.0335704545703003
2.71985408054759,-0.546997942077108,-0.316473984324241,0.432268979981197
0.814758693457583,1.65530577110732,0.393271598227468,-1.13494327991237
-1.66320654605697,-0.925320934302233,-2.07312494126423,-1.6667991356016
0.19378046856724,-1.83500788976678,-1.47330525562604,-1.3403973517589
0.258724026103961,-0.0347685969291204,1.19477235496458,0.18249076627774
-0.809954693778232,-0.486878445689821,-1.21134378265905,-1.2421913467888
2.3398431527262,0.288652727139944,-0.259056606344458,-1.69727446383664
-0.35974015051771,-0.309336104506457,-2.78540650301282,-1.91186166623588
-0.0578750497218597,0.640639867193833,0.0528739644210363,1.01909652144856
1.60416092611833,-0.160575521289819,0.980062444557972,1.20117314579722
-0.537803783499619,-0.581943324900271,0.848414542538989,0.328511983550097
1.35699226547976,0.955579945424612,0.643578469606055,-1.05958206061556
1.79506614332853,-0.155537021814899,0.525134475685937,0.228022652726236
1.4387294669796,0.719359386161883,-0.282439920631517,-0.487650300548674
-0.092693548443402,0.0583352391866399,-0.389705692296351,-2.18249764700097
2.37525147428813,0.932219826832407,-0.312321496239398,0.461966423676824
-0.744491442149559,-0.26337269450681,-1.13937098054942,-0.25249888812138
-1.07012473629787,-0.061403430247839,0.314714909972911,0.590999533736015
0.547865288677834,2.36772356114902,1.95640919481942,1.36028199193757
2.78949780102233,0.239953467594785,-1.22689407884663,-1.98085024634963
-0.958618706841062,-0.565101727793699,-0.394550557927521,-2.1679336122539
-0.066877616929561,0.772957944037198,1.61408901437486,1.08583859756401
0.601657858841768,-0.935822564066685,-0.0292718394002622,0.761779304522772
-0.576632597928655,-0.271756688693072,-1.81130818862748,-0.866558552027428
2.08931366446855,0.212182396983144,1.66505126152449,1.48416445666806
2.01530267528121,1.27734905000652,0.483597471518331,-0.389088800659469
0.704576226398982,-0.058067117699291,-1.89501891649666,-1.2033264843629
0.184083335881238,-0.456428400689385,-0.987893577267909,0.0562056346589738
-0.123559208385617,-2.02075658302895,-2.92745773400442,-2.01612202924169
-0.378926860282077,-1.45200959784625,-1.28190528453089,-1.67836400989875
1.02582515291199,0.620049424562714,0.0953519341086791,-0.360883266813401
2.24496649687394,2.25580031088077,2.45392533952559,2.34405815897835
2.29724395569012,1.15372919113216,0.73698884408166,2.74383967465702
0.381435807772017,0.356831430395251,-0.0681985123129134,-0.0106516835049122
0.463655521340497,1.67521988642887,-0.0084026152132135,-1.68033061167742
1.38364936671001,2.42092509736887,-0.0251696285192915,0.34557934839132
-0.521404749928219,-0.130944768055432,-0.667000768149175,-2.34969728335778
-0.0912787590233826,-0.352658415332119,-1.4101841275371,-0.0116969611548559
-1.0687328739195,1.74586162123045,1.36663810453821,1.0701981953647
0.828181123813159,-0.55543549011247,-1.06365626657517,-2.01407076895972
-0.251143336478679,0.618651903278535,-0.376745372287498,-1.29779135195714
0.408198716934705,-0.574407372262032,-0.292147208351654,0.780439822105818
-1.38481750949652,-0.868982580327297,-0.183954372898106,-0.00636245959650106
0.520724288616099,0.149732137770467,-1.3904292978359,0.404486891670259
0.198803628687105,-0.468962223631602,-1.31350709441616,-1.85198318547072
-0.148126280401197,-1.1228055184011,-0.716880337576161,-0.0885580134674843
-0.82073318649762,-3.5903745177811,-3.55175098846286,-1.24811565367311
-0.276157073686634,1.00341933223094,-0.137918880332766,0.469940087935968
-1.47195944684152,0.404451627093586,1.30134090932971,1.79194844544604
0.438108678561189,1.15573823660847,0.51212813357963,-1.15961651748523
2.42544641738678,1.87400761988877,-0.132370756116748,-0.848697720942721
0.678730819232489,0.780338774352749,-0.584863638185374,-1.02657222676801
0.87017147592983,1.54352017967588,1.63830621529162,2.3445587558253
1.24040116279784,-0.0760522304185675,-1.05222778174674,-2.4866377450836
-0.0390329700016647,-2.19841802083753,-0.606354711683021,0.913433799269966
0.16685923387319,-0.751088775770783,-2.04915653524108,-2.85350171429811
2.6244497474592,0.853549802290212,0.719965118561834,3.18199209918057
1.01535283572731,-1.72520876671662,-2.47249625569628,-3.64376524940035
0.573007503453448,-0.864537982373986,-0.292504330475837,1.17130345064034
-0.958711465580174,-1.01403097596377,-0.81409656950747,-0.30914944037107
1.46199405377077,2.31428650081119,1.09748109358638,1.82847348205293
1.00455079499827,0.901634597827103,-1.32243375597401,-2.29056378683979
1.79160743895673,-0.513010620880902,-0.199713261693299,0.127620149524711
-0.550224844510604,0.0165373672830084,0.571578570092334,2.87457309342016
2.10259310804986,1.95274676289312,3.80571507069044,3.03764708396909
3.30949167099421,0.186425816583438,0.358617166395625,1.64605778287482
2.0844287158381,1.38843203834579,3.31978514938793,1.93172365614572
1.78869184372286,1.70831978684633,1.24264099300278,-0.50182806966058
0.777553848064255,0.393909796090625,0.584247749488914,0.72461779585044
1.88785732578358,1.51037136339035,0.371257976509077,-0.859980894891404
2.39582065797361,1.32220259144149,-0.376357641723698,0.0472834422212395
2.23947759695593,3.31605178765459,3.70023572942229,2.98974065343549
1.41800185606563,-0.0630031476348376,-0.932013902912699,-1.61686104535418
1.69683971369569,0.866686258733576,-0.0383945675985102,1.22823964213604
0.497427873257904,-0.868029247068825,-0.874935837912812,-1.48185085938052
1.47717711635426,1.41614439902406,-0.142894511152274,0.474104600284342
0.872909037973219,0.605429097303396,1.35092571085604,-0.628485917910218
1.49401319702101,0.163999464060638,2.61836679419966,2.46273277971565
0.464633584294298,-1.13351028428718,-1.9422754323565,-4.45197283681408
0.301600536629208,-1.9816895454483,-1.59636902343528,-1.7274863292272
-0.655337095375306,0.33176034847382,-1.51066723876295,-2.20676284747973
1.68375003095513,2.37904698930599,-0.435926036067882,1.18063577698204
-0.898099915901756,-0.232765709326682,-0.290875992406008,-1.69190071940362
-2.38346543933192,-2.55724693090665,-2.6456817847997,-3.77876313171332
2.36447669654642,2.65761114634341,-0.660705079616054,-1.06809994845353
1.70708918355925,2.45138497673303,3.27579375284926,3.71762633984215
1.72117608754922,1.59566629754089,-0.105082496890713,-0.220330016441769
-0.161527406254584,-3.03857616117488,-0.203594283291471,-1.14100345874296
-0.663794176752894,0.0684520899606353,-0.0555843600161126,-0.27141965101248
0.78058279072882,0.273878708441368,-0.407576139318505,-1.27143432457617
0.512688250757567,-0.0451577800230445,0.491551025771731,1.60728723798543
-0.490316933712788,-0.95666897168659,0.294973509585004,2.12007196850974
-0.242426726506985,-1.05890157680729,-0.381688315281561,-0.439405874333495
-1.11423484468124,-0.777311180041769,1.59861029501247,-1.10254210632865
1.59366280126429,1.55468477694616,2.0255624648563,2.10863254196315
-0.0406660069536062,0.685987262699892,1.07040419090556,1.06514430263875
-0.06791762467881,0.0154478805497764,0.111642997211677,-0.829718488228432
-1.05889522068404,1.97633477844138,-1.33653848349283,-0.694960738042688
1.41058069593397,0.268116974633877,1.67324415322966,0.279223548182925
1.04990324947198,0.901449760680319,0.161724195797488,1.63639113061299
-1.01313124173248,-0.691295354871108,-0.401872617156528,0.393624895193625
1.09774572231526,-0.218132583956871,-0.0955024944982488,1.84725905662766
1.82803039341378,2.27216534477616,1.74784002656135,0.889518885303259
0.147969424116047,-0.155936819073161,-0.338111893368929,0.211497450972749
3.63331449684325,4.09927299280328,2.57924539167083,1.17581845288482
2.35996365811256,2.07393406567192,1.75975224595025,1.58303530661518
0.229367979739394,0.69855646072028,2.17399019286877,2.99858839023369
3.0309140479825,1.29391647573973,1.43475517496807,1.09939241425456
0.861448926280067,-0.467188667217742,0.178427969707128,0.152529306238284
1.2835393004698,-0.590445367005456,-2.15108804992463,-2.77553363040045
3.08697929517349,1.89306415087465,-0.746259988413078,1.12381566346081
1.28538136697855,-0.950774748598474,1.41257248187976,3.33871115265805
0.532252937065066,-1.2298674749153,-1.31542099208085,-3.48576321039842
1.49323210005796,1.40951372945265,-1.13310857915726,-2.40892654733382
-0.309151202844723,-0.336780418697333,0.848148930814261,0.569215678197385
0.728899683164983,1.74181583324693,1.26888803655106,-1.48983335024391
-1.74270346618398,-1.57564933661309,-1.13681242890815,-0.493032204634101
-0.817456996895298,0.216718826406294,-0.0640579506999334,0.693678829332149
-0.355464832140923,0.281489108820988,1.3055396484541,0.994003339315972
-0.439081886000845,-1.71102281855328,0.868384174622675,1.48361649919979
0.290161809054543,-0.597310621032232,0.430771600024131,-0.468512325325413
0.662958152097642,2.34341664618305,1.2984686018148,0.0309442748027391
1.22766155747109,1.12557922004161,2.08107312007715,-0.38975339633782
0.0385561409634003,-1.12989857010057,-2.80734798188357,-3.55920759271848
0.938664057672856,0.117142398355968,-0.115235477101537,-0.502546051567814
0.913909867677552,0.466425007893033,1.49155672511458,-2.205645037651
0.75768870412834,-0.316965482367656,0.0541200882834576,0.482410466351161
-1.10579037499122,-0.228372067800486,-2.72587079469757,-3.52189917722172
-0.479944002779097,-2.0938894614064,-1.50624796344003,-2.83715830616011
1.41499560965039,2.59841752127482,1.03368786658062,2.57148615743394
-0.0503828554216548,0.540062526741294,0.463303216725859,-0.165919392241213
-0.150135907658207,-2.23618484644934,-2.52713055558131,-2.46753689921297
0.753838298587654,0.419730602575031,0.904866367162132,-0.814719654659306
1.89728284587278,2.24242007156914,1.33621948602021,0.997709282851118
3.08452483354726,2.96539136155157,2.93062357007432,0.160954471761125
-0.155570188324242,0.807902800094235,-0.574424444427724,-1.61213680943876
1.82271523796264,1.93941671436208,0.252991018665102,0.0962843145833527
-0.976490638914838,-2.68720920504871,-4.79173126525741,-2.11268005417989
1.840479065882,0.168531398323503,-0.209207710352966,-1.55099303160961
1.07639987376961,1.08297149611946,0.210098091148279,-0.658558144781452
1.27153609217848,1.04636088448582,-0.609204087010062,-2.9411125725005
0.347866412996431,-0.607290571489511,-2.49941863653577,-1.63922338260409
1.85470279550159,1.86836796354643,2.40003128010175,2.4888742615868
-0.979292952600862,0.129970435437655,0.725497590953256,-1.33178719831065
0.606196692943308,0.284939270220546,-0.666473151919284,-1.26687150398924
-0.314290674768159,-0.886009124420051,-1.23678658652406,0.27305918936017
0.578552903213913,0.243269142025509,0.702797541221038,-0.115241500232545
1.02802633146672,0.528553754185088,-2.13652457239322,-1.81025283751341
0.785286695486965,-1.9572932562083,-1.64321639606397,0.384882754766088
-0.256447723996748,1.28425550889291,0.195202189828669,0.298968148561053
0.333330245291659,1.72972685971599,2.34831435664442,2.55470761757813
1.3276961782257,2.3395669331742,-1.02908454406587,-0.638918618295703
1.62716368240563,1.70171588039813,0.665638814835749,-0.27092658580362
1.34162621407462,0.822934800272501,-0.308820456361781,-1.66814511638071
0.857230744711901,2.12466576386854,0.0240195915344004,-0.138163436577357
4.14072165504088,2.87194286343243,2.80611115513501,2.82211692422757
2.00456158977345,3.16244350612556,2.55699382859083,2.28104790724913
1.24696141351662,1.869989956303,1.25160863572403,0.601096624698212
0.10173361967733,0.40093427986559,0.19907840920592,0.49953565737021
0.131786024373443,-0.838611501495591,-1.07537983135116,-2.02074180644071
1.93932426604634,1.75365469650629,1.60064943125029,1.43291947032007
1.47327495680168,2.32236898820838,0.274675730557733,0.432024546863425
-0.300091753232096,-2.519986832086,-3.79045261283239,-2.90511130434768
1.57806627346095,-0.0179514475878007,-0.400440268562584,1.63919203394999
-0.867167137832292,-2.40638713276221,-2.0466103562106,-1.85674919518405
0.666576893191751,-0.226794847192663,-0.121522845283428,0.157621134580234
0.922476908462496,-1.68673345896623,-2.07236351000173,-2.11399680647199
-1.25654448495269,-3.50192760009449,-3.86353913980779,-1.44827002708149
-3.06439426412235,-4.22972921588238,-3.9760168303488,-3.44037583582299
0.499550172717514,0.469819972485825,-1.05013665352921,1.30581271509586
-1.29338502426474,-1.83625787863714,-1.01398603907104,-0.737220892787948
1.04599784381032,2.29812969115054,1.53311377449603,-0.0526380884294007
1.20379987656668,1.33026743728844,0.787511178981003,-0.416157872152369
3.90836692851599,1.86539595143814,2.1702744148312,0.0879699923231758
-0.0201763538424361,-1.14957261704001,-1.49831885874756,-0.456781973674677
1.65731056207163,-0.250202268186976,-0.625009427964069,-0.126686424177709
1.7097319775703,2.23915754950167,1.04954574921363,2.17024385438864
0.150255571067164,-0.384653959418402,-2.49195545989066,-1.11532247260675
1.11053067224365,2.0631946265059,3.41301566058177,4.32947094075245
-0.40608850657658,-1.48889391228344,-1.31760073292043,-0.118464759943117
0.816597845477299,0.743349271358388,0.313936704540549,-0.390239774279178
1.56248407889763,0.273787480071306,-0.57282666229681,-0.759825393784051
1.2210509866093,0.191183241328014,-0.237961022741437,-1.91907241203507
1.59331618197788,2.61152192930033,1.61705412515971,1.74358067085148
0.197486421095471,-1.18174240588308,-2.77936148024353,-3.88005116806191
0.550222554645502,-0.293501183660882,-0.611077916886816,0.978242199334342
2.3308847734257,2.6196872346431,3.03934856618032,3.13848538636986
2.97028811857632,1.08289824865929,2.24642329397847,2.13966878285768
0.176540386043564,-0.23053301504522,-0.0468614284974388,1.9468373915997
1.57936396089188,2.93549413894405,2.72249585490004,1.17859664987304
0.211580075606191,-0.931852086661147,0.430639012484383,0.440075195541287
-0.219465102703484,0.268926170819088,0.769599771901185,1.99625067472129
2.61000147667863,1.66406523719177,-0.971213877737066,-0.683804625491538
0.954009911925365,1.31915813406798,-0.803260408284989,-1.61876783134748
-1.37420126683904,-2.16047815522838,-2.06267252981655,-0.611000602729624
0.72184649826726,-0.549082306119274,-2.46425694182522,-1.71459747051931
2.03353297960796,2.43099586805214,4.48736690571241,3.26492759627731
0.250562962764293,-1.14191547701976,-2.48327996868776,-1.23073901660993
-1.22781315654632,-1.82958862090422,-3.63142269496457,-2.03611729709241
1.33285348436632,-0.332879133565862,-0.540300108625659,-0.226478627802643
3.32807312832826,2.19175819558373,1.02919807536895,0.312944588611138
1.2654876933746,0.0546491299209982,1.47070018818811,-0.85374106595866
0.430095585369569,-2.5575530086367,-0.985526184176316,-2.32583283175358
-0.649726692808452,-0.293170369224012,-0.500431475313148,-1.59539480319021
2.03157548085795,0.985064357580187,0.992509582081113,0.537462529898114
2.47563937873157,1.21229675213614,-0.207634075067824,-1.41269751100988
0.982579057671773,-2.22304401709889,-3.76233018390431,-2.98356072965446
0.0151966680420458,-1.79576486777885,-1.98118541939273,-3.38630239402905
1.29175571868352,0.289392586137573,0.0353358851850469,1.74537121874901
0.370600632942757,0.959759568497801,-0.427616635388564,-1.50059229244169
0.72752625911725,0.787587939685155,-8.45846330034816e-05,-2.30392091675938
0.404763661985304,-0.49350005050878,-0.827105965406273,-0.69864080562594
0.178799621039538,1.44242744682249,-0.266902188943603,0.902389714679636
-0.188674300697416,-2.3446177292152,-3.32714514829277,-4.23969812457285
1.07634218813916,-0.677667912546882,-0.0642980425927003,1.23045404396653
-0.313184943314151,-0.366638473898569,-1.06515079105398,-2.17374636607273
-0.0054264017671477,1.07190233242378,0.964531124683306,-0.189666474948142
0.67226578279999,0.19509691635068,-1.78425525720645,-2.71195722961455
-0.567577384200625,-2.16246376543314,-2.62803201347164,0.801993466162952
0.533038505686148,-1.539945290197,-2.07543803969515,-3.97743356132458
1.11818223816023,0.49109915761665,0.166790284831595,0.147966093701817
0.667875173094278,-3.20601698245994,-1.22183829899577,-0.550321699966954
0.498900238562355,-0.324032897322198,-0.906360302231868,-1.38065739095908
0.835566914734398,2.01887032087503,-0.458387022426673,-1.24501061859827
-0.327265699137368,-1.19596199680688,-1.63289067355321,-1.55666502098023
0.680683531363753,0.291950689113995,-0.206739218313338,1.10656593941712
3.50002827932907,2.84403869236996,1.84370920810152,1.04840876544826
-1.14204335660328,-0.954397436076456,-0.143018288670576,-1.40422610740357
0.384524306883138,-0.659529773605838,0.315485141189125,0.0736559002151771
1.44519308385247,1.73605994400656,0.223369974458538,0.65698655807538
-0.221478059199398,0.498971708396852,1.73809202020754,1.24082774557643
0.116277645377849,-1.49885959578587,-1.12154163160109,-0.988435262584473
0.536124422086702,-0.395526006459195,-1.37239346830966,-1.49854719684264
-0.0818106481940479,2.91028211757376,2.20993890493012,1.8410843965235
-1.10849445111019,-0.820430005601525,-1.69131792014194,-1.41378632039534
1.24152372205896,-0.23454380942686,-0.389434624890816,0.453350509863224
-0.572332372790405,-0.0490189558054631,-1.13749059380146,-1.09778368619021
1.19644768410308,1.28841684709189,1.16293400694831,0.053960033780352
2.53764714990251,1.82870304168883,0.781952093259892,0.491759335413864
-0.147618027676169,-0.911597004436372,1.30416964227386,0.784972515906898
-0.0180827190722403,1.19915362514234,-0.139700926460009,1.83549908375126
-0.34822711215781,-0.257641230539256,0.0363542003799966,-0.337252166763427
1.86418202963157,0.179349689887874,0.842660891539076,-0.157944659749132
-1.01882687578608,-1.31751068926109,-1.51161048358465,-2.2436446817597
0.127927085509204,1.35525640918629,0.291928839124067,0.517995781006253
1.2058156792436,-0.220130201147143,-0.810089310340333,-0.237628511525539
0.936210582469198,0.498730122588997,0.431086529241884,1.84856739510355
-2.4738050094195,-3.23094820256664,-4.1372754265064,-3.84915269802085
-1.74952439414275,-1.13549602981576,-1.63088112184324,-3.59776390726115
2.69951631488397,2.77588381443297,4.3396336437236,5.64422855558243
0.783931692925796,3.01946676952221,0.93706796386138,2.56074920689292
3.07092986706305,2.62998399231275,2.93001437311747,2.07685191746663
0.758270274979278,2.58093506272456,0.90628242262248,-1.19122059090013
0.713621498829383,1.85736897410343,-0.121521784006317,0.406196092881117
1.79969325279865,1.63219171632607,-0.0939671883448863,-0.145003863544504
1.69766613548867,1.0394575796628,1.04037532145392,1.1811664517636
1.21711246922552,0.948411130000379,0.62425801982664,0.947223990482088
2.63417168754404,1.43322193660171,2.59888038565263,0.799508381247949
0.758688146999593,0.864629793381985,-0.985200147334139,-3.72935567090597
-0.862264238677679,-2.81947534994967,-3.01666569056722,0.495730098941231
0.478679388042778,1.77040194840767,1.13983652897689,1.0077212564022
1.35033365618037,-0.0451771836400634,-1.46148858254807,-0.503819149730168
-0.398236225283421,-1.07184081647484,-0.741473413052006,-1.92681680676776
-1.00050502515065,-1.14437612742752,-0.592562119537048,-1.33831287547159
1.56811198698999,0.291920509263475,0.0213439528751568,-0.323337109656346
3.2327239363497,3.72159401110427,4.61537307146789,3.53522744546895
0.705881812380372,1.48665049750245,1.62912014042616,1.58358652185578
2.86638157879846,3.46262609347231,4.08315797341142,3.13562479936779
1.77943873327012,0.452945951808883,1.68244363115932,2.02455417450767
-1.58698176220694,-0.329629893524529,-0.707591964624047,-0.877709866668924
-0.706128625049506,-2.00689780533515,-0.953866588251876,-1.52269721640775
0.853300679928545,2.00811747215077,-0.114267198968023,-1.51549397933427
0.284609000976495,-0.459322424403783,-2.06675158311933,-1.71297070116879
0.843819874356291,-0.693155030194141,-0.393950941105323,0.471946474918771
-0.679102134802934,-1.00516684243846,-1.31902125284132,-0.344936799439582
0.315635424909859,-2.12704627737256,-2.45751905570327,-1.71099872706158
1.64967194079814,0.40612595581836,0.664798725547676,1.00766414360003
-0.101232275493676,-1.21361098101866,-0.986584192143023,-1.63533075819996
-0.458769456193498,0.55934253235116,-1.08721913775331,-4.07645286572892
1.37619170968445,-0.00975536331733906,-0.649275830042085,-1.98138187834239
0.925365176328552,0.511500240833836,0.270505340737525,0.434448120072463
-0.238743212501352,1.12055028060226,1.14312899256917,-2.49706466058306
0.994590458187415,-1.18678066810179,1.80307870780992,-1.2211236412955
1.56069085947084,0.403732868046434,-0.63787586958292,-0.429527699419147
-0.74200344044088,-0.648626983501222,-0.829498856269789,-0.594349890962806
-0.223234951975047,-0.15908128834811,0.135168637211591,0.342773727309776
2.4523809377598,2.89699872936444,-0.320686280900638,0.408360523477799
0.0812806023960504,0.170384586315289,-1.25654576509835,-1.63206946430123
-0.849416129294775,-0.731848682503527,-2.15196798253512,-0.786778582084861
2.08477734279628,0.253465100803202,-0.142248968428267,-0.232452459590446
0.96178070766691,-0.791833716388496,-1.26069292600508,-1.91173642236225
3.36392514798171,1.73812859372603,-0.273254208952268,-1.63338822916148
-0.869205657495744,-3.20075017374279,-3.40064724774174,-2.70111131944135
1.86613832657189,-0.168779925748997,0.757504646789012,1.18591081342693
-0.101410527633436,0.489575778868677,0.241765907898409,-0.640215066355131
-0.485090448746933,1.1093741503381,0.894659423233688,0.0843145854308485
-3.58392693584839,-5.33852509351599,-6.55957737621402,-1.77666520357392
1.33089863139483,-0.597033689652227,-0.579981152232658,0.463712059952161
1.10109456311386,1.37983056883575,1.03169922448346,-0.461448595761154
-0.89630209429427,-0.563112163569023,-1.01575250268604,-0.998812390143535
0.69665551954437,-0.779276428969275,-1.27737663184765,-2.67021551989009
1.65029255966411,-0.140803326418586,-0.326044204466576,-0.771275039763803
0.770513046699742,0.887920169659877,2.15183633285836,1.95334774214745
0.594680555630549,2.37048504500886,1.93815272120206,0.831538641893278
1.05797664046449,2.82092772683193,1.88110290384782,2.1399323603936
0.678999688680937,0.746476738825907,-0.932777453979932,2.05505439488896
0.590667878146994,3.13801262460885,1.8749404788343,0.765247525384825
1.67159148415278,-0.20019860348997,-1.16534034031354,0.729032333649739
2.57063110498688,1.88619745748249,0.218101141658355,-0.142604705248592
-1.07460706893738,-2.37023141290518,-2.85872491214872,-2.2658886357292
1.51151550672961,2.26938169773803,0.196071844280391,0.876940127597803
-0.430869614927052,0.560778100939028,0.487271130972906,1.28604676267471
0.250760938703236,-1.63933543173057,-1.73476382755082,-2.50039782743957
1.54472616761138,-0.670883809751911,-1.24787194758729,0.559006631654867
0.335875027624974,1.44853292536392,1.67348230956501,2.00938905359183
-0.372497963597765,0.872768463732049,-0.457485725633978,-0.120930072456248
-0.328352014762846,0.86872275793667,0.325874173021085,1.15383866062535
1.3306728950907,0.00410009836666703,-0.0226365183550623,-1.32627226591728
0.142652471984343,-1.20569678957227,-0.527032249956517,-0.921577411459085
1.08913497532503,-0.0824866271643294,0.721907000296927,1.32911216341566
-1.88187881833393,-2.83611979396834,-1.16897215138867,-0.686326136494377
1.12383347606734,-0.208937566215844,-0.887084239968375,0.450440556260372
0.025592366339211,-0.50155996328104,1.09335569221457,0.374407859973081
0.360233255278309,0.861745642158945,1.86790285109162,-0.952849969467112
-0.496888996406068,0.361182441704892,0.534633526361563,1.76129719160446
1.78746266392659,0.411331670101614,-0.0827315670205857,-1.23708130172841
-0.900339856473351,-1.98963219594732,-1.05609911812223,-2.05594058840175
-0.577058435061217,-1.83027738408577,-2.57328495178144,-2.72304340037952
1.21022826841963,1.28811475347771,3.73717424883687,3.46586580627871
-1.46683499830454,-1.47686771490682,-0.345089632668839,1.93080878404818
1.49762549361244,0.178821142028879,-0.20665303618209,-0.30201357192615
0.457571878031483,2.51656984188735,0.359480808601716,-0.583841461122375
0.541292249705236,0.413214134621303,-0.75993024898551,-0.424092504630489
1.18441372999486,0.535953110860737,1.20615324275776,1.10873065286377
0.102859260200734,-0.53071341004384,-0.11659770454191,-1.37470200330421
1.12774767021167,1.02499441070097,1.85503615373857,1.77149936254253
-0.167831516400333,0.341430977798198,1.47051483052703,1.53586256263776
-1.07586793943662,3.16271904534009,1.60199824517077,-0.207310494693548
1.43747550461601,0.122407485481638,-1.17594285320599,-2.1284258744985
1.67852015778696,1.82906290222867,-0.20498071602022,0.87540885844578
2.63647894956771,-0.387069248216344,-0.493323387264487,-1.74458719991664
1.14206956237098,-0.853403502826673,-1.94433113051482,-1.25213037466912
1.9090470965268,0.169034810552599,-0.945193088829713,0.729567206387467
-0.755009216582777,0.128526964758267,-0.028084185135804,-0.521977839138664
-1.06245145601297,-0.661089009063146,0.0554886694395944,1.9119627677365
0.619334208493892,1.28754077076508,3.2491662636405,1.67652228042013
0.156747532396583,0.665576948243914,1.406151351097,-0.894727301739785
2.28596064552839,-1.45991858322473,-2.48794720756299,-1.63068954542943
0.618367434189688,-1.21986544980933,-2.00894834543508,-1.92483097387931
0.0770992729185236,0.611418083465943,-1.25421819837083,-2.14679941718383
1.99125984650843,-0.792486648497844,-1.49108020615947,-2.37104846189722
0.179750795575846,0.0151659680655277,0.200606182625516,0.0167536901536396
0.888364753688158,0.430205000899863,0.449308287174917,0.288529091457702
2.14375759994105,0.503184743478739,0.109030658889087,-0.196366504469424
-0.414059522892626,-3.60026147267709,-2.80735110060258,-2.50981817486326
-0.233909761500574,-0.157925158938724,-1.15976972607639,-3.89090353145038
0.506418660948233,0.218356288075333,0.289992853692021,0.347753136261437
0.819482024087678,0.882634145317865,0.947549618920948,0.715214006715424
0.130540168340806,0.818804186916507,0.157935866577489,1.27134791385508
0.164800250621262,-0.941530974912977,-1.52142626107781,-2.56524678568559
0.0428770015477858,0.238402955684713,0.0779435786215343,0.778937446478599
0.995011738784876,0.673706825333262,-0.451119157268696,-1.19345669388656
-0.321760451952186,0.023246782652248,-0.864471152681315,0.633928995009015
1.55183252571288,0.670354407401558,0.488266683679848,3.355312316582
-0.338187903066786,-1.28040105127586,-3.75259971887959,-4.09005804676125
-2.20332658872384,0.394207051128822,0.210659990902303,1.43337253919005
2.42136502384102,2.18744961142332,2.79660409149874,3.77543400158693
0.562397681316267,0.339139538317931,0.991497824935928,2.55788410440729
0.528925805797223,0.084183998371157,0.181812946430551,-2.66844601520419
1.71527022999906,0.948751757408087,0.538299611384406,0.46578861188264
3.68393956143687,4.54924103271506,2.86476688661,1.43333376456146
0.772692180341046,0.923457971535339,1.02195103858956,0.944667289490622
2.38952195330627,2.45075884056727,1.26090346098919,0.636357783815109
0.529663654496993,-0.762675911910041,0.0139984085948426,1.23101839737775
-0.397232929318278,1.2691428489243,-1.30514234036277,-1.75482444757028
-0.415942069152279,-0.809476767890591,-1.73995939606963,-0.726702089058758
0.318827584655975,1.05903113923157,-0.599400682649806,-1.06048896274717
-1.04984522293859,3.04489803096186,1.92387648506206,1.10855798100982
-1.22131496876909,-1.05425313095653,-0.931281606349268,-0.792183168379719
-1.102562280111,-1.45697121553309,-1.42278500686904,-2.99326894777584
3.45008778789156,3.39065781595513,5.053925053605,4.18183412565389
-0.977701082793389,-2.1891377730247,-2.4935913780418,-3.33050024176204
0.111593346252809,1.58396669606721,0.754656494493355,0.37559334465007
2.71673177461555,1.59340495623464,1.45492093862411,-0.563850862370433
0.593638959661887,0.396085831903586,-0.568869847512511,-0.173910853780801
1.85004452140621,0.639897731029666,-0.761861223995393,-1.96634796765571
1.0126891112418,-0.616597654796115,-1.19373580693648,-0.880455803258657
1.36859435322479,0.0229764682640068,2.88145639458309,2.86883588980926
2.0248136526226,1.27092489793222,0.0975490442664823,0.404369814378326
1.73447709601347,0.974144788674032,1.51387199734017,0.955792102914406
-0.292310461502134,-0.746932735265631,-0.410102804494095,-0.849671463220049
-0.274387696082953,-0.362345295174238,0.346940393053721,-2.26385615869068
1.03223244163155,0.921992727121263,2.84434755937875,2.56951407702976
0.616975798165208,-0.639007730763665,-1.07538383566277,-1.22517718959224
0.633863803651808,-0.890371136974284,0.407894208472213,-0.871029231005473
0.641736714644052,0.343673470982551,0.193494830465258,-2.15701157187493
1.97830595576501,1.28575481649398,1.52017907094022,1.90314714959269
0.145187776377663,-1.17616805286349,-2.09641348130885,-0.858205811307628
2.26590005297467,1.04118926501614,1.36248108153943,2.25509858729327
-0.213538578283412,-0.330421178021662,1.13711136516261,1.25887284917622
1.19745123455954,0.561615941342321,0.48655349050873,1.409812749978
1.91086937585719,1.65620632263575,2.84337224735279,1.75652235951631
0.329176879390608,-0.525757729738575,-0.769165190985766,0.441750475482319
1.55801260603069,-0.0566359057146898,-0.445370919201995,-0.0944139097551333
-0.603471128484161,-0.681814455393879,-0.887509248386669,0.0806765336754734
1.45794058093908,1.78481554238549,1.44762673783509,0.299652665751715
-0.737713445162143,-2.32196097603761,-1.38386196020011,-0.826630754643345
0.72571815288492,-0.17840107394592,1.38927517731773,-0.740569683134934
-0.419101191883876,-0.544143913893228,0.84403062024644,-0.0457211268220051
0.690050076967315,0.996581462810013,0.882040485870748,-2.224019803187
-0.581497378066015,-1.49039461663447,-1.60471707425766,-0.781552665563617
0.590558535955944,0.321019474401903,-3.22022315983886,-1.02985475116766
1.48846582676594,1.42514031287827,-0.636298075584343,-0.33228460761989
1.5218331328198,0.382440166407917,1.60842263439815,0.315467827241361
1.32549777550574,0.334884832595086,-1.11080246241927,-1.37725356621556
-0.69734980497481,-0.698822750129527,-2.40882897913897,-2.59530650555535
2.10279229336303,0.478843136544814,0.456679136762702,1.28020341586031
1.51930721850019,1.83080156154934,2.76286596507706,4.25314655577484
-0.141411882226704,-0.150641564291867,-0.888001342886388,-1.0496369891812
1.82078200213037,1.71957692506036,0.787602496673966,0.775701379247624
1.54128967885003,2.48611865759009,2.33751957736097,0.918780134724462
1.77468428083381,1.86821934344921,0.0350225287473289,0.885250589459165
2.4764705668816,2.94519078245242,1.03539206966597,1.25986003055189
2.90108865623045,4.53878182232058,4.45441206085671,4.38725845653772
-0.466594375314088,0.50563915412252,-0.647974776794825,-1.63546359542868
0.0568709850701106,-1.58358416398209,-1.22442985064687,-0.943684643132366
1.24774869025173,2.11039054491603,2.00077359804019,-0.742179158561366
1.20299386845118,1.57633711131383,2.35359716853604,1.12807162751318
2.34736321607584,1.26924433085814,1.1456273119164,0.773109166372673
-1.33245894359596,-3.18957670968896,-1.97091355404224,-2.48234464465498
1.28195942200329,1.82432653019895,3.69330320630222,3.91394344596963
3.05073424599253,1.7283483968963,1.3791083997725,-0.998670646961349
1.89346166646814,2.54637686529526,3.01532167314917,2.71700050418273
1.83926191088932,-0.763103564423031,-0.0499606669664817,1.9862071747214
-1.42473049192448,0.330523932044028,1.51008188773603,1.27380432122655
1.40321306104618,1.38121182945698,0.225476767911459,0.338104933371506
1.40834138981157,0.532219800191802,1.56559392636334,-0.165999549267719
1.45812095232768,-0.227464602179813,1.48948125424401,3.58410785407383
0.385716785656588,-2.50786577954609,-1.80169389444546,-2.03912490800349
0.645361907261841,0.0731825880208123,0.188853250866259,-1.12099604546158
2.21717151201021,2.83105877803846,1.07410704151696,0.249779840701881
-1.14180567963208,-2.20752256582837,-2.66735509618486,-1.70390986735592
0.543352271075901,0.84657217112609,0.622862657833818,1.58629919596197
-0.121476278121897,-0.530208848918971,-0.562941255923164,-2.45728179773008
-0.116015263132678,-0.858812808300539,-0.306367281371031,0.230487718472062
0.699529857289385,0.975117880305995,-0.0327453636984185,0.385282135761215
0.85264582872626,3.86678963843423,6.2698327148005,5.46964929337378
0.197141149709532,1.85145224440636,0.589379719034865,0.18022995045966
0.722137419879007,-0.759074069132436,0.24887843172709,-0.162778931194877
-0.528766631633901,-0.514884025283014,-1.00467607995401,-1.70903219642661
0.216274876850311,-0.263952314396577,-1.12574936069206,-1.36612478280012
-0.028113374555998,-0.449042731090638,0.872447579200868,0.174811896919525
-0.0608992913609161,-1.21122207016435,-0.524528701195018,0.269375319999311
1.54139341213693,2.72292854349525,2.33656829400134,2.00605183474533
0.456591409000958,0.65398846324583,-0.402939369902498,-1.04467372298448
-0.0154832378094352,-0.041638536081678,-1.83629714047783,-3.13911949138951
0.923430470257901,0.600362860388877,-1.35362506497893,-1.54579004241465
-0.239039585971141,0.25044090167554,0.51726654659569,0.155857225597753
-0.689924185786603,1.57814752572531,2.97889450736377,3.36047668950648
-0.39035007054936,-1.67525038468927,0.266782204570587,-0.191187883551561
0.561134085138679,-0.703099701396227,-0.286464986261111,-0.626516553394115
0.426752653397511,1.8895974367771,1.92788778445015,1.11925114528793
-1.65907156080573,-3.19199568419781,-3.19213300363907,-2.34158400421973
-0.206575075089322,-0.196574679280859,0.432696534562899,0.973197491736821
-1.42873376889436,-1.4597782584898,-3.98266228478542,-3.97680125261231
1.04176766448368,-0.311259802384898,0.127978070549245,-2.22800608512489
2.02739893857508,0.141796592334609,1.69303946133156,-0.188631509447142
0.369780832955331,-0.536917185075902,-0.958416536744447,-0.988793980593226
1.44078185835667,0.717417473824214,-1.64317225075835,-0.633307839838576
-1.46125306548482,-0.992734420419857,-0.998167770538929,-1.81161905456721
4.14603779222674,2.58459917522734,3.81655892243589,3.59283324334754
1.66090094693572,2.37671232716772,0.674407168853353,-0.0215867099590482
-0.993459029433109,0.420779849195045,-1.21716956842031,-1.19983756640924
1.89371127292887,-0.0853459067149842,0.917186554599133,0.73706786091207
0.963181146830383,1.8140802586463,2.86747464096501,2.08026542563257
0.313146637985583,-0.79018921584277,-1.2295842560728,-1.42769430170265
2.03666442350108,1.65993047292171,0.936693992010243,0.639746945891323
-0.344045494923058,0.297435570849395,0.945472945956148,0.0577785341098315
2.29761329334233,-0.0137398847073844,0.140881156164249,1.23937516799544
2.06929154452779,-0.242263837014139,-0.390126095075494,-0.419789344753627
1.76983683384152,-0.393071212892737,-1.2312776650506,-2.2993831875813
1.54026381042147,1.65865979802782,0.464681994291034,1.70702417457248
1.33048186725297,2.67772842972251,1.42922937837972,2.92462451646262
1.5181884758193,0.500774521894248,0.214590648270661,-0.946437576531865
-0.671274353958452,-1.06131190870772,-0.779063113846209,-1.58662455456826
0.61058778670839,2.1876141077915,2.41343581536151,2.9779422577215
-0.0170450346958642,-0.43935471080367,0.438447173663096,2.8322213148065
0.286919427961871,0.48400648120562,0.844159578962351,-0.321076421334817
0.145599450475491,-2.6282164022433,-1.62794861861499,1.14730895014953
1.03329343480183,-0.144350877289709,0.786437508285311,1.32784092268951
0.53574677478636,0.333371434350676,4.61118136196479,4.22204603494032
0.574459844099975,-0.507440615319131,-2.06224337078915,-0.919833953550119
-0.00991414498887111,-0.396569263823926,-1.15613274309028,-1.21246951001715
-0.183903257628969,0.820188183940666,0.199264811771964,0.831561392406704
2.64083242956475,1.13719807143836,1.27351514306766,0.812210342683205
-0.94590411053706,-0.964478511906255,-1.29885837726091,-1.20660543211534
0.459414181848652,-0.279001298178171,-0.243301351937419,-0.39000118875531
-0.722480005675186,-0.0891193252239706,-0.999814432001083,-1.43985392563426
1.11009298959671,0.654885318680055,1.62244168958715,1.29064316423599
2.17195531855722,3.63921566217103,3.47370232745038,3.2706700379987
1.8789999043724,0.207342674641602,-0.172576495211261,1.01094007459152
0.387479655055093,-0.372092191616007,-0.894223845316066,-1.26121252049635
2.68884583728605,1.4167921435708,0.864613870979459,0.568548757490178
1.00410506383713,1.8781890679156,-0.662263697666695,-0.727239569018881
1.2592899476224,0.320345330795525,1.96355175412168,0.0314176602492591
-3.53665333011031,-3.80830653561464,-4.3349917109345,-2.70824025459426
1.70456011406555,1.34364265977667,2.73564257676009,2.61719975547132
-0.6345624615168,-1.04670519009224,-3.62705955549486,-2.20666416188775
0.38166005105429,1.05841695419546,-1.69930910188484,-1.42307974183818
0.500954872979783,-0.427112606832675,-0.0249695885367259,-0.351861391325333
-0.958053255601717,-1.69626502114128,-1.07739307707735,-0.248853462743189
1.75231803120911,-0.661495385053054,-2.86209419758545,-2.25662552464924
3.27724170693415,1.82459847243423,1.32618470053757,1.85121238234724
-0.18841048910214,-1.7586474065956,-2.53672821849036,-1.83907739602981
-1.08206680104163,-0.904863730687815,0.016034509633684,-1.63781024143071
0.506445410401611,-2.68629106992087,-1.67868558316756,1.45806884334525
-1.23523571479906,-0.760516417248148,-0.340808375156912,-1.32878163089881
-0.0696945087831896,-0.473153868880029,-1.08954956457529,0.416125151768196
-0.367759067590311,-0.379011857979087,0.479656368043429,-0.290923691173317
1.25650248365606,1.5221040503079,1.80696650443219,2.09059789615127
2.14295776912006,0.607437110669117,1.35034399972075,-0.403670421257077
1.80001272346405,0.998225362363244,2.07931067167159,0.944035561592452
1.04057268670972,2.61178518405794,1.58805855995273,-0.569002585016985
-0.027239323031866,-0.016623910311115,-1.05039252219192,-0.207105190338269
-1.20879070272516,-1.1215225007315,0.317312980756368,-1.29804372456485
1.22043536180028,-0.5900716122684,-0.40794141524538,-0.0941354737365405
0.645240310822352,0.732627880634862,2.34122032235161,5.20399288031793
0.904083931702868,1.17184658795976,-3.48730019198094,-1.64168782901622
-0.31893847576105,-1.33718217864573,-1.38789257162253,-2.90760124293119
-0.190451395990817,-0.154356408007958,-0.159529140903966,-0.421034293659751
2.05815353772473,2.74460178375652,0.789181112635903,-0.844058610620099
0.877507279530233,1.28024985930339,-0.470584367855766,-1.38742753029953
1.34474432689202,1.88360618733336,1.54922882418995,-0.548854499883138
1.86687575956821,0.976220774586737,2.150391543458,2.87379380750481
-3.32437905044165,-2.576628664657,-3.03041438919945,-4.66513189837718
-1.32950461369743,-0.839213591917692,-0.886006171767695,-1.27352389994362
0.267470228584281,-1.12105117682225,-1.51384065170643,0.165890308657927
-0.0860280510433665,-3.2166885144516,-1.60882534818445,-0.444665457232658
2.77141286798062,3.11211048676414,2.12603865804701,1.56738578021122
1.19816154908061,0.817562831518105,1.62929286483627,1.38916953253695
1.86358237364826,1.31877188343716,2.80462398645415,3.51386096982292
-0.808418835050201,-2.08910593273297,-0.332558788003045,-1.06888743248058
-0.339857518968018,1.06390794800919,-2.57994843466714,-2.70585997504813
1.74584936254525,0.364996026906806,-0.0605498777976158,-2.43300513073678
1.26885812793889,0.159534068226213,0.0726429539569971,-0.10206840080158
-1.03821304977215,-3.0003783897062,-3.47416829507295,-5.72127398747524
-1.80006273869671,-1.85347040011646,-1.82811197071913,-1.14484716069987
-0.91522822246649,-0.457826814262944,-0.045701821518225,0.494885584315715
0.00436114918535024,0.6275205243968,-1.4175361589253,0.184456115823193
1.6356951113396,2.07007765135382,1.55797912185698,1.99269163865969
1.61118531355822,-0.94004090124601,-1.01474863103618,-2.1672755496492
1.68427498782228,-0.193736299564686,-0.366544738699412,-0.666279428674383
2.13573907193109,2.28908753170606,1.72521639874592,1.02598579259877
0.446087813189222,1.42032481360996,1.80856466957314,2.18853071064321
0.496377247897681,1.55127428716501,2.50648157372881,2.89733954383239
1.91221445018743,-0.567920423071809,-2.79514244318776,-3.67275476867755
0.779452561098297,3.08503502276889,3.65034639083895,0.687555702094538
1.09684550444953,0.445643336779594,1.53636674423372,3.27154808698422
-0.671071768240379,-0.797826085337738,-0.73708148692416,-0.897693455394037
-0.856009026757417,-1.423558396631,-0.516254442276436,0.113987537281726
0.114974425453685,2.15903152641134,1.81692801540231,1.37346596838677
1.54745342673876,0.778242229945345,0.968507450087881,0.545206302716441
-0.780988345038145,-1.49115551244048,-0.0220635774504867,-1.06798893240706
2.06999335207093,2.26675566920322,1.67293938767811,0.626420905565017
-1.31521937500914,-1.19834662150469,-3.08372714105875,-1.92065986507086
0.969342709358507,1.09547171220265,-1.29651540488126,-0.363612730558999
1.28704971167993,-1.07906956261557,-2.89922789080038,-1.97377047351918
2.93158506233774,4.85815315295444,4.11757162982141,4.65806038138084
0.321318650937849,-0.237065640111666,-0.66073206649825,0.08123489898971
1.44148122646624,1.18037206627759,0.423835002744646,0.427939512654991
0.345896523129079,-2.36195257663546,-1.01029799933133,-1.59120223949066
0.317799494129975,1.10582579153979,0.215201642001369,-1.61059341019086
1.45168441294864,3.0779429705698,1.11578062498775,2.23371692656006
1.86067282139534,1.59388226234909,0.683660485682776,2.3629632901326
2.11844864848518,-0.462105391881289,0.44373410566519,0.0797365992359959
2.06615897634874,2.12204308109856,2.45071805049125,3.2344993136086
1.40178310560453,-0.152210231769689,2.02825885129284,2.15614408599396
0.805645790061698,-0.625769907750756,-2.17789427393294,0.734874072063909
0.702685519216101,1.18839820244427,1.79079816874594,1.49175962047851
0.474296074929675,-1.65851365969696,-0.7002187965163,-0.686860751281765
0.635203258232804,0.507733117381203,2.02250338094639,1.7025419168217
0.480143449084448,1.06509525213473,0.444562773155125,0.678010799819178
0.0678319725405523,-0.0418348951163263,0.698863445084245,-1.25882690745942
0.712356556824449,1.03899908729415,2.625388191527,2.75384121768712
-0.070457014356951,-0.581122892752839,0.65242223541963,0.543254713022232
-0.470073917267935,-1.66655755293722,-0.135907260021361,0.435687896224148
-2.07462690932348,-2.4391591198583,-3.28031283633234,-2.80131135686254
1.28488670796424,0.0260798519870231,-0.760338764875107,-2.39491842498887
1.48695346382392,1.55494835409971,0.336970515694764,-0.88059504399795
1.37945255885481,1.99593370751397,0.799450734913079,-1.88885654079006
1.5410441996709,0.453216132895369,0.540555773220695,0.884868932323913
0.453817971858701,-0.59549721535852,-2.2781869052911,-0.794901394929904
0.7798957467393,-0.596655400841444,-1.5170642960093,-4.3953543578318
2.75309386311574,1.9678155127769,3.21010254610455,3.46074227316456
1.20581831278565,1.70546438591027,1.28501058218891,1.66431328728353
-0.884920966445198,0.838565958237381,0.775818236018422,1.0838363986993
-1.02325097094813,-0.590745020045718,0.574524166808803,1.18236960783816
2.40180966316763,1.96160991336657,1.86078642848309,-0.442425341865792
1.00800249764821,0.69280750679079,1.83396071042628,1.25581188562464
-0.538160925608227,-0.189459630456223,0.709194598871085,-0.22089933870886
-1.01406632043421,-0.20438630931551,-1.31060751433474,-2.33973727664087
1.61903763621294,0.49590974547963,-2.2080020524143,-2.86794943266436
0.650531238288715,-1.75361614779798,-4.18809081894535,-3.81369762949257
1.28977548322514,1.05782205042024,0.380987648370736,1.01245735207934
2.86339890040113,2.31999055255016,1.63541954033693,0.717841477233107
2.00815395474637,0.313123848614167,0.400942445516969,1.53292605348281
-0.18694388330705,0.763824886289016,1.85838429483254,1.93821574308724
1.41530895351949,1.83969534372745,1.29078462542149,-0.748385686694369
-0.155517404801905,-2.16077370041954,-2.71106406731578,-1.16721679209221
0.139553950564596,0.97170826791325,0.872392667667911,-0.346631739340168
0.0606804674704382,-0.661087004160621,-1.68663812919145,-1.79810216066445
3.16306560971175,0.554916916728804,2.52671074012823,-0.113888963769314
1.22582687131862,-1.58041082302162,0.58980555429459,0.682764868548209
-2.19543517452758,-1.21260338550971,-0.533020972271005,-1.19570287114619
-1.63872834156787,-3.17034692166475,-2.05708988155472,-1.62501109789624
3.2630890726936,5.89052564889237,6.15892764436519,5.58716881758146
0.122842712781287,-1.43920247577647,-1.92280750223165,-1.95823689728345
-0.0163707144314484,-1.24136099581494,-1.37792392595956,-1.56212713181377
-0.0491369555362706,-1.26651788039905,-0.171441041320855,1.08681032429551
1.87235589724468,1.7921218958848,3.00708073458056,0.865309900046724
1.79123907469862,0.538826079493484,-0.208648154036718,0.834052660889288
0.534672403159113,0.45045317017254,-1.24558196425488,-3.295836663951
-0.549906671480556,-0.6247225050188,-1.89325865534725,-1.46994852253247
-0.277230548355041,0.663266580856384,-0.79854369274423,-0.990066622405091
0.59627678058242,-0.127820370828585,0.567665188336479,1.92084770759906
0.98842712822272,0.303437474491073,-1.52334134196956,1.49795207259483
-0.741837104168308,-0.604297793356385,-0.306205661224288,-0.706362067818545
1.63596345211903,2.60100971300033,1.9904184590344,2.21914467091215
1.54989943358926,-0.620364532831204,-0.437162019629461,-2.05375797089038
4.39848004918624,5.69852486180124,6.43261302332703,4.78809425408762
-0.465037438525812,-0.911576597760791,-1.7240712909548,-1.66362415952517
1.29047817047238,1.61393678472597,2.70273311847033,1.9180664057858
2.94017765748624,3.63257497718019,3.59617589494922,1.18293685655546
2.55484038100913,2.52904801522082,2.48745957424448,3.99450450635985
0.957603851658922,0.125265408559749,2.14140745565914,2.93927372041114
0.752617778097691,2.06676579061786,0.900532533248942,0.150798626856347
2.537197890488,2.20883047757762,2.10179191699538,4.21351010506996
-0.743233586362084,-0.46399968705563,-0.253275249793731,-1.60958917689616
0.513922284077078,-0.0872221010491754,-0.197972022616162,-1.34340412778189
-0.798684354871457,-0.116754382895937,-0.736085486875707,-1.85276332371419
1.94745522140779,1.06453256411092,1.3368945122422,0.842027640401801
-2.99240472907671,-4.7031279911163,-3.33093086079375,-3.69912901125141
-0.117250111156819,-1.65111912038738,-4.35855058574047,-4.16963767023044
0.19687132391769,-0.611473495253315,-0.869726102739877,1.01438500426834
0.254071118060508,-1.44618577910222,-2.37833137965618,-1.88122988112158
0.571619892666492,0.726488298056027,0.763352416199413,0.271699642295458
3.58564440996126,1.66316379576452,1.92427659563007,-0.359243828812798
-0.697949354741926,-0.146011024730651,2.59416180916063,0.708036882282457
2.82702090738106,3.73217253184731,1.28383380519632,2.6374603767984
-0.209759732783592,-1.41174546255596,0.697120325542377,0.509444298870002
0.413199371627742,-0.387900585727359,0.0632183735640333,0.319541776463274
-1.19231483211898,0.0460289233066388,-1.72841157625474,-2.2189548861462
0.196020692939078,-0.964832658766124,-1.20974700729314,-2.37152892904741
0.0190707275896824,0.222362308621237,2.24580666281902,0.952572924696897
2.29183236314861,1.54124479621303,2.30280333804771,1.2544705623234
-0.0287452143609789,-0.808372420117348,-0.262116578249451,-1.33472814806055
-0.728571564274003,0.443608534433912,1.79528046140393,1.17359488654036
0.02081893018282,-3.48037150258089,-1.24502572752328,0.58912040377525
-0.177210904299835,0.995856047738691,0.779928576775624,0.767916213558067
-0.470253148507783,1.52034146926841,0.119715227712218,0.275606066309236
0.697492721478407,2.18671305246463,3.03788701106603,2.87498218788518
-1.14004648867477,-1.72338623857719,-1.09437957207831,0.804191805108805
2.40758839438778,2.27647050749127,0.601913226874745,0.645187701480481
-1.19081830126286,-1.71023460752952,-2.58475985606464,-2.91167005928791
0.810651704099494,-0.0216393663556624,0.00605302032633592,-0.609623796333228
1.69226271471154,0.83398943875385,-0.644062984322356,-0.976356014622755
0.32583556789873,2.16993913237401,2.72530702277747,2.37819611629961
1.4832294070809,0.740712285735955,-0.178594985164258,1.17155058495859
-1.9837383859913,-0.856860229152441,0.12824788371193,-0.169440096607627
-0.718055651315344,-2.86280706489279,-2.2473545382336,-3.60818348324005
-0.718644105446998,-1.59640212993922,-1.79365508847838,-3.81291791594693
1.66674328393074,0.594273643992875,0.00838976791249438,-0.102709873744177
0.074543635273264,-1.02742932326732,-1.54597619655895,-0.862332759647262
3.41319118653196,2.35857625778139,1.10642650699942,0.58735813211139
2.94869854087724,3.26611175108294,3.65238386190546,1.78991834720144
3.55361871559149,2.91400705379616,2.53608234441546,1.00124788621355
0.429790615728432,0.230569223812109,0.168551771930023,0.408245547883792
0.490375805091634,-0.639298023437111,-0.304505485528803,-1.5950405598677
1.1814392607129,1.07949236792505,0.625938796924194,1.01960696818748
0.444506700659514,0.590506673043199,-0.0374784827508634,0.0127385982245755
1.73450983105436,1.83605747244883,0.588772595403826,0.669880521065326
-1.11300447282327,-0.138790151186526,-0.851759457459574,-0.668727064300682
2.9624779024066,2.99440758911665,3.29239238656487,2.74173221340997
0.798329546548307,1.40691958505893,0.151618855378715,-0.0723101559208457
1.84295563878921,1.4801850993151,-0.16483561622942,-0.592773148211029
0.798493785448699,0.928729022700872,1.93509743988919,1.12545661355917
-1.3178480158144,-0.3912579133401,-1.2559605670739,0.135994418877606
1.19037370104601,-0.769164343388776,-0.596411587898742,-2.33155206222093
0.0107996939119694,-1.1352731794939,-1.3652324745236,-2.14754120058137
0.470356518787447,-0.416202818423982,-2.79043491262152,-2.73488098639172
2.81859033291502,2.00135341266199,1.10889595878107,2.17472931445079
2.17849567288438,-1.2625256346859,-0.174895039219126,0.278994435255539
0.519963703720708,0.50025320224735,0.630961859955601,-0.0531729480295481
1.95161621104374,3.49909680716264,0.958386678975274,2.21980961352452
2.72821718933429,3.24595883944336,2.11221632573912,2.32644168972086
-1.72931674811265,-3.4198504180094,-2.44252261444278,-2.04755998499385
2.1502863797845,0.322702140427436,-0.362305939635299,-1.1729561864653
1.33533935332818,0.899589035374287,-0.313686466702522,-2.49049070673185
2.42935830860798,2.16739840167654,3.37557586300042,0.419190078291265
0.742287858008196,-0.0627963428704316,-0.925675239204189,-1.06293169814501
0.512003229241676,1.3476656617166,0.757503789702151,-0.215073583381707
-0.799398247675634,-0.0973475591327974,0.941201514973733,0.337175790146332
2.82105218523279,1.03135293457049,1.31597299508015,-1.26534934141732
-1.92335627078936,-0.515587531419102,-1.9630531850222,-0.363267365950695
-1.56840117488282,-0.982817462535904,0.996921228816285,1.20621459884639
-0.635692182154549,0.202123701736325,0.540814654597982,0.782171345324988
1.2632988465248,0.588396012843142,-0.323164265395472,-1.22820222999525
1.50054365238767,1.11940196324638,0.799015248233562,-0.0308078884575743
-0.132207334457126,0.531056522554101,0.800231379487909,1.41117213950717
0.762061761615747,1.57573652587091,1.659215440022,0.769769417685422
1.96377503351623,1.64028890441148,2.40091148786171,1.75073655572924
-0.678410728497199,-0.284557128307306,1.07570963066769,-0.00571989775646109
2.45694099318753,3.46893654088057,0.996807111160971,1.58048369759887
1.03639808530859,-0.336272567881954,-1.50924169909906,-2.32242740318212
3.38499468793828,2.45213529675788,-0.258755731329341,1.2665670578501
1.24004956646191,0.473178396295463,1.53768304863548,-0.241141858461862
-1.60140264921223,-0.334182307347728,1.20196367034788,-0.619500624434745
-0.41545753856953,-1.06950691656626,-1.85982605848757,-2.2648971269535
-0.629340872884787,-1.45340973067067,-3.95618982859278,-3.82319700130288
0.933661220187389,0.642406397155484,-2.29996591214734,-1.36260656034864
1.31939624499939,1.58850726828396,-1.27370320891226,-2.25806131201707
-0.0488049406766609,0.77757874003994,1.07646075590009,0.671018145607447
0.740691813852291,1.87225341265672,1.81819459189635,3.77768881252195
-0.0740022334963855,0.409932579114397,2.6091671787642,1.23840960683849
0.47112149513616,1.39965603296057,0.865385816796779,0.99577734509071
2.00640470631547,1.09285832650838,1.54861318542977,0.598617927696739
0.592817965987182,0.428449355187937,0.80870317987846,1.51059197656669
-0.246965232596702,0.938154990469155,0.0600830702695645,0.252161242518236
2.58038059592138,2.21336140090605,2.75308490833933,3.30526936935758
0.514600544695201,0.896003710069608,1.76689925418217,2.26580513845984
2.25876141922729,3.30087888899094,3.42892275330816,2.34574535365006
-1.052584149121,-2.18604352924252,-2.3734208819077,-1.77273698325663
1.31482345465349,1.5558897656919,-0.123795716020691,-1.32227711245752
1.59512301782446,-0.412525495939316,1.11609276855805,-0.650294327721757
0.524643234453015,-1.33473791202522,-0.756551114032982,-0.907868525486546
1.35186183513125,1.05806747700833,2.03042783422748,0.732991437539027
-0.936270334900557,-3.90287479350888,-2.31770151291058,-1.50695802749308
-1.27915434235681,-1.93266329600681,-1.7546158959019,-1.79777895903562
-0.322916992539611,-0.397628364478944,-2.00732621609787,-0.666444199137813
1.11032470642794,0.400202045800892,1.47137883978747,0.69669455147945
-0.835895418902403,-0.8685758427365,-1.29474641729547,-1.62499135994576
0.52607040281259,0.734754163010392,1.50212644104379,1.08613362811301
-1.0269771579986,-0.298349960989524,-2.09555937939481,-3.05110323302371
-2.6491349582398,-2.62384095223345,-3.53009649938648,-3.54854427942987
-1.3509881732063,-0.846553557190379,-0.345701068111845,0.0998948462615456
0.968714811237307,0.611478132534328,1.72305650962878,1.36905946251828
-0.580107625579961,-0.732992981643994,0.847472041650565,-0.714369487829118
1.60632728619149,0.605558284406836,0.287791056856295,0.00534728323101087
1.67402201026041,1.60037612715851,-1.03680541478004,1.34971600685867
1.14132228367277,-0.555199733256935,-1.58317590401202,-0.829509998509697
0.484522896297474,2.11465045615047,0.458531185939553,-0.337832607339198
3.77524288124988,3.08870886470071,2.19875723276397,1.16235012675398
1.07445500645817,0.510184296434024,2.18163474270211,2.40327536558481
1.91785284862049,2.08383867894167,0.942791553207849,0.858411577742902
0.483094929325386,-0.193298649929785,-0.379163435982041,-0.411264549578066
3.00098567097795,2.17779213375041,1.96543123971783,2.96596589157986
0.830499572769277,0.37258244441893,1.60181706691078,1.333263808103
2.10313370114468,2.60258341972981,1.65738660453483,1.18523623260341
-0.616624649897459,2.29032664328063,1.30832747703128,0.102334508096435
0.172304505006823,-1.6445033763348,0.389872729780851,-2.33660255980579
-0.0763589421503486,-0.516623829871248,2.00981527751189,0.0625517050583737
-0.383133645434257,1.37390642295471,-0.619902384637485,-1.53914650830086
0.637898885455503,0.842961237206018,1.29183007061112,0.448259195990469
0.0198715904815969,-1.56208572583108,-1.29078313698644,-0.819975378412523
0.100608423758202,-0.817326965802889,-2.93591886249036,-3.64963006763732
0.652379107832496,-1.620864307741,-0.871566718738885,-2.6548121808175
0.385917187025164,-2.8166076941039,-4.27734940745814,-2.16935027325305
-0.98458638222935,-0.384618529827709,-1.08370582015022,-2.03417397589132
0.172121175068585,-0.886893125128825,-0.621165853634549,-1.15033972837362
-1.23813024609017,-2.68016244189313,-2.12011892836351,-2.27610949045501
2.46300964875253,1.67852095965711,3.95938935739467,2.8634413347533
-0.790918489599975,0.0692737509666601,-1.37575422924341,-2.41093350099729
0.0615534842283094,-1.74459338141226,-1.43653686931242,-1.12379987338424
1.793932711265,1.42290830130335,1.99867457464373,-0.899877598859535
0.476635306076937,0.11845798399831,0.196325496386279,-0.344336426378352
0.570048126194932,0.844749608923817,1.48467778754467,0.256543217486964
1.33011360745636,2.65046425502095,3.26145162110594,2.53271287844317
0.0875066609569151,0.531889686432316,0.672918321960476,0.952417297963451
1.44864340970589,1.74158919152382,2.78956639753176,0.172892428929748
1.24220725321121,-0.0600518486529401,-0.649748439566539,-1.45703488998365
0.161350597831305,1.62522442591549,0.633231506294732,1.8385264536117
0.460395829759865,-1.51017670960219,-1.46003141590679,-1.89503423295247
1.98596904209924,0.0344269088235056,0.187527043081254,2.73640572768916
1.44645605749004,1.85043524738451,3.1246752068078,4.84037478779049
0.857463377751705,1.10398654528367,-1.09291363184931,-1.92477318306187
4.07650918691849,2.80900248285284,1.12531296440361,-1.95045982243881
-0.0355874600253531,-2.50115126608443,-2.18250206619657,-2.35826536777767
-0.731215031683607,0.0356638724180157,1.41087866150309,0.634393485879797
0.432862126770073,0.702728976192523,1.47996683332999,1.2356646364644
0.824728829655412,0.527418239132776,0.542864074931242,0.159931627114111
0.0044824534537582,0.943099371296923,-0.270533202961025,0.335194151238176
0.836393722493666,1.29212679289033,-0.170983595067711,-0.130930580649508
0.484442878151589,0.850504769783797,0.641811164315842,1.04770275114332
0.827208106114969,0.129695491537515,-1.10768620522125,-1.04787913225617
0.0731015010864654,-0.874392975318906,-2.17222422348631,-0.479845497367721
2.44931653415642,1.97238389281493,1.30396635477282,2.23501946532195
-0.423949011293006,-1.11416212900197,-1.90957258676577,-1.67643777550278
-0.433728172230367,-1.04923127967386,-1.50998808952422,-1.62753391813801
1.89987281460532,1.49113020876625,-0.50437261450843,-0.234515112951029
0.589753279777037,1.15476411009092,1.56667871892806,1.15415933148238
-0.610868880641124,-0.224911283484148,2.63130025662345,0.994726289930024
-0.460720651114704,-1.2834726043438,-2.69222354227475,-0.683790212611254
0.569211601858316,-0.0889386163935892,1.4041513397084,1.57028923595445
1.92669821961755,0.877060413212643,-0.183189542175156,-0.59360682441157
2.39508847876821,0.302657278320191,-0.663923094734114,-1.94779820104665
-0.468868517586968,-0.958958204221615,-1.2016211179317,-2.22038948505381
0.667834469249607,1.12332306190404,-0.482378697054897,-1.85752142988161
4.20043578946372,2.24020363636393,2.00305935527113,0.1005766463115
1.28053889347404,0.83456528113773,-0.694139380369032,-0.760382666033158
1.67602618702789,-0.592082930702783,0.550786960043731,-0.258718241356788
-0.770421215692028,1.18530595434619,0.173262222457473,-0.348418261416207
2.64990923810542,1.18811362960254,3.43781349766469,0.79361386677681
0.66220552955927,0.776381429533253,0.697715061979176,-0.0454798598517718
-0.825114169676298,-2.53285061595003,-3.2102527710676,-2.2955782929967
2.06462798727045,1.61856638772562,0.667980148481998,1.81131363872437
0.601718999200035,2.65741185089446,-0.00444267603354853,-2.92480107127104
-0.705375399861442,-2.75902811103762,-2.19605632783978,-3.05797595532114
0.353407828249852,-0.0682255516004752,-1.35192596464722,-0.310674968063677
1.69939230054347,0.751121975044871,-0.333502141720906,-1.15842971893853
-0.725058871923641,-0.949089882886685,2.14339060119483,2.23462498248951
-0.249517595328788,1.23453210967942,-0.970645956880931,-1.01874328252415
2.07611828842101,-0.550012017338383,-0.393277309708522,-0.23626880356383
-2.1405423069243,-3.69996703493621,-4.54641349713698,-4.20644973518159
-0.567310673678182,1.42112804999475,1.87415572715548,-1.28446864102535
1.79933591313339,-1.51822056416854,-2.29033742853191,-3.49227248641507
1.74737039493655,1.36510315875538,2.39282585460186,2.41836911711425
1.2056909254615,0.0725636507883997,0.983853363948485,2.55731179914779
0.86675917410463,0.921589049150076,1.97185315242234,1.70083573114138
-0.646505954161297,-0.333529985007789,-0.94193269495473,1.48560407402069
-0.206776804189879,2.27756331455301,3.17021933925171,4.05519163129019
0.249549102327153,0.843201850214419,0.653959232536148,0.0495908824023173
3.5381394328097,0.376648168330147,0.0830995942215452,2.76368863761516
0.290004760602661,0.789799205286204,0.367989578524379,-0.223395729258259
1.18582874289144,0.683748662318145,1.09388410706254,-0.130215852783588
1.9342443863705,0.842604933322414,3.47316016012831,1.83271350322374
2.08121065816265,0.693651713301151,-0.509510685895456,-1.07714021405241
-1.01709447515798,-1.63019567565851,-2.10679806114186,-2.64796810051727
0.32447874801157,0.161378597995236,-0.776666346104231,-1.16230539104492
-0.205309562209012,0.901248536218435,1.98145293375904,1.1634181250387
2.22417881256501,3.85182892817207,-2.06294556934826,-1.01405001094015
1.09938443393585,1.0422901753259,1.97284685254003,0.551917496989461
0.561720948030366,-1.00678025730607,-1.68092709147264,-1.93090179354058
-0.0817072999393521,-0.981019738476015,-1.01726588495988,-2.76878381601892
-0.942098813812078,-1.48219500274683,0.585858346449426,-0.499795529205199
2.22600720835338,2.47099198772707,0.549268161314982,1.1894178274884
1.91154121579086,-0.760553202048454,0.73755341562153,-0.489748684132876
2.57945854627499,0.379311794264615,0.506676086733537,-0.727237395630982
-0.683767803268922,-1.12747045041215,-2.52262706960604,-1.83688956771994
1.41796132658427,0.64764843270415,0.935372272814637,0.535600510682845
-0.688395049276827,-0.211594133700129,-0.918746289106246,-1.50637211751985
-0.864967372625067,0.0119180308905554,0.356789227436434,0.489063387212199
2.21423382503579,2.16456038577423,0.21665492489318,-0.0729025815055502
1.95447083592639,1.0871941668809,-0.915914739213297,-2.3533315381841
1.04146254157995,-1.11272749470755,-1.33139970755009,-1.64194908745826
0.226394116466495,-2.25428836935397,-2.73023464014677,-2.7199735091928
3.1265467060104,1.88826208494275,1.68732225998943,1.06548874763667
2.1378311014667,-1.383789065254,-1.69323280047595,0.208432239669221
-0.364338108243172,1.16580422958448,-0.369161224866054,-0.351942148767644
0.125977500864534,0.382525979427766,1.20306913658713,0.66069552063016
1.52256534607041,-0.097202705813826,-1.08385038551426,-0.285071035476121
1.89773588003306,0.305260924410115,-0.758032971044645,-0.553780353277406
-0.552411068173503,-0.445490260913284,-1.9383581142652,-0.300995933005318
1.44161971176815,3.38143162673321,1.276891591592,0.69766634945197
0.277964647500263,0.237410872623383,-0.515443166969715,1.02237569305006
0.797021709898895,-0.407994713928163,-1.36048898366181,-0.122484469533635
0.00578326660211081,-1.25452504429225,-3.83488978782384,-3.67006529250145
-0.277762211326026,0.90728339328317,1.89433278333725,0.509554004117388
-0.790735036932881,0.0706992748207196,-0.105448287227735,0.675981949538529
2.45368568746217,3.95862102055762,2.17753263142511,-0.278149467328245
-1.38754902600176,0.36454529332994,0.317818835291607,-1.60501986676704
0.855823481071471,0.9830058240972,-0.123568470999174,0.0875816625197666
0.372916561101251,-0.378434547241063,0.286589415524132,-0.571075193759258
2.92215471695187,2.88889881969005,0.969788810195517,-0.523794783525719
1.8804946590191,2.31256341267877,1.54851763463887,1.71514945832648
1.96110845017893,0.841145579279284,1.5161722217078,-0.834892267535236
-0.600756809029298,-0.86769988056757,0.207553094765366,-0.39722260538767
1.11265495509021,0.949233041029729,-0.414404204403165,-0.157775391471404
0.839861670300611,1.22770116570913,2.07524733295788,0.511428330571007
0.839821049197297,0.951785355151151,1.23814129735616,-0.715970464973543
1.47413600568764,1.35582398483579,3.26842102127408,1.84160827736688
2.23702818688199,0.365516880230246,0.358244504607013,-0.187621467176726
2.0445347303589,2.03387159545014,0.395092599436556,0.980719456155124
-0.69674070199576,-2.51477921433231,-3.00308675241991,-1.73228438904228
-0.0181650650029521,-1.04495895767189,0.619000264755046,1.04043209474091
-0.127807652457207,-1.86595945507664,-3.35187206517656,-2.26444822428848
0.675435991818773,0.143982032739809,0.00724038202797493,-0.503484343666385
-0.582259225460977,0.290287342956922,0.778142450256998,-1.51349592253229
-1.12536223861339,-0.618497146028147,1.02734901188675,0.0410352660972222
1.38839443153029,2.64785334588054,2.50073768663083,3.45087497672322
-2.51951679343402,-0.804784489227268,-0.585008959715334,-1.0227111631596
1.59924821625411,0.811319717696871,1.6260864480462,0.320302447448072
-0.92427357036624,-0.372845914947657,0.291608824187504,0.38044855668521
-0.610221856344575,-1.40173285739634,-2.72262468369092,-2.82363490943094
0.89937916017967,1.64417452051649,1.67802480296824,-0.964744075226423
1.9745574384649,1.8012488062967,-0.192626581785395,-1.24646177515246
1.12891572552644,1.73214537386188,1.17058928259746,0.736370382883706
-2.52744083893489,-3.18877019682406,-1.34574299341969,-2.53169029106363
0.847721757457482,-2.1028680110824,-3.4858014993422,-1.96979578426656
-0.234624930296008,-0.899335260291017,-1.57223967874675,-0.385369988271836
2.60620717214649,0.0779856471436251,-2.47365164542089,-0.186660232815789
0.477280403621279,-1.93935289629188,-1.93336880321536,-1.55314102374074
0.194483159166761,-1.6493582163762,-2.32444903381273,-2.39160780804653
-0.608535255523473,-1.67361941457838,0.864064449480029,1.3908163633831
-0.874791307265774,-1.52317754140342,-1.58294393511538,-0.88376443220146
0.798689192661123,1.09423307886303,0.70684589328345,-0.167953941029766
2.20888971872423,1.36881913928842,1.22479326797128,0.780105872755334
-0.559434873444946,0.531273814544594,1.79635094047735,0.757480683743653
0.568676824939339,-0.788829311273224,0.437986628161768,-0.396391599134721
3.02202292028972,2.93804733945336,3.36522907246716,3.85527586610257
0.955820310256177,0.778555293966014,0.145168530265452,1.32837795548223
1.34554058837132,1.61670806598666,1.125484460464,1.7039687547956
2.99329125983316,3.21994925792972,3.77217778507769,2.23854149215371
-0.445722335830437,-1.33331495736077,-0.467003037117609,-2.27016860847556
0.588671601924939,0.704993665116595,0.394328671062621,-1.04435499070678
1.39366731555737,1.49809869721218,2.64082309443408,1.9811916606422
1.51783045057541,-1.0186097422427,-0.418779025642083,-2.35350043335076
0.995068358834457,1.15026877355979,-1.82115045172148,-3.13241265817666
-0.385174124032332,-1.69794659167523,-1.89903969113055,-2.67828480120105
2.78840194227894,3.78013696157628,2.46000938327696,2.92772520535801
1.53994748152947,0.874195863361871,-0.684508918714271,0.660037532785849
0.204993371520834,1.87719429854968,1.41307572145816,1.06450900492698
-1.76720487993592,-2.14406153109749,-1.9873591476026,0.447806692765637
-0.0778085647976536,0.439926464643584,-0.218573813840919,-0.696720439806639
-1.51295462604421,-1.80004215886464,1.06041180717158,0.045278115214936
-0.761794238865985,-0.559984272148639,0.038206399888137,0.938435379726765
-0.87619570818296,-0.866620770600449,-0.278454199296163,-0.255861583788917
2.87973455777784,0.118033357569008,0.587785058351406,2.04955762322491
1.67105796485535,1.14962875297743,-0.804822910411069,-0.492839136669191
-0.929817641833694,-1.50303879133889,0.832476536310427,-0.975401484589752
-1.06375673927311,-0.755571907990323,0.252974906438599,0.50806064408975
2.2595354891047,2.18017665875218,2.86480305214952,2.67343441905101
-0.578012206718739,0.0452903887776434,0.54396885658434,-0.470469178358394
-2.58908429228051,-3.54667947316596,-0.85922105927505,-1.59012433590221
0.127466098777653,-0.885776076129231,-1.67483558393178,-1.97686669923194
0.353914773670826,2.138520217587,3.84962193981307,1.20246475797495
1.18957896580823,0.962449675951138,1.4799080305962,2.60920364364422
1.91684207964884,1.9305673837901,-1.82642406837918,-2.73472089452352
2.6303345090453,4.47494142877705,4.46651627773551,2.39969856588213
1.80583139558082,2.83253510912254,0.0241865731040289,-0.0192495985449638
-1.06714154754776,0.0780545124389989,-0.849403481606039,0.746432678289978
0.559604090965599,0.0965714317271718,0.459991444778568,0.426298360735535
0.285930093892455,0.00783074485168744,0.194687871739312,0.0902797644147895
-1.56443066348339,-0.852977981582276,-0.551934355414893,-1.09493457153404
-0.207769134640958,-1.53070227351438,-1.56779631700519,-0.345455973277945
2.71170353078478,-0.249842031609738,-1.33230794274351,-1.90449522099709
0.67929568421945,-0.237260131388545,-0.420248139197147,2.24965369890011
-0.235591534592032,1.07772464422239,0.337766541649571,-0.476358428588133
2.42229979323713,1.40979512390258,1.75465650400847,-0.723544658290151
0.260442285293503,0.145918389092854,0.111644694748392,-0.832436084762098
2.88687803464857,3.52510867611826,3.39215248271776,3.31649387535865
2.05560074147477,0.367134951146877,0.731089666221895,0.992720857745182
0.248808222884714,-0.830959804443985,-2.71277787190035,-3.52102779645732
0.303088997688744,0.743426565139001,-0.211309178264033,-0.810735082929617
0.671337612203687,-0.527387767473341,-1.86331737886651,-2.57378044501485
-0.826294761582504,0.52546941665518,0.725537826026877,5.08694632882723
0.445272911770718,0.953875394121261,1.43136833276234,1.6749568696928
1.36681147190342,0.926745651498252,-0.052143394502671,0.647958672671281
1.55287508309597,-1.78541384153692,-2.872478423386,0.045080536892677
3.58361193302886,2.56739363486798,0.699241098179544,-0.289457918954857
-2.17670724990124,-2.38693341374765,-1.44544923265013,-0.383752489772705
-0.605360347747652,-1.3108482181601,0.0771115104895554,-0.495670494760194
0.00470145465857652,-0.348021794816289,0.993359986775926,-0.347643216861698
2.63760831198443,1.58495719350747,3.30291391082283,2.78377703981134
2.3078346624139,1.41065167068851,-0.401294989079655,-0.216891544215275
-1.74979484915875,-2.15675348305009,-3.33960480674686,-0.861614154455089
1.42263696995234,-0.0466293458001723,-0.887583517136483,0.245363722167743
0.967785012674508,-1.92883623600279,-3.25771089857656,-2.3689629960829
2.65127305899156,-0.232569237671193,0.407431314479653,0.986841174118883
1.49887647502773,-0.104946320569788,0.91540451287792,1.93069469647475
1.86682989012269,3.3245878907005,4.23778363268163,5.35389159423518
1.43591580006045,1.59829814917101,-0.0894443880633693,0.953961701442221
-0.352082455824113,0.112657787203743,-1.58340830326444,-1.41925939768351
2.00028055857765,1.39229249738688,3.25697337938842,2.74784210686041
1.56138218574914,0.617022801972611,0.0231146239293204,1.40982636823138
0.713337241561694,0.104713092546706,-0.831247279823606,-0.562032158463795
1.75743436278055,3.13818301202835,2.08426781647311,0.184189279509828
1.92238282582455,-0.344831000942085,-1.3761247745816,-1.74008196863078
2.46940990790744,0.561303183258375,0.0632890866627479,0.204786665032668
2.17395179052922,1.87144763293712,1.28329493577997,1.05210044424784
0.899650562474119,2.08876130201947,0.792146833960062,-1.96298193454401
-0.711663197221991,0.371426925835405,-1.54717773621167,-2.57185700573032
1.33577718041843,0.989811858973592,1.0900119479297,-0.946040063586542
0.733015381878676,1.24534860783124,1.418751246351,0.79117419079209
3.57319256562178,2.66539679788358,-0.333253245316904,-1.30000545412853
1.66202491691699,1.19912434052705,2.26347610113916,0.893493538109325
1.61022817778582,1.86376280543184,1.54209513938229,0.693115034308986
0.74292556753542,0.315075194705773,0.0875804218236774,0.339180838130316
0.158324420390048,-1.45221141070565,-2.75103139796835,-3.1145456733117
-0.0509383489238776,-0.506243853840375,-0.314244857963745,0.680940158799854
1.27252345434388,2.52608500727868,1.77390379264721,1.57078597600759
1.10166673053163,-0.365666206108348,-2.41492839478909,-1.0623464842373
2.00921769459567,0.882270562243308,2.33002997526445,0.556775243609239
2.08116139833654,1.23839742628195,-1.11130461645411,-2.80632233093186
-1.22615534194243,0.367981221755256,2.10969444318206,0.473627897624473
0.393245613893704,1.50950005367135,0.783758072993477,1.12351339011294
1.95596030648642,0.133620239918915,-0.41168945267541,-0.964535553556043
1.91966724859357,1.33991784733813,-0.252345975943301,0.692095910453287
2.63679085789311,1.00299995491454,1.71582807283516,-0.922493771340789
0.238662175442695,-0.653101889916705,0.0916359380268779,2.34765018601112
0.0311260955223868,-0.432571204890627,-0.845970392819273,-0.616528711515524
0.0327161967030124,-0.81419528383865,-0.223486354646405,-1.45443493617619
0.17232195910892,-0.0904774723919581,-0.504528708749923,-0.55758300583039
1.26325165506737,-0.414844615368147,-0.402946360086924,1.06200023177417
-2.43820256799234,-4.14357978851776,-2.75537929055687,-4.54530096234771
1.58788986933642,1.29851385810191,0.533651637551237,0.247498192858413
-0.030046389477045,0.0809130496716559,-0.920617698597521,1.75183434637363
-0.383305651197744,-1.16719939022338,-0.416513771026841,-0.973876900603681
0.6078600606067,-0.00959386730700837,1.66585266655834,1.33946200029188
1.8392468255804,1.74173264157422,2.28372701335108,0.994113693390464
2.34162492886572,1.02603550545872,-0.397006124042277,0.845784048960732
1.93650002018619,0.280724258648472,0.705441378859479,0.681594658196694
2.80170867795154,3.73390421986411,3.93301338869596,2.1818513692211
0.0710222536134298,-0.868156078424351,-0.114255946883729,0.336058837171036
-0.0434159076506763,-0.708484047940338,-2.16731081148408,-1.75112086105213
-0.362269987776989,-0.130323552914855,-1.59603195193387,-0.684356619088443
1.27049585371188,1.60010481295628,1.35526973477616,1.04901023397601
1.35389698498543,1.19135059455991,-0.595713277133839,0.76854451295439
0.677077924108512,-0.265482223059166,-0.0958471690055293,0.864701838350675
0.332710205053554,-1.21956101978751,-1.75919416744792,-2.56886818947961
1.43552912948308,-0.38936534856442,0.543775044401344,0.930667413617787
0.0986456022959153,-0.310641383281078,0.0539788552076802,-0.7184103544492
-0.713987501864952,-0.223658716794193,0.925516217347977,0.581408210524284
0.973098056170671,-0.264865406459338,-1.16178444025731,-2.12055002336938
1.73056288348021,0.451942543120155,-1.34214572378896,-2.08007878338073
0.300443001836929,0.726943924083975,0.876907580358002,-0.260519136630808
0.399188485988541,-1.19068275482084,-1.44638124922735,-2.22212580515411
1.13709815305414,0.0641286097011868,-0.0240295067458981,-0.924181031490304
-0.806334428587147,-0.176748780444447,0.130587856353191,-1.78316029784474
0.532025058777574,-0.445563718465221,-1.22206304394342,0.377715893986869
0.208533433259718,0.544559854295651,-0.103953346496921,-0.390709571896748
0.535555810285069,0.249408750293487,0.731980302923862,-0.527306399756326
1.59727426933518,-0.321572389543036,2.92610987565581,2.30420506300818
2.00830999326223,3.21019138436199,3.78202219788779,2.9898149656745
1.48354840479077,-0.552307184147485,-0.44105558714429,-0.201648152313839
1.58227646674169,0.314610141993217,-1.07698838532288,-0.88941026419253
2.28068084186545,0.965304890370621,0.757706554794964,1.39698207623217
3.33666039765094,1.27733198599804,0.254703552225436,0.9951274010977
0.992614112333887,-0.681167724023284,-1.39130458325473,-3.03299832229184
1.64175811149013,-0.725974960095883,-4.69620820513144,-1.58130935038852
0.771840755656023,1.60243023273403,1.8092724019523,1.18622726711578
-2.09419636258364,-1.88954869018541,-0.326289168942206,-5.50938034913878
2.0895961639172,2.05614937198605,1.50281766491768,1.22515711944426
1.33199659979132,-0.580426497841862,0.083321360219916,-1.14136263527745
1.20937653419284,-0.856236185354298,-3.22258842228529,-2.83707680579158
1.21329044918769,2.68332084368572,2.46538072311236,3.27595361632447
-0.415616475917542,-0.485030180020712,-0.782311001601104,-0.947503825287239
0.611579932774585,0.575218926613701,-1.3369642295463,-1.11404667980333
2.06673112487848,0.325950279154857,0.845199494346803,1.79604165618905
-0.0675638492607362,-0.340609636364454,0.876756333591589,0.312408999976017
3.1673670064719,2.18459835231035,2.64563939181917,2.9106561235728
2.02058850991107,1.20078626691583,0.304962239908957,-0.652385944549456
1.14750434904134,0.60420869139961,-0.391935477347113,-0.522458496610585
-0.135776804233998,-0.118788639894589,-0.617744223808256,-3.76047703431477
-0.499517102767552,-1.50877520102468,1.14558158563972,0.295263617911614
1.68640324736498,0.636003421132738,2.52540165152312,4.50803302504659
1.24857381759033,2.0411287510948,0.646189465486477,-0.227720853573512
-0.580465953357251,0.466295868448653,0.768425789776466,0.309188738533147
-0.462899801444864,-0.342906197997143,-0.272719613365315,-0.365901457441084
-1.3074198016331,-4.36220906378165,-6.53281936522019,-5.62558185727163
0.8246077908352,1.29828773687173,0.795808334608006,0.244878461012294
1.35024081880084,2.02857355918882,-1.33404770164648,-1.88219626249523
1.9115094361618,-1.07747011363337,0.552692130896235,0.0513175824001868
-0.900806399352336,-1.0853176369639,0.0198476131638964,-2.91842174416928
-0.654816610986863,-1.25050471975923,1.43213941088612,1.16836801601678
-1.08205292199409,0.755914915830777,1.76743969712664,2.27606072931592
2.80077986000939,2.73399842349834,0.766998376194609,-1.16690636967822
0.282113077398359,1.93289504921135,1.08835415440057,1.24690811545676
-0.253865733638319,0.259793905437449,0.357032583609106,-0.578867701002338
1.00011868010816,1.75395087235255,0.279441821135087,-1.03016738061653
-1.49289408465192,-1.00335617327287,-1.50186577607958,-2.36285947224173
2.50259215620597,1.62723764458897,0.283960117049346,1.01932859999234
-1.19904528328315,-2.73655885181952,-3.47614893598187,-2.23025933978474
-0.187161557272693,-3.11942754891506,-0.858332553532226,-2.78789566801485
1.21428067818861,1.16344330752655,-0.333424340117342,-0.227269335701764
-1.1118754645842,-1.3999590624827,-0.466447769066164,-4.668330581717
-0.489590771093694,0.290609299911132,0.406314016235279,0.802520562339284
0.461967369613643,-2.32186619539679,-1.85243887904433,-1.05005730469091
-0.234741454988001,-0.798050958776106,-1.00407220101928,-0.89916038451448
2.06612905948195,2.31173053992038,3.01391109579135,2.38186824903124
1.84775869238063,0.0742490902430131,0.198819323455269,0.54857229957168
0.295381905483934,1.45042804035943,0.077720405479177,0.519121650376158
1.76598612376527,2.62693826229381,1.08349531511315,0.148319367858288
2.37317776651169,2.69402730837954,1.01611452194901,-0.245644004520632
0.23665361358928,-0.83246421634572,-0.41352427651611,-0.912760402877944
0.227408849791749,-1.15550468112974,-3.61151569630519,-3.10743218675787
0.404350933414436,0.478098095734388,0.729718043104498,0.502984430726152
0.215503959022596,1.29590590624608,3.60596839566637,2.37696183636762
0.713124646044135,-0.140431455756806,-0.838457506301371,-1.40292700578949
-0.0948697131015068,-2.49113237906781,-2.12900645466392,-3.84531525625035
1.66501183713247,1.62212773939131,0.648016177871398,0.620331519100459
-1.42728885670219,-1.74608448350207,-2.08581622034873,-0.221173635167809
0.723561117583793,1.92459621767501,1.86721352257345,1.21065403871824
2.68189214877448,2.22969763532617,0.643750464631756,0.857524055482968
2.04235392777347,0.848882921127852,-0.475449967988519,-2.29883877936544
1.78442795475445,1.1796185684366,-0.443008605534306,-2.73423209169906
1.74480578667923,1.52091601497519,0.0461474051952637,1.98979450676684
0.587584482201678,-1.29437693639526,-2.27228162127959,-1.69726734826157
-0.399075850809093,1.44319087391717,0.443737778362064,-0.895282571725634
2.92353589084799,2.51243693584935,0.63659328110972,0.716871816303387
0.964904869552255,1.12871999631581,0.927551780754526,1.01556901098215
1.47861965124653,0.602946996278094,-0.878515566008378,-0.727866775508156
0.222419300269551,0.130031265252432,-0.623760659230086,1.04535111273452
-1.40700704140557,-2.9648079449036,-2.02564808777784,-0.758099566810153
-2.33661625059092,-0.919625822610331,-0.489654642765892,-0.54083420077526
2.2791287618364,1.87650967471495,-0.119913846030861,-0.349296509911167
3.17169107278206,3.03212564807667,0.401836063460385,0.369174545787044
1.28796307805047,1.0657334078083,0.488412689083329,0.329425835450126
2.29774291625892,2.51556912622408,0.601573897705775,0.456915514467883
3.06669928950065,3.38485305215761,3.10590584526361,4.96566441069388
1.57582396975024,3.66982852468306,3.4361898475623,2.62682828724279
1.64204554114733,0.847703201236116,1.6029366806256,2.06565293870741
0.799223221373367,4.02808750249255,1.13078133152895,0.936545550030088
-1.91291244894559,0.0220595152959755,-1.01365944421611,-2.77753541471251
-1.81860214585834,-0.138545363495299,-0.870401364237877,-1.29976897545027
0.537598430131717,0.246070811542549,-1.14096715943277,-2.9255656528854
-0.136851635702021,2.17373560376361,2.18005819692042,2.35925192229849
1.51453439380977,-0.352702464620698,-0.799918131452811,-0.0899951852172115
-1.5883925966553,-3.05210360457631,-2.06025838722087,-2.69969712204534
0.602796048090361,1.35236142712378,1.73464110569937,2.27166000465812
1.99932748101891,2.15289299716091,1.49126609616499,2.11889073550687
3.58534995644331,3.93578361951685,1.18585802293006,0.271492669754865
-0.937551345642198,-0.903330418019692,-2.2964184545368,-2.2878511694747
0.302627998798925,-0.782295435425339,-0.934065704078489,-0.570191798385687
2.9574459885317,3.22780379127415,1.16792261606844,1.19467713383479
-0.0799240159501651,0.318321329115359,-0.0524245528620125,0.93940500847669
0.814175707134825,0.257377146344512,0.388415849322361,0.0617634974753354
-0.745633137568498,0.230249671498479,-0.226195534664522,-1.91934849379369
0.284863141064783,-0.141728613367358,-0.833559985435506,0.253716554046121
-0.992263174290059,-0.90312971936001,0.0609310491068519,-1.89388455246297
1.65656596408999,3.03740570150504,2.76154960559624,3.01145280808518
1.88810656246518,-0.810061964939831,-0.458832920854186,-1.91695075863311
2.08569631768183,2.2572277450804,1.7716348292651,1.66170617305018
3.61502903288729,3.13330028853304,1.08779487766748,1.16481320484627
2.17328277333001,3.14465956616808,2.97144683866697,1.44199100591383
1.86695662444174,0.495549830745194,0.143063435485053,-0.331960689104031
1.50675201923044,1.00546301918265,-0.149804832740908,-1.94724530777833
-0.00669114365741819,-0.400242458992987,0.329800054293031,-0.273892642853348
-1.67664141221308,-0.394994162577234,-2.03907908051504,0.171289366370874
1.80162043978646,0.444182141631532,-3.86772843573841,-4.85202444613799
0.905610973897176,0.942627408320908,0.826848836387539,1.39260399049006
0.139978271057528,-1.14669946354404,-2.89701596868684,-3.39211057431477
1.64988204749324,1.87486117023666,-0.0132391435168002,-0.248165890223119
-1.21003738486093,1.12174875766999,0.642991441044268,0.813775053834179
0.452422828114786,0.417981034462789,0.011798689644951,-0.287119268356891
0.507915254627996,0.615407028941314,-1.774773210677,-1.12274886508236
2.16046907854672,2.42541335854093,3.9517978274901,2.52988811362062
0.769068005464479,1.66873440512634,1.33850263234107,1.3128262071552
0.85417788074823,1.70590671730906,-0.0249065439098466,-1.51602679729098
0.0689021378637223,-1.69078080893997,-1.46981575103337,-0.786111811966198
0.0459178832682831,0.202999701945942,0.378008237965129,0.0204102787547493
-0.362618628042689,-0.382976280882374,1.04989524591173,1.83608558469346
0.853860716604846,-1.1505784707056,-2.24176475230729,-2.65185088320832
-2.38609460914142,-1.05005180007999,-0.791093273400648,-1.41200272259971
-0.0942691774469403,-1.20675211225888,-1.26625232195453,-0.345412729536137
0.473297636300901,1.44039676520123,2.13115130244268,1.35182564403139
0.809717676850159,-0.0461159913916984,-2.18902308627091,-0.330509850272202
0.250017460669957,1.05128237002957,0.242521997637307,0.530973851234948
1.97585906815388,0.646761003254831,0.557645225378919,0.777781713145277
1.13377774742677,1.50096661943577,-0.305319047567338,-1.51739240771875
0.819287415903719,0.069780366634593,1.0898496230815,3.43269401651647
0.509280390711346,-0.356738359599048,-0.361525062402983,-0.26520666708307
0.717510811599732,-1.26657866159975,-1.09417822103955,-0.692801577116798
-1.13715673051989,-3.11541020897262,-2.27999787935676,-3.3644705163407
-0.465328857946719,-1.40345833219865,-0.324265320840325,2.21559617683719
0.314435513711292,1.40190932738872,1.17781525360679,2.79934018094649
1.33195111297603,0.508995280331182,-0.0450081618669829,0.537278340732593
0.2997213190036,-1.36256529390836,-2.02544687810126,-1.62087505679149
1.68726793552458,0.85505177685397,0.451218777350658,0.10776339745841
0.576148703834424,-0.00556353328572602,0.115951489730467,1.97225742277989
-0.175084617890066,0.178229696047356,-0.0963692482685534,0.166733053503357
1.10918651861919,4.84550675149538,4.91543238514558,5.40196505021123
1.27756411712069,1.17719791876601,0.551416793329622,-3.43814609463286
-1.94430951537902,-1.91137893066064,-1.27049270805459,0.902521421041336
1.66570459298486,0.827686190347221,0.877320843013781,1.16833804741892
-0.912817970110303,-0.449807938130051,-1.89503723424342,-1.66187252759012
0.610898947885759,0.686326440793736,1.04108210750245,1.04881874115802
1.31389488222072,1.55883915199513,0.874697756606835,0.888980019106625
1.55294326844007,1.1055577639853,1.04398681753339,-0.0459896485339722
-0.676501844622277,-0.820976979893999,-1.1071944123171,-0.0815228811991748
-0.194191550396226,-0.799160635194787,-2.37779716208342,-1.8001494454459
-0.541022255489062,-1.54234593420801,-2.84484589723086,-2.68014832215391
1.86189762489777,2.95083103855581,2.80358086974478,0.960111836005566
0.927296110649889,-0.222198316680261,-0.984214609581673,-0.278191787734353
0.943912649989374,0.476828204559423,-0.601927893248275,-1.00982351524851
0.774044915846844,0.872853477816747,-0.117311693655968,-0.835913059575014
-2.40901606951557,-2.46125770402236,-3.77172338029748,-3.07326611646051
1.05156243110243,1.65854817350418,0.472632141346401,-0.739786072643318
2.962741695501,0.831253192961057,1.79669005640955,2.14661380504835
-0.608983256933156,-0.577999628061175,-0.537454768094259,-0.733490673895861
1.8307809765755,2.14244948533701,1.24521857069325,-0.617672789076721
1.03785380618717,-0.209374689252572,0.59375017017177,0.954814504665874
1.76320561998187,2.26013021432689,1.91283419081861,1.52700479883386
3.25435244351409,2.97637998991046,1.48686895677223,3.64455389871589
0.351951694388539,0.243132130135989,0.316896845746447,0.66511561502633
0.870010345227153,0.98988521956828,2.36194933749397,0.632176081081097
0.6425521920394,-0.155957425997109,-0.663809748837059,0.265683995612446
-1.50859734342575,-1.18311702556341,-1.31988706737052,-2.1506827094336
0.909121740097735,1.85458980357502,2.42535658513883,1.30386087309838
2.07992411899184,-0.0332377148742005,-0.223394702987302,-2.42165548240601
-0.0386198445216762,-0.249215776667228,-1.17228642458085,-1.25795894965761
1.98205371352311,1.52362368699563,-1.90054951773013,-4.78427580619451
0.686009520767038,-3.48473196262132,-1.69004816712357,-1.57710556595237
-2.12042887776678,-2.50295758166118,-2.90890171087146,-5.47101415309166
0.275585288750207,0.557721093047664,1.73780581897448,0.793104650637164
-1.41251251937941,-0.968035630638053,-1.96330426275474,-0.778800895051631
0.988126554176167,1.16618618988942,0.293651077847291,0.489277496083411
2.33259712092912,1.7084102539013,3.40572409139913,1.92774156380022
0.715737087371044,-1.04690717256401,-0.43863728517746,-0.482566055588688
-1.30236466964365,-0.310123174037366,-0.301387051383034,-0.984874977123476
0.595202709846537,0.708453537867637,1.44134004875843,-0.672528970041832
0.514686352523725,-1.39919843114942,-0.546089675867289,-0.764101700305277
3.13824564298745,2.56941708632594,0.488456128767064,-1.3343152863677
2.42284741741984,1.41406910853715,1.27883459982078,1.81255688238861
-2.64304848281763,-1.62644940540685,-2.52549361077106,-2.18408033634227
0.580652438809801,1.20741783095163,2.77224592142522,-1.58300375312862
0.0702206909847836,-0.0416134370214069,-0.731558044859211,-0.924515938288265
-2.04733709817661,-4.33315016982177,-4.2239475664721,-4.49645293831908
0.202779881235161,-0.444787032427179,-0.794799912709415,-1.48136430082726
1.59086123666294,0.705578259808551,1.05157768516404,1.15898639147767
0.697997148473303,1.34597806697139,-0.758854269307936,0.0446329350644823
1.54709763031617,0.776624844715579,-0.284138440331683,-0.787471701832612
2.15222205084269,2.6893987346274,3.31019411711479,3.07063528946015
1.37967174330464,0.462717507634815,-2.53114149860361,-2.90130881222723
0.182615719013695,1.25848939669315,3.10583433277065,2.38536618778768
-1.97898111731323,-1.78055062036463,-1.48976318732721,-0.374912023770926
2.7559143070339,2.21388770415407,1.09369427910611,2.6830718067965
0.153524575489948,1.75733358017626,1.21539692421289,1.80372755461637
1.185183279458,1.10447374155238,1.57702480610381,-2.1314507894975
0.470800189977593,-0.712449706164644,0.999891877474303,-0.485967033300009
0.700450958950932,-0.0139285035856508,-0.386234670238438,-0.863424805998876
1.13744907936672,2.53197777833631,2.01466300375467,1.86294072234383
0.430554705273287,0.790996007791089,-0.724631979981509,0.85986203189702
1.008581580146,-0.592969005227705,-1.1711250358341,-1.67726966612698
0.911345467594219,0.690174666818988,1.52815606771667,1.22843737870639
0.363462728540266,1.23816755915637,0.50303293453289,-1.09240929108623
3.92522160690523,5.48670866691034,2.92483099148781,3.64089022450109
1.83664224123489,1.08266235836981,-0.674566822670781,-1.76245746972587
4.27764317994376,3.82229033140466,2.2256149769118,-0.0851818192626552
0.0577716778821286,-1.09259135319248,-0.193893749961262,0.20180563302972
1.29758943829785,2.08047029337021,1.35674571774261,0.0672244515317842
3.42481196250068,2.34182474768047,3.72628109540707,-0.492720164983855
1.45797931105909,0.0130747647879937,-1.42066813322847,-2.00908632982197
-2.28997528621648,-1.79296709919838,-2.31291709140102,0.693557110303447
0.620024718469935,-0.130685508947262,-0.275819068998402,-0.790296700040339
1.60218213170208,-0.291274897331962,0.755546278446225,-0.51861942000017
2.28068209913159,0.191172224339123,-1.4604643034736,-1.61740349429486
3.43934193770277,-0.471668324451447,0.278154484665228,-0.876523909143504
0.106192470654076,0.923203973928111,1.28054153826372,0.0343844561962025
2.03058808929411,0.0140554666365427,0.149593350250977,-0.0588609532150162
0.826099821035311,-0.288400321875476,1.12268703739446,-0.352178595520283
0.107920842063015,1.82886752501942,1.40843273071051,0.555928202006901
2.37013798754495,1.82566532428795,2.00136692192304,2.58855848856326
0.62634421084919,0.775791919474963,2.47246254027301,0.073865165958199
0.736399312685556,1.62660745955459,1.36050156646415,2.60077438654092
-0.0637712576009777,-1.44370241156388,-1.50014458514797,-0.721593116632829
0.459158364907218,-0.542647868957946,0.356303599967104,0.28387502316659
0.779207875993996,0.270975223368236,-0.934875469621122,-0.44840999591279
-0.214248022910842,-0.697952605778102,-2.05361557469203,-3.29483298081039
0.0941009581967938,-2.19130138935163,-0.678419708458417,0.0158599445322165
0.445794715366618,-0.370375116735601,-1.2770446059875,-0.434340086454487
2.55615929557395,1.61628222544386,1.3609040408641,0.383362711468139
-0.368432934144193,-0.261692135372826,-0.49058100759669,-0.149735160818008
0.687566198085658,1.18667468520612,0.804632403389485,1.11565532664026
1.35420431070581,2.30871992052476,1.96983381017416,1.95842904543453
-1.68853563635216,-0.630112699390834,0.0431094730176281,0.467010072087816
-0.143140274873433,-0.103450432584933,1.12658944495589,-2.12820390338445
2.71361418862607,1.17925788209274,-0.403318369231693,-0.598807657623786
0.692345051111546,-0.974163614383147,-1.6847800113188,0.754840497967408
-1.26186858460685,-1.47487363079808,-0.658296975625811,0.156112151539313
0.386074700027749,-0.214373550505624,-0.624875028123857,-0.441500257264768
-0.671275560178121,-0.763483277735696,-1.93660856936142,-1.49051077405773
0.412900749828434,0.179621607398989,-1.06073056681309,-1.07824732256985
0.700280052707971,-0.513949601001812,-2.02856311513811,-0.715755683510917
0.465660255838721,0.189667347937828,-0.642072882111326,-0.465619771604548
1.72072198326165,1.72323619783354,2.40673497097724,3.29873993819567
0.123774674357254,-0.183026952210566,-0.18703315007534,2.06580308932548
1.80443502662364,1.29846362244359,0.0222082252992921,-0.534391168351878
3.29867582018312,2.2371753095065,1.37756057566845,1.15849077424052
2.08361392440793,1.98602846498372,0.434001741660819,-1.11925126873567
-1.75169213661295,-3.18307309739321,-3.73614444045489,-4.79311963546595
1.58703057810758,0.968180365853692,1.25379062474822,0.5453275718602
1.83013708666596,1.23290966584228,0.699321097098364,0.459647410513693
0.101137870578193,-0.373595350253717,2.34300620505949,2.1764546616266
-0.148700463749879,-1.17651435996722,-1.69474385970007,-1.81805248630765
1.10111927496688,1.22890390668321,0.551666655377669,0.750930853369895
0.215078206718682,-1.61332889392868,-0.582292574743786,-1.09497417165871
-3.24157493342088,-4.78920637244762,-4.81407689669279,-6.35637360356465
-0.377638686320789,-0.385693372410778,-1.15336120462544,-1.94909242359329
0.464041969651566,-0.0439780816621201,0.544072430944753,-0.541862858287303
-0.816977029133799,-2.94742271614648,-1.16505064007393,-1.17256148899679
1.51003522431057,0.352293908756124,0.798756465969189,0.561747433215331
1.64845285504334,0.151905143631239,-0.861740024033941,-0.140193060357854
-0.7166834346081,-1.47112930049647,-2.64871289520742,-2.4787323035526
1.46888472178173,2.65697551472372,2.47148844750947,3.10158617170475
-0.617797419349179,-1.30778964402437,-2.01314880722152,-1.34311248425513
1.58837099071308,0.982355229588988,-0.621572269195091,-1.25069533211982
2.91270841445073,1.47456482480269,1.44869482786505,1.43768239748793
0.0914980798176588,0.625882446877092,1.8647525817082,-1.06773936132742
2.2507500361563,1.6238459368425,-0.913777142436592,-1.19887082525587
1.07266317439277,0.565577441789811,1.05948755296063,1.43249269336904
-0.286011006074778,-0.415597360942561,-0.605114105976881,-1.39739967366886
0.505608403187667,0.999219776823491,-0.213967557402708,0.333993231668311
0.26366391315035,1.0981248745485,0.71311843829598,0.440111736851986
1.03801543493449,0.535838429243837,-0.720648815633204,-0.05484931054052
2.98316141332801,1.59343916317247,0.0226990567863001,0.250834520297668
0.548054336829436,2.75462319894026,0.49218308777865,0.386048580499729
0.892872914870647,0.922175116602202,3.12522803984121,0.768534612804066
0.368277769349228,1.84009331373572,2.43112527380847,2.37075672153895
1.99032171669957,0.16082039599228,-1.46838551235007,-0.90009893990657
-0.224298156401798,-1.41229756778045,-1.23586216187756,-1.96707939006142
1.25782989541744,0.136747292328346,-0.587447897139378,0.919797746147223
1.03057553060497,0.882009924978402,0.827951854075677,0.658103403495692
0.0178086528159251,-0.832828818113693,-0.117744935619768,1.1072000395369
-0.51667816668984,-2.22903553325443,-1.24824504488868,-1.05822712201519
0.508383192635688,-0.649609718642971,1.51360087621783,1.47036469487542
0.26716664336672,1.38068291033062,3.43179476153328,1.44612316278201
0.0576786678167609,-0.166035978132161,-0.509152831194939,0.98259736430717
2.43825344249257,2.64754064090059,0.87057100246943,2.52487593636963
-0.113272883830415,1.19049879615661,1.55533039025453,1.44690643690401
2.1513309232368,1.98321587399019,1.32343660668485,-0.749398282969002
-1.41444492093555,-1.669398326706,-3.48246094429024,-2.54159808672295
1.58956341466756,2.07950663853981,0.5803025736711,-0.162646216071192
1.42030475557224,0.221474013201135,1.15840356529983,1.52804040297541
2.00945614717286,1.5013200484232,0.864128222315312,1.47844792222732
0.901363696445584,0.449395774186587,1.11330653551414,-0.785442324536747
1.37629432240705,2.08762855815764,1.54300442598736,0.631391675651805
-1.95526697876507,-0.969123377800878,1.43639463001085,-0.0441693314778585
-1.03643447713313,-2.92153993693816,-1.04102961900014,-1.12964269102241
-0.100763275239921,0.977836821250472,-0.392190233138606,0.127282148227505
0.93301726464601,-1.39122334196009,-0.418078536778568,0.244607093342926
-1.55682786379675,-2.46006907149937,-1.70534588979292,-1.61131439423404
0.606800615837269,-1.9479353465533,-0.333176261213696,-1.39388301566408
-1.23709767490468,-0.912610162760546,-0.438362689662691,1.09548654828131
1.77958170355774,1.43938527966244,1.93677003556707,2.87507791651626
0.770514956323035,2.99918891228701,3.44751105039728,2.80119373356081
0.649502553704101,-0.494342180509198,-2.53992612779227,-1.56451289462445
0.810013899814398,1.07194295955866,1.78308954932658,1.63123750154986
-0.305127036974718,-0.154102568602802,-0.856570118284078,-0.556070904658605
0.966296829410089,-0.248929768321271,-0.714405971022579,-2.03975666217851
1.72331308350284,0.78932216189819,-0.515031554387766,0.886351896888054
1.96003213317879,2.50623577652597,4.13813979337509,2.76182747768116
1.45774957445141,2.23404664899085,1.13677394294717,1.84196501179523
1.90017346825472,0.78239899284933,1.16354881749207,0.232087379953846
0.210292080200455,1.46378304272094,1.25510056695435,1.77129600591847
0.470330866965022,2.4064846567419,3.23804104026142,2.77673493860916
1.03721425559649,-0.405205408629523,-0.987609451383252,-1.2900985564528
0.00481811922652275,1.12672052531686,1.94681495920927,-0.655489714328369
0.429521346112046,-0.136389461205656,-0.13116214344808,0.00968122366021723
0.37795746957413,1.98208474943631,3.23634170638133,0.0490945594523873
1.19022446072576,0.626574152036837,0.38334805613102,1.12837105415689
1.96607182419313,1.67282545225222,0.593073484299239,0.0411529956205148
-0.874109820033965,-2.03511621845399,-2.00516420114095,-2.53718217392142
0.387807566104799,1.49595098443112,2.3777108642097,1.67604804841692
-0.855483209497844,-1.05005886701458,-0.0921843521120009,-2.07122994683791
0.631363334224813,0.355961788916438,-0.488594231339559,-1.61996743221225
0.692601206029084,1.96492169150443,3.05073915842285,3.14097256206809
0.882288027397795,0.589356083429204,0.881155877271573,-0.616491756329294
-0.400276576280191,-1.11377421956282,-0.393882423758905,-1.35457036575341
-1.01916559775579,-3.32391102897424,-3.25619197549078,-2.92605886251683
-1.15549994489302,0.169928358900829,0.21414850175931,0.82629772198147
2.62153229277909,5.1887574195441,4.77864965300051,2.83549249543104
-0.141751406235735,-0.944281701188413,-1.20993397643678,-1.71819204757001
-0.109232253778669,-1.05103968876465,-1.83833319941077,-1.91396927957975
-0.113370631180293,1.06833234570144,1.42187172643851,2.47914191530276
0.234651247731097,0.284317036988341,-1.45621769677793,-1.95647607853603
0.0458985946854709,-1.3110370547564,-1.31311616801392,-1.28719278574358
0.973734988319857,1.25721948158674,-1.46340575009348,-0.885649546955838
-0.127565914459113,-1.86749409965598,-1.97751121096905,-1.29337849751012
-0.585869319398943,-1.11730367130332,-0.468588575513548,0.789439115373957
-0.550879779760216,-2.12131712653404,-0.692198834990048,-0.434459415815772
0.0509527389457251,-0.02102802339813,-1.7421145196927,-0.707247914145141
2.62500795831927,3.35080767956562,1.12307062075299,-0.733920513360849
0.365019208634585,0.125922919755383,-1.70249822379084,-1.66368298326549
0.176805911517307,-1.45019749603771,-0.182262362432666,-3.42444547900503
1.28247871835569,1.7228672716008,-0.688653294840742,0.460125865847258
-0.198835114343888,-1.65660645291024,-2.1367927826712,-2.76268687077036
0.585593349042884,0.302376079521603,0.759162960372354,-1.78007380078451
-0.0334289342042954,-0.808947679743275,-1.92408384691433,1.30003272829604
-1.59279700987393,-0.421167693116808,-0.785103326501293,-2.63175356617557
0.897881719152681,-0.504827987883485,0.329581067054204,0.302314377556965
-1.48810773199636,0.459102726178741,1.73051087757564,2.04647003825562
2.50573576029621,1.56023141834084,1.49693452271364,2.46319485122519
1.44382026598899,-0.76386257569246,1.35556711615459,-0.223780745784195
1.53170146971383,0.913204688083165,-1.3232152415134,-0.610445935522333
2.83698351165579,0.928480938888264,0.318651303426911,-1.11883856692227
-0.0360446570922953,0.446050052863276,1.53940316482391,2.85474009852624
-2.72874352715126,-2.12325880519877,-2.10118737921188,-2.99971887451998
-0.597904064722711,-1.36714592222676,-1.27177406540542,-1.05018660937215
0.501797865075803,0.557739234516074,1.09973803777326,0.977864392091054
0.716864317139771,-1.03131387369004,0.0313554110649263,-1.11812285645142
1.24506506510824,0.399035400510858,0.396190227484731,0.619424019013303
4.54278507278342,5.65513222639461,2.26680809504629,2.55117260346963
-0.942334176335028,-0.858521266095853,0.102844757802493,2.03763087640317
0.652151153576705,-0.255743313196354,1.55521923061856,0.179555436035746
2.24406598605937,3.00573173037357,2.16139849686639,2.53416035206562
3.57426888401583,3.24743920043009,2.80549906888849,1.39585398227831
-1.10813650532566,-0.64680566981184,0.203103501233871,1.49012554705864
-1.11670393242372,-0.862254864917295,-0.561366865034252,-1.43648324949775
-0.145216971001615,0.449467053557057,2.88452856142376,1.2398165883608
1.35017604170495,2.15315193385033,0.325037241952392,1.20083105788907
-0.0577945126177468,0.289757537916814,0.466673585603705,-1.66558445111666
2.77820989594532,2.76413314604119,1.72266563130304,0.886508391389289
0.867853073387271,-1.39015728014289,-1.86159415370785,-3.61882500888296
1.35335189401669,1.61317869072077,1.86471005452917,0.784295499640406
1.0305587268755,0.673397250509257,0.880770973625818,0.424917152484304
0.0595078263977385,1.42326216153558,1.27545676119732,0.3478972727153
2.09418366194278,3.00549205335672,1.54865220454535,-1.03334736244667
-0.93996560762875,-1.31226584263953,1.55362073809768,0.242672707971689
-1.57386147968378,0.26174121743669,1.92036695109497,2.14822477970918
-0.351152082955616,-1.66068150859087,0.000263285133688562,-1.19060998373095
2.65990940579702,0.324631412764437,-2.7657565348202,-2.47120603707495
0.702800650693363,-1.12702675095889,-3.49112078864862,-3.64370787203951
-1.00242220974323,-2.03704742900575,-1.55117659752444,-2.49469553783485
-0.0753697402540064,0.0828759828682903,-2.40075114848436,-2.15440708013271
3.19514015228928,3.79740432144503,2.59889065317166,1.98014613569583
0.943930158726582,-0.913669996919982,-0.606549438242912,-0.813503045194679
1.9466047609259,1.93287846287267,1.60900335891338,1.2312014851205
0.873478919961372,1.19479486716208,1.6443247809093,0.948751292036161
1.94147991176183,2.15372212982407,2.13222705334869,0.688108881208987
2.49468326631933,1.73255642397355,2.81705241373368,0.778287646669406
-0.698325109749529,-1.35320645423944,-2.21861877780516,-3.08022184580118
-0.18192684381104,-2.19999778946586,-2.21576432591461,-0.513502547734383
3.23419465997638,4.25643776063784,4.09115663251335,3.57736764234932
1.46594525445824,0.710749966889405,0.977769558701803,1.82610997283992
0.192524429130143,-0.851835705216091,-0.665419777864376,-0.736782882150204
1.23578815872598,1.27887329111813,0.0432472554693242,2.12057601147598
0.521177780726101,0.809403941984358,-1.92514465140012,-0.842938502278537
4.2925025139101,6.30060202502005,4.62604607745403,3.21178986285336
-1.3646817777192,-1.99149784545923,-0.438235326821033,-0.308527956412564
-0.432974787427119,0.0573997986766345,-0.0662633830625831,0.140210481497331
1.12339609856067,0.759542713003576,-0.206709228130509,0.422373152817523
2.48469486205358,1.67468729636699,1.72430476351656,2.55428132653755
0.814235663429841,2.11764547928247,2.177416220427,-0.662802785996778
0.709785171235507,-0.773990162901347,-2.54591483537165,-2.7793637762791
-0.000908593842797956,-1.60946458598069,1.11461361908422,0.850599721896877
1.31991803533967,0.0267685882121519,-1.39012437728925,0.56420599586965
0.582459379227275,-1.47581019077563,-1.49463784148632,-1.2878487297854
-0.182812852436938,-0.0272512599930525,0.876732026106573,0.731629140806953
1.5702450287813,1.47430573935407,-0.724261518216578,-1.99013859481964
1.47300714530319,1.61368171485845,1.31421339524228,2.10599555676466
3.53751992278859,1.85213128517134,1.55254250495615,-0.17532596235761
0.0967754337453284,-0.365638516988278,-0.801845238658711,0.479748430147131
1.46093817691559,0.460689552612965,2.06426640714638,1.35800986829603
0.23387313603796,0.453462758240538,-1.967099963639,-0.698993647182086
-1.00666932508825,-0.855172416652707,-0.0273181536605047,-0.796019068322683
0.692330597006774,1.26257204496413,3.30239138975265,2.27134376983549
-1.03675250509294,-0.635998675112487,0.622165806251302,0.759676769859888
-1.48215653175411,-0.122982516009552,-0.675254298563656,-2.04612433688277
-0.600924683240204,-0.761811358700433,-2.59672577811267,-1.7544003897321
1.96404485135243,-1.2649086764031,0.710064496443891,-1.24239161449799
2.36736799972959,-0.123118029254346,0.0507027550785731,-0.0198827181544262
-1.30915621072633,-1.25136802337305,1.62057094548885,-1.14981853973028
-1.99283548388079,-1.30278098762658,-1.42144576901584,1.2501960118061
0.846520533606831,1.89349875447186,0.159530276732347,-0.0381324795767659
0.253181589838479,-0.224340512147948,-1.25898579107206,-0.747676507489015
3.19419136150936,3.59164087147125,3.40525406232341,3.669201258132
0.00692215034078214,-0.739733676190757,-1.19853106654367,-2.06619806206389
0.282036732783869,1.7855629620486,1.17912154634576,0.675140684286123
0.393896122411965,1.449331186749,-0.250847870579638,0.510544845683569
0.556276598253425,2.18410490603426,1.52415106913307,1.65602105500795
0.745523001131485,-1.96855614052533,-1.19618232732078,0.474888820743056
2.40722340060973,3.09546359729008,0.948422485008434,-1.75356205974648
-0.671811295498683,-1.88670654411955,-1.0507141125031,0.0155640843767701
2.58798648995179,-0.565098665192533,1.99512815781953,1.67849369882027
-1.43176290767048,-2.90901619174841,-2.75404342349076,-2.31912761845602
1.6725084985121,1.42294421420141,1.15079920941403,1.09242443711984
1.61584017007841,2.08873564070848,-0.9407592442481,-2.18247220801117
-0.764646481760472,-0.779851226855737,1.06704483086281,-1.78276311908808
2.12575035903775,2.25503971335325,0.829560732213697,1.72092102996064
0.976650053905154,-1.58013659763589,-2.65705670446656,-3.82450768538258
1.34194219647076,0.497610799777203,-0.0198051070815685,-0.949964230998826
1.37716782999711,-0.664190465074726,-0.524410734346353,-1.83005007747749
-0.443233785026053,-0.939038867884609,0.307698550739394,0.133986481201151
1.11665910192886,0.0806326777702265,-0.01277633207821,1.06838598200015
1.20030219126115,0.89463143138437,0.432967749897232,0.473083793020445
-1.88841688618574,-3.72545546395531,-3.85919687752249,-3.22780452304934
0.859586801594971,-0.416972519426129,-2.00304498691689,-1.78320272215038
1.38388120161115,2.75714443483265,3.20625163821266,2.2895004393382
1.09769646026906,-1.81626229225476,-1.16987951708868,-0.701493293296293
1.46223902557227,1.61790276405301,0.0708710837373598,-1.22330307083137
0.48527814383611,0.425810396930641,-1.70116608143948,-0.242868852562698
1.36010896640753,0.476045923673811,-0.400459229770853,-1.35889143370634
2.21915655080696,2.18444937806066,0.310665734458942,0.618133851104628
0.234705219420656,0.605833128872592,-0.452705105169317,0.304670507228408
0.643645074705827,-0.172800073235058,0.876445340511356,1.37813707617076
0.630721199695553,0.238389114833526,0.436728379258176,-0.00554431951692763
1.67776225289083,1.74819353701474,1.89540153309803,0.958748697532353
0.257285948974317,1.59105134506576,0.0364860891311275,-2.03171946005678
2.18428196752844,1.89745283102413,-0.0880765814408322,-3.13194875206744
1.83803834502833,0.295817362649772,-0.0165127983722125,-2.69425251990536
-1.03751368181297,1.324777282377,0.12060114744323,1.77002743577438
3.82060390189824,-0.542367005045218,-0.787602633500947,-1.929118950675
-1.28253980146026,-1.48979735176812,-3.07843507914392,-2.16491516320144
2.89769944688079,2.44562975702906,0.713329309106258,0.439214827704989
-0.864256643634766,-0.239403380700108,-0.26200391369265,1.22528877527039
-0.610553632801583,0.0369874794771988,-2.38381256048841,-3.46490831425596
2.6367855641186,1.19614019141385,1.07587074156581,-0.95550400200763
-0.883022965676588,0.648102652977252,-1.57812145196376,-1.8485245061373
0.715236587268515,1.05888360943043,0.0150421944392331,-1.44630304466706
2.51142229745028,4.50021259700475,3.83231295661045,4.34050098036279
2.63819118598592,2.12623981736425,-0.273882634176227,0.300809230709082
-0.765434840723885,-0.321827091392763,-1.91321594518824,-1.43552043549924
-0.0704553633498097,-0.167603654674983,-0.792795414706327,-0.806380409402252
1.86588732478116,0.844648888424204,0.302020037277527,-0.96246403316098
0.440782795080612,0.0228207770825364,0.498088489320534,-0.401182316090416
-0.0226564142281301,-1.57215996950717,-0.891843476516483,-2.04973697409488
1.78349257064808,1.94698680098697,0.494112972557651,1.70735909457572
2.28951824768756,0.719792316590613,4.46468559250837,5.24360475230224
-0.151060297043512,0.764527153062875,2.12954496954268,0.281256824709126
2.43997478336709,1.68556448959487,2.79520732054001,-0.0917402326066059
2.15219126005056,2.25352797796366,1.50152220934184,0.851347945637366
0.753043302491275,3.09335514716692,1.58827407179897,1.18013812285925
1.43043935120876,0.30569090048355,0.97387177201092,-0.906404004197887
0.776310049628996,-1.31340823226466,-1.81762425333833,-1.67280660622062
1.23107086247968,1.41071874868273,1.97207687134475,0.154289410749495
2.81769601985262,1.98394396423285,0.56520934622738,0.762991576295702
1.77968545971647,2.0658115379591,1.77157059206195,0.578341501736351
0.230977114153922,-2.56218457941129,-4.05358100947883,-2.35231286162484
3.1734125990676,0.941828154666629,-0.664838648113646,0.0738740714766142
0.920406013049265,1.37769724412521,0.538268352100135,1.72661246263034
0.535494503051147,1.12392544915095,1.74199998381891,4.17471497642801
0.620823917914536,-0.700040948617264,-0.515003580683886,1.39497081191414
-0.945235837095394,-0.93183908633757,-1.78616680916024,-1.84156297208954
1.21479768667103,-1.69399848487851,-1.21220585129704,-1.7451939175568
2.01448312763567,1.77992171170835,0.458480756647566,0.0377790828354516
1.08923666246803,0.475403481386931,-0.314855027625871,1.22197573983755
-0.213857743962719,-0.973096098939638,0.799128914898748,0.639214829984681
1.81644819664958,2.06158151442369,-0.0923470778322024,-1.21572869131974
-1.35572035099872,-1.03944224420756,-1.89371088347622,-2.96984985001489
0.992004527718914,0.234799058675507,2.11192131028932,1.89380950171059
-1.47642525852987,-1.51479444052775,0.365682544927763,-1.14064143576156
-1.43616981653805,-1.21740555666945,-2.54637627766792,-2.30948087527166
0.352779917548533,0.0204281731027511,-0.968253147743564,-0.367726579411349
3.08708717860979,3.10824042197396,4.37499209944968,3.72458956983409
0.892962829667921,1.9998241972427,3.24163172819578,2.9444643654038
1.23165744020749,-0.0311129363006427,-0.542038278988273,0.181111049820971
-0.0732717853440088,-0.471033091134088,-0.380290966082478,-0.933630677250132
-0.270429716311157,0.367232861522127,0.527917675405526,-0.00690892630867312
0.525318342996573,0.00728519751088319,2.23929075087824,4.36714520561362
-0.689012657558565,0.598707006051441,1.78968351064994,0.268162510971024
1.64778820923481,1.45002990925372,0.938532959690753,0.188910008909542
0.117984655541648,0.415971839787465,0.517277242283862,0.431826557098685
2.58975871015335,-0.065887411658784,-1.13835073568353,-1.57723264181841
1.22416700828416,1.33321396252356,2.62055740421833,0.786359469090449
-0.042824443506271,-0.201650260814099,-1.50320573594191,-0.709088531085381
0.287676618019479,0.928277221644585,1.22866529537896,1.60117386680419
0.315102305906074,-0.533697100618402,-2.14760188245805,-1.64257630746784
1.61783204776823,-0.709201650317886,-0.495439697035709,-0.704149774369436
1.8167002108004,4.33605893581513,3.56668229528059,1.79643011001914
0.214261599838492,0.207812430795296,-0.681059302095695,-1.89526619470016
-0.402044199047377,0.607088791121905,1.7263776390439,2.2712415339663
1.38125501614635,-0.52858988448151,-2.21597600991197,-2.10413195873894
0.73721522571024,0.349594209707021,-0.601963295130897,-0.738249699723278
1.05356163792314,1.89121545999232,0.719182361249662,-0.880240184698278
0.662358156003308,-0.487925501466695,-0.190766497253074,-1.96386910800004
0.846588069182989,0.727714699567403,-0.171082286941617,0.614208259452936
1.47208348006908,0.000281304872132404,0.904718892033804,1.01615039308393
2.15157137694199,3.70898158388569,2.99050883396041,2.2798737127288
-0.674266353404949,-0.835754669652584,-2.50780561056051,-3.76855753234785
0.835152612983042,-0.610224382854778,0.344111604860833,-0.537928400508228
0.304175656924401,-1.12564246031494,-0.473841661606978,0.602066045624297
0.156654058694274,0.921608097948953,-1.28613970869708,-0.915558658547888
1.39500303008947,0.429214580437427,0.264424066977185,1.7074548353734
1.18166230536883,1.19136169578279,1.1458225632328,-1.57003596568523
1.051550536298,0.262836498535271,0.767078890001917,0.162692263570571
1.71131145441904,1.20894576186923,0.202917600448674,-0.797192697272044
-0.421439702845209,0.610051208846981,-0.747368783242397,-0.321957744000181
0.367846459128556,-0.763072618659968,-2.1455770625193,-1.53924942644863
1.10414922592211,2.12963831721427,0.49609337982595,0.472066289831525
1.44509613720492,2.49813686047073,2.09757239299049,0.410433845110505
0.686257688063411,1.57955010357496,0.285225715550437,-0.400906479846584
1.3755916865086,-0.43723469538218,-0.954753802426145,-1.88586780472007
-1.00431894904592,0.330007932555033,-0.676605903383654,-0.249395445472427
0.0678147869271712,1.52360051365512,1.51625192387498,1.38724649013456
0.710502099802132,0.434017280662629,-0.202032342272231,0.0643186440433965
1.69836814067849,-0.957510079907301,-1.63491825619271,-0.497275295983457
-1.39105220523014,-2.34590693539719,-1.8193777905943,-1.34043362742141
3.1368419300395,3.29145802717509,0.0995145059230662,-2.83242487589272
-0.190947926419162,-0.695757163816765,-0.859644390911267,0.0541711478835393
0.946090520488148,-1.16932587788809,-0.622943028492985,-1.29890218973588
0.886132682028572,1.03293735322331,1.43754256310024,1.47843442715318
0.434378392782678,1.73590378670779,1.2972317884253,-0.238688839831476
-0.718698306012614,-3.16190487550845,-3.86467822635362,-4.0337065842716
2.71906211076402,2.50626712432065,2.30424668601356,1.53844896174007
-1.65405966373076,-0.830425341080816,-0.43271471465206,-0.74198163114534
1.14893923181087,-1.93820165871116,0.369111498387349,0.360063049457985
0.689388014298795,1.00205158493064,-0.607474636507139,-1.43579925050145
-0.204104536543888,-0.559875909751216,-0.175164696128187,0.0491449197720077
0.49621566740443,0.764327690742025,-0.141166072445646,-0.347085609770175
0.478078989590806,0.107570760342634,-0.0605050421744051,-1.1887184974375
1.31521637168456,-0.624796187496362,-3.46175098370371,-2.67592894179437
2.20932218936923,2.67062152449424,0.521457620866279,0.894060770395668
1.72691830885095,0.846110216579671,-0.728551202739787,-0.255604282856613
-0.680607392099021,-0.979593989346925,-0.31764358784455,-1.77417030444249
-2.13013955680101,-1.176276057355,-0.459012963041501,-0.435476354506701
0.46808048317521,0.0807207479778762,-1.40470966657637,-1.35199902250514
-1.12989413953379,-2.9085304701988,-3.67352877114075,-2.21858810354349
-1.25472631659285,1.14648762213276,-0.647263370139726,-1.5681970456012
1.94035705671571,0.497807428231652,0.813489059479522,-0.092934925841819
1.72680864315408,-0.403234217172632,-0.874760904211371,-1.45210086465336
1.56573603306187,2.72527257547135,1.20667058415538,1.85843105411238
-1.07509309291389,-1.15979342420616,-2.24891751735692,-1.72101402612663
-0.157208110218171,-0.094777613447824,-0.217719031455415,-1.57757508645584
0.29418785021871,-1.39032319102586,-0.469917720363238,-0.470833824600949
-0.498582246819437,-3.20691302208333,-1.83780396053554,-4.22023911591101
1.58123841834344,3.1301651702001,1.80381684828832,2.05456233635179
0.0534991298287834,-1.04546517800084,-3.04880523380072,-2.19266252484347
2.9722907468339,4.31302137966326,4.53543260931907,4.6671121093479
-2.93905518889444,-2.65176479338658,-0.920468140289751,-1.57953525615121
0.762419851574564,1.44005529947588,2.70813812168768,-0.647794338275067
-0.348901080174718,0.26280323879175,0.0209267024332359,0.039529598107246
1.84183725993831,0.417087193428309,-0.782357149989999,-0.675740783114932
0.0994184286044151,0.512255057606152,-0.831156719371103,-2.26733948832755
2.55980698866579,3.06262436982005,2.89687965964961,1.20587794685838
0.998708763564218,0.0398620328540586,-2.27654417581031,-4.40277409633485
0.340909059014786,1.48133304416598,0.616670219429719,2.04849410784404
1.2929110065122,-0.067333759893897,-0.184569479436109,-0.269896866254201
0.613419674729288,0.46767256184745,0.393130605553789,1.41347928142367
0.314511607731711,-0.00963975235424665,-0.189551469439724,0.295890201564077
0.0709265921551668,-0.249289525498789,1.15282283295072,1.45584314953275
0.884258529955934,1.55033485048666,-1.21634546681091,-0.880300586273027
2.54382188348045,-0.552977060785849,-0.351720448819824,-1.10124076044123
1.27742509254492,1.97715460245979,1.63316152357248,1.13301266981535
1.2909952401772,1.55335961694506,2.34132846852273,2.13900128133676
-1.41198294611305,1.64029164204953,1.0892059317904,0.296791043404428
2.92059925673318,3.82302427280456,1.33951683866912,3.42428912576093
-0.938611153948087,0.216496690587858,-0.0947561753814424,-1.13741037422027
0.084132156959862,0.291718348169339,-0.67898328097632,-0.0931594340120168
-0.0950206304282312,0.410808530602133,0.475197210884575,0.848660037362044
1.98277751993186,1.1971443589135,0.694295942534002,-0.122807617976651
3.64022913748396,4.40885654662664,2.9133358855693,3.90579677217964
1.4029419575643,2.35074057173067,2.85408114663938,0.580119235346972
0.75924919626495,0.31527660497929,-1.83225138062134,-2.65360406278019
0.391143522152723,-0.476251034545253,-1.08770396184983,-2.01725251502479
-1.28094720288352,-1.13994180953098,-1.4729682399765,-1.01556972369758
1.75688591070196,1.33176536574835,2.68952806310958,3.10251806581002
0.729619515007062,-1.09513260177754,-1.95030371077944,0.580672791754901
1.59373003871457,1.00940965797436,-0.245449874737494,-2.3145397112675
0.48451573477755,-1.06089771930363,-0.54231829912309,-1.07876492798008
0.94470221601833,0.0819752628410005,-0.216484493169828,0.305481131755401
1.54215524294013,0.507644077222268,0.493276129037924,0.592874215361658
0.0223202493202162,0.0304751981961127,1.32890797247839,-0.126754264867418
1.34857194653297,-0.522714163662781,-2.51911155614381,-2.33491420157996
5.24611782940946,3.66746916031893,1.69887536945242,2.45945161113757
0.799584796693814,0.549969625065761,-1.66907434262594,-2.27343523115488
0.782678349084006,0.824689281880628,-0.661175586960407,-0.065983528064818
-1.70034044862044,-2.76837953377903,-0.35341558128938,-0.0993123388931308
-0.735492034058735,-2.09218237486203,-1.13916908450283,-2.3259329273539
0.0476596934500251,1.95495448739829,4.12225591483378,0.0940271706107918
2.80949656977331,0.188017038124188,-1.02627044926374,-2.97601948991341
2.35098005579193,2.06002313776272,3.00897137937813,2.09660396572565
1.77230992071017,1.73312726746675,-0.212685488008005,-1.25660346489916
-0.783404865142393,-0.207764223996069,-0.575108974923084,-0.633106653327508
0.548905084831827,0.621027211999315,-0.228488208411713,-1.74594811176733
-1.04244004812914,-3.63034111420664,-3.19654414182094,-0.830627316757658
-0.666317560804727,-1.5962754242772,-1.59177601706288,-0.362493715461079
2.28006627723889,0.246503103489196,-0.755454005135229,-0.498037484986465
0.412952176375889,1.16415001894168,1.76556238593582,0.772117596361127
-0.264236974101898,0.518520808382513,0.697831141561278,0.674665901294928
-0.341741811101167,0.179797423857986,-0.549871670430354,-1.02671231043759
1.82438742828816,2.97953705975029,0.0398031797456171,-0.851475117831994
-0.521235180839203,-0.820527923086786,-2.01946366199038,-1.22545825012829
-1.92898248198265,-2.05697160936435,-1.95072115124914,-2.95437260206357
-0.011383711638161,1.39028450483359,1.97225973384705,1.38221802082785
-0.755582425797601,-2.1634573629822,-0.918531091012513,-0.0254866820373328
-1.13919734837129,-0.70106540571335,-0.902045316320075,-2.0791045842922
1.76856783976648,1.27170170800849,0.078028208383186,0.741883139462881
2.63346265280734,1.83474027785924,0.73598727689705,0.729905743130779
2.04511961872407,1.16632507081014,1.27260338535152,1.38298013061446
1.1712782624795,-0.14486434136654,-0.663464028107153,0.877080314121749
-1.57317737074876,-0.574271303277705,-1.22175233039422,-0.0285287403753451
-0.2529440422424,0.615542249456404,-0.662713342225786,-0.487020999031386
2.72798975517378,0.430321299670994,1.81818461640635,-0.257055498154917
0.847679888466295,0.281265957381808,-0.214521516752547,-0.818324963852536
1.37176163126124,1.46465043063215,0.652276632085378,3.07275463282688
0.673884015406837,0.18944035265406,-1.08037037994382,-0.754390695419146
0.439866704210723,0.663098508095981,1.30885227814986,2.20851243477539
0.0203215656673594,0.510400609547361,-0.198604082862186,0.0946462392883441
0.318580822810463,1.40117738254269,-0.283984246189505,-1.35498822946171
1.95363044316518,-1.07500255435195,-1.60739412015339,-2.19591785759715
1.06429891301289,0.867060770165131,2.03425630586322,1.58127110787364
0.307004877422391,-0.361314079207088,-1.5645536580357,-2.38027152545608
0.184708261981529,-0.263596709487266,0.358070157887465,1.72270231164944
3.22279434353543,1.83302834633017,3.19888730953854,0.859426617247814
1.23834994805568,0.186576929963293,0.308555870257939,0.705195127494462
0.376019841779959,-0.725776941954323,-1.92309726271524,-1.58513005551671
-0.0635674188905561,-2.46358470809368,0.247724504253178,-1.51299593786674
1.01411239457321,-0.23688553900201,0.503365305644306,1.74427845241726
2.8222391820012,2.60841425347199,1.18278813292882,0.823966325139481
2.03981554966513,1.58133525529878,1.39633838756584,-0.358436084427222
1.19911421035785,0.6854994549516,-1.54280495678469,-2.57565616852888
1.67679632985706,-0.731812885624208,-0.750507689682367,0.978566976415832
-0.187391481460832,-0.935652412681859,-0.353692320466372,-0.122967058648677
0.137334220337015,0.447282977573297,0.685243625054878,1.16102388825656
2.58277295199756,0.942871780792168,0.91021073173958,2.48087327017651
2.31676864582345,0.674211160900979,0.581725449593015,-1.24049716541618
0.855975183116203,1.92939999973489,-0.541371954806316,1.66069683128506
0.840606572142735,2.53110873476223,1.63928297440733,2.23331961601923
-1.11053620894864,-0.911101111099163,-1.24912586101308,-1.50868903151734
2.7521860052708,2.55656986960523,1.83209701703314,0.596745557684752
2.19611114038514,1.04924817438621,3.07424441726442,2.76334655857755
3.25500759141174,2.24064346883084,3.23026609462688,0.78958718742611
1.78206344386009,2.15858474646061,3.05589159922933,-0.013612703411698
-0.437559409820062,0.840120221360023,1.92847199134237,-1.23199402074377
-0.457361218045041,-0.7353918023998,0.886104133871201,-0.432098474127987
0.355729117385975,0.985568073135364,0.63361638334759,-0.629900067844348
-0.0939822888995042,0.937710290734351,-0.238014644798199,0.506407551648271
1.3188945754226,1.73089823049216,0.775355571233761,0.397274353256766
1.48530505711294,-0.684871036427906,-1.44447003855506,-1.07135338641797
1.41605357948387,1.78926363111088,0.186011385783212,-1.53078314770499
-1.48826636884711,-0.331088161019455,-0.811502030207576,-0.140355073421447
0.665746557441372,-0.859583917755934,-1.67937193910532,-3.56870432600239
-1.50415716166594,-1.65867098000152,-2.45917079050521,-3.20774791656744
0.156965516152359,-1.02814377539514,-1.5272511176508,-1.59638794572871
-0.326887974280022,-0.604477178282211,-0.965149065904633,-0.832858049700597
0.217527483797336,0.52282562742593,0.444462253796552,0.36887002829557
0.227100130426372,-0.333453239717025,-1.25852001970719,-0.512510137014544
0.428236735526261,1.78902085810237,0.0726356685278482,-0.177113157933222
1.73987559383468,1.2787830398271,-1.59468591762198,-1.37210758075665
-0.902917241478514,-1.69764047556867,0.41044995888131,0.0270662722489367
1.21676567585889,-0.221363765572913,-0.484942375754999,-1.45991185890128
0.559767532429718,-1.91925557668441,-2.64850889046745,-2.45897193939609
0.219203278384864,0.29344845639717,1.77736469663018,1.22168263343728
-0.226133010668213,0.527163406108665,0.314372936651247,-0.935992732591522
1.26686842269606,2.68376875707353,1.22190358800295,1.35181671382951
2.81382031661186,2.3598875847073,-0.0417352483886616,-0.92560484979769
2.30827657591609,3.23867451778156,2.44201668646961,1.39124748645352
2.25648567284909,1.67451154945325,0.279181610543823,-1.77027954502102
0.688297063525733,-1.39347313029411,-2.85643384494225,-2.26711478364113
2.92044437648928,1.91824546602017,1.41568305388929,0.788510422173123
0.704834193954756,1.21963011072213,0.576156278126333,-0.912193589475809
0.826457239241889,-0.0169107056489503,-0.103386379581217,1.0402063948304
0.608458744772304,0.760549029468399,1.1046475002907,0.498600957824862
-0.105384296113729,-1.04575482630351,1.31216331359896,0.870078479046985
2.2781644509053,3.62331839021553,2.94658529228577,3.50232330455056
0.893412620777173,1.53305092323263,1.47407829928069,-1.61311311225861
0.678640070987444,-0.326433759742158,0.230398649101064,0.35653199624427
3.07561609159369,0.57649138263422,-1.97087524228199,-1.34191839720132
0.639591456538639,0.450615344007291,0.105915240083428,3.13404791093223
0.792770107211567,1.95438065069438,2.4775199328278,2.09080488617069
2.43931678626636,2.68492628168221,3.98204794529867,4.23969434130219
1.11698286937223,2.91014159250604,4.26274154003755,3.74575359142556
2.1108000923851,2.54307910869024,3.93517680664276,2.93231697156734
0.971814466241373,0.0390893221890439,1.91318563471106,-0.176507824285388
0.185977527118576,0.619684769235163,1.110458780628,1.42556184593662
0.0672392332280471,-0.301833633123157,-0.654882291848343,0.685126495260905
-1.5228365073371,1.05748220562804,0.242445966514001,-0.22833473530894
0.679514559133075,1.80455199207604,1.89473395907463,1.87692088520361
-0.173171759720926,0.173495750309849,0.893917923604063,0.221855577545212
2.06208313489618,2.01905595873374,1.42555068917667,-0.823502763157144
2.50901371783262,-2.02857009873869,-1.66916257410589,-2.12715121857415
0.92708018628064,2.37890980115854,1.99241921093741,1.93444900688022
-1.7501858274588,0.511923076104597,-0.413891188490496,1.15188482204986
1.27630882195881,0.644401201421011,0.319199092090376,0.438504307873069
1.66795308618986,0.86087376282617,-0.544854049242113,-0.841506514534697
-0.402670537302472,-2.13699819248284,-0.372251235971574,1.35748689566961
0.207542576639543,-0.0391550744765283,-1.25625190331806,-0.846898093857536
1.61145535468394,0.859473206461033,0.833796073707096,-0.149696964065641
1.42822026185956,1.38173803613377,-0.241144093150404,-0.958603143855107
1.1390488224958,-0.00919919411808134,-1.28884238030154,0.358673039399351
0.554721693562046,0.111918201497552,0.552448369833488,1.67734640600069
-1.29186599662357,-0.620684659469925,-0.595413447866105,1.40509324729592
-0.314156858978932,-1.56999815134819,-0.0619190017478501,1.31128913826926
0.135366362030762,0.60713609569294,0.170705512271402,1.69775281151332
1.15210312405569,0.374015073578955,0.669963365672937,-0.302432482078636
1.20754636570236,0.958881651876178,-2.03858487545908,-1.4629679416729
1.51129542550971,-0.635494608730223,-0.498124656614903,-1.8175049330019
-1.04302199168169,-2.12559064994459,-0.801196131409853,-0.121557873404324
1.06626955597204,0.771079623209922,1.18907544349269,-0.536760843951655
-1.568178253653,-1.20560797168995,0.307393041594017,-2.04885062332672
1.08389971189595,1.80043271770631,0.296882095211489,-0.62405619796993
0.592610149699244,-2.51100837092982,-1.7584010455672,-3.12625661600153
-1.53200918227959,-1.5213237710486,-2.04350606117093,-4.16755610118353
2.60537758412153,2.50476770542065,0.451396709669851,-1.98878760349462
1.95863555198268,1.70956823785631,1.35386869830267,3.65748642602932
0.573169085438715,0.351742789241907,0.656756546019083,-0.136378409574828
4.26596711524056,4.22606871651411,3.9283399335126,4.2630373338223
-0.428536295996666,-0.58052880881979,-2.08017725848402,-2.11399611441696
-0.179980006454647,-0.719696119554284,0.0276677473866291,-1.48075165599018
0.686256660384358,1.35887102834162,1.1585802603053,0.948430247550917
1.08356247332112,1.98057037956703,2.37184598015445,3.81408300714509
0.441412610648235,0.0688462495467318,-1.56141568118706,-2.81582217329969
-1.19416372041853,-1.2751141741675,-1.14703099660306,-0.00451077057883853
-1.68774394234577,-0.561279601250981,-2.03904792332788,-0.331626905118253
-0.409080452624974,-0.736368938234123,0.121193155997065,-1.11685903740376
0.493713116990262,1.61712474806593,2.2041774948626,-0.254575718506941
-0.346198246308561,-0.869542039636426,0.334461347376885,-0.228131060017729
1.36396511397291,0.405129284663503,-0.420198997263845,1.23640439168281
-0.343740408460825,-0.0205552861471068,-3.17849982523928,-4.14612594182008
1.13926486425919,0.375007613385004,-0.159258477476841,-0.763164165838353
1.59845896686836,1.80061207808099,0.421962598556023,0.82217511150754
2.09861621079856,2.08304545310724,2.89659493061098,2.04948212326841
0.439349077558043,1.53472671718446,-0.438462915434663,-0.228723141948422
-2.09726577688661,-2.51565910286102,-2.64147261262635,-2.07791604765586
1.04576696918828,1.0961377096524,0.977903332842376,0.480643861144232
3.14655559806171,2.22098437880865,2.97207401229954,1.28190332788565
0.576416113718901,1.62053930732639,3.20613567270801,1.02755639499635
-0.252616105874899,0.295658178057495,-1.01824941831665,0.144304015032692
2.95568439636949,2.39784503532377,0.661841728423744,1.72788288261263
0.324817102602958,-0.726571603273264,-0.265996399002637,0.90309297589485
-0.643789160405705,-0.872405827825884,-1.40996023096055,-2.72516334538999
0.825248326772336,1.56890894632014,1.16862831796795,1.88414900828174
2.32626283969153,1.21955005619891,0.38499554343479,0.450555809833826
1.441834577453,2.11904800931178,2.2272341212735,0.799074747862751
0.202644482679682,0.015981575727909,-0.143512050150066,0.54234446299477
0.425560228240066,0.13527522514924,0.39199875061945,0.408328915348283
0.350735660781587,-0.649303035988576,0.811897980469928,0.0758692315238469
2.33307405804707,2.44863111152895,2.94730898622745,2.35829622236448
1.39777047613633,2.3681874744166,-0.942022887877914,-1.42267129078411
-0.0941388900189211,1.00409243471355,0.497193053667575,0.198707574692189
1.1322207175212,1.17145795142249,1.81895449455274,1.23351392314839
1.83970647437067,2.30289577498092,0.867100230368943,0.600878554771565
0.0942146180678609,-0.0493505514493406,0.597099761037066,-1.15754862697743
0.430860448480225,-0.362005911352256,0.759770146956438,0.483409086136695
1.55401841484518,1.22275457023376,1.19936729993625,2.54541782181762
2.39938087036576,3.31721074615907,3.1767366772608,-0.093407134719897
1.31000506921656,0.944055487097498,-0.0821014780093661,-1.32527647309318
0.0655075132279289,-0.123900200613924,-1.63436255504814,-1.13771332733177
3.88248541413822,2.96590786553088,2.63547690195221,2.78610953649447
-0.207326559959216,1.16682969215633,1.77816131550429,-0.0101624105139053
0.0954010829006816,0.360413161265362,-0.590468128306809,0.385317552255578
0.861479310059497,0.93194042111994,0.0281564243599138,1.12331436601517
-0.6827571155865,-2.24879964171035,-3.34192394440713,-4.45421044876791
0.514938685856068,0.222411666145229,-0.419314606141052,-0.154888945815243
-1.02409443133364,-3.735099989197,-2.49298358197884,-2.28624158456524
-0.188491278242952,-0.567242359447966,-1.22925236278357,-1.88798134518569
-0.0609071258664396,-0.736078558211869,1.31816624618903,1.43700164561111
2.2573592613037,1.79604251024768,1.5593973463321,0.331889106668719
1.68842785751421,-0.147398181681738,-0.762300576006871,-0.415903798264011
0.796365335408525,-1.43640559448662,-1.14631343954875,-0.800990828807163
0.978363198328831,0.122153077556382,0.219261873636686,-0.939683579101918
0.0578174135157848,0.336888338764388,1.09205310633092,-0.0469665481800043
0.272880453011891,0.0335822430038971,2.17190773685778,-1.60663856391204
0.710586175547838,-0.685342506419542,-2.46306550683571,-0.952249800868607
-0.867061527358238,-0.0682525717982845,1.71552796061891,3.89752297891062
0.295935667826231,0.195236624418389,-1.61233757867606,0.463025367876801
2.28121069260354,0.525669257077035,0.791365933397999,-2.48113662096367
-1.16985932865872,-0.727512513549687,0.290774636354962,0.011462806046861
2.39572440457874,-0.250333581464388,-0.82555301288359,-1.36200428696449
1.75238389139478,1.26925053020456,-0.926517041638141,-0.880937975803678
1.07267471358553,2.24316706888481,1.37559388651952,0.329226734627355
1.93135566917338,2.71458712826654,1.80152479837346,1.42219460278432
2.49489892636558,2.50609825213803,1.14466194093845,0.785998499319804
0.270561453086996,0.573576309268175,-0.945115661392741,0.906098954889321
0.768415996803089,-0.503064599812498,-0.945302882242991,-2.83081425355429
-0.388302236636332,-0.169237569388451,-1.65914420633898,-5.57613626752926
1.77446437456989,-0.246506264164521,-0.392361666813517,2.68593036027967
0.233701178455536,1.38329470379889,-0.160909262942487,-2.56833303187023
-0.31458689677121,-0.181998750221442,-0.884941183787921,-0.397194645648892
0.653620122314233,0.17925538272876,-0.137208117268373,1.07914382483984
1.47143422484458,1.30205015495822,1.4736823683089,-0.698385020690824
0.624063728007764,0.21920258835877,-0.0531374348078518,0.0358609474248485
1.56099176565667,1.00431729030812,0.578345810243047,1.54944500479307
0.317294948860543,0.614357084661299,1.15765950722024,-0.393058631967822
-0.456291058714726,-0.852890225134092,-0.847735657507039,0.521659690558347
1.77328509940304,1.60112344168365,1.52734613715272,1.53612001419045
0.798678753201714,-0.238392375919251,0.101401390913186,-0.376892328068204
0.308588933179023,1.29501702166267,0.636628086118319,-0.657915356556267
1.35976944000359,0.874817453903013,-1.89775081215919,-1.22568145160743
1.24952014667746,-0.0697589142518478,-0.45361868926225,-0.772818898675232
1.81173912399197,2.15234335315582,1.86508515430882,2.12439714926632
3.77027848043319,1.20215890716938,1.28694376260144,0.22783671089173
-1.28748475969749,1.07786530201775,1.2828152752433,-0.165877313345585
2.6230613835884,2.21733505434732,2.49265827949046,2.23444483566417
0.309476550550435,-0.130758994350836,-1.43124210935935,-2.1143993504716
-0.408418143110687,-0.289601548922534,-2.19627159977182,-4.38873054211317
0.515544918188624,0.634889795233677,1.28934052169663,0.9543013282666
-0.935817119767027,-1.5153069533792,-1.0377253287469,1.06528556689618
-0.93668910445109,-1.20205632983285,-1.04543425473473,-0.0294006211778555
-1.65330543729086,-1.14453610248099,-0.870789815088214,-2.04200724439058
-0.848864482456127,-1.71773559554895,-1.34396252819686,-1.43548658925507
-1.61000621517182,0.771541460751827,-0.081962835463491,1.14114662344297
2.58837960342048,2.10209350862863,0.916570912919444,1.01967846314071
2.00907858435656,1.93998788627687,0.615646251346755,-1.25297631432972
2.13556385748249,1.98417241979935,2.54422498816608,-0.599616362941715
1.11523916063814,1.34131518826628,-0.0980433238652828,-0.840043326513076
0.707447089879602,-0.800970271464927,-2.82688192007595,-4.22782499660362
0.720997209946178,0.440946757476136,0.335126228342795,-1.03733777883753
0.908155597558498,-0.240557868328964,-0.445365317549497,-0.70416998001126
2.18538236094773,2.40124204950275,-0.324537962457467,-1.51317965828069
-0.275314088407545,0.361784074585517,0.769718378278462,2.12387872965339
0.876066285783746,-0.491327229321589,0.949949300241786,-0.5736116788067
1.70808349465312,1.67984232266723,1.29712403164636,0.526051964970384
0.589533002516808,-1.83339586528817,-2.16840728941701,-2.37267853467314
-0.552818005906569,-1.49921269779031,-2.51815253261019,-1.50435642846599
0.547151465387214,-0.230035805466874,-0.579782670031436,-2.74457964724982
-1.14729875976814,0.164576350374768,0.722922987978963,-0.54456127997484
0.230792805459033,-2.23625824134956,-1.97642122690552,-0.665911815299471
-2.00407281829509,-0.743636364479223,-3.07104803702059,-2.20254311713655
0.448504555885744,-0.619039440443452,-0.012535049074015,0.248382679709532
2.54739874741974,0.998336541183746,-0.271030021172629,-2.69252473563286
0.2713104520531,-0.244235381104002,0.922129714846979,1.45914406650779
2.54821189006313,2.70219166468327,1.19177009320419,2.75647958636755
0.159710769495094,0.620077579151724,1.56809002248532,-0.247451309410297
0.597380103215285,0.184876570230507,-0.135858206431047,1.36606278041703
1.16166344613053,1.07864287030005,1.08240140216296,-0.359177658092322
0.920766563701909,-0.368660400348833,0.224602716797014,-0.22565088313631
0.55256148603064,0.436440810222166,-0.445096253653271,-0.434861926873288
1.51455273784531,-1.00142266377485,0.491138061536341,0.246671413469354
0.0506038028160478,-1.07369511535405,0.488187600152604,-0.995835519388973
0.239771037598527,0.107941909534455,-0.642217906470857,0.00379789400541841
-0.708275433544817,-1.03010449337488,-2.15461578415129,-3.21242160138318
-1.37215810742008,-0.641353798610226,-3.18708742134229,-2.29185348939683
0.946819867675606,-0.478077618478892,1.04493726794713,0.264232865769583
1.41289471809047,2.00943682348061,1.45227529129396,0.33628117663678
1.62010690024683,1.19091989934737,1.22393781697871,0.859889318109316
0.806996206205641,1.92026472200563,1.5633029529665,0.228205163051775
0.721073790674564,0.668344161824189,-1.06451256951913,-0.824204448179703
2.39462494473015,0.699568776454153,2.81154642573862,0.330377609441882
-0.0806132258786302,-0.119105420068416,-2.23262446773831,-2.70938810607394
1.09604761523101,1.04878131202329,0.342381726834014,-0.605272577884559
0.304145250486124,-0.066512550679212,-0.720432318805149,-0.34290159939407
1.8745889600027,2.27318732616268,2.51905414184729,0.905434221007131
0.474254264410246,-1.40949769686868,1.1196039170374,-0.289862565699485
-1.48496700871461,-0.825164247861695,-0.410361858149074,-1.49674554608778
1.0294458512641,-0.342277825642812,-0.703569806102495,0.0761114693646464
0.111961949110361,-0.200397272708933,-0.426372029861342,-1.60953458755783
1.56150368608812,1.06301661733292,-0.445419501252675,-2.73779177809562
2.01515502374796,2.77127423230385,2.18942934498158,2.19730354137437
1.72010262970677,0.598964216009126,0.25862181954175,-0.749529273540047
1.92415193636397,1.23538173464057,0.744942625483817,1.70929751152838
2.19254135392805,0.0484414977515857,0.238507728787717,-0.866891295273161
1.01636457055434,-1.2053483104623,-2.24213379825751,-4.30191367502038
1.03304511895835,0.276569502362502,-0.0318963448580619,-1.0248915697835
0.0570987054856829,-0.651144121465641,-0.403593966601583,-0.931418240416598
1.41763790884972,1.92522234654919,-0.0486300714718051,-0.45780218411329
1.48007524706729,0.282604896894998,0.377864715541383,0.501984263019202
0.856101407550918,-1.46068646449038,-2.32494111092374,-1.90117112222662
2.6480907270828,2.50342782223973,2.08136116285956,0.0612339313368311
-0.35291676724506,-1.30584566220061,-0.772191473652529,-0.558438466546057
0.816686741375336,2.73361483292091,4.82458541230394,3.67062446370054
-0.932357881926435,1.76418702454735,2.60367824360227,1.00084144778591
2.24590713998175,0.150285900364644,-2.07623457975452,-3.04580538437259
1.97819890403973,1.42788179794878,0.797321031225628,0.136203706813074
-0.124749642094578,-0.482287073899429,0.101769640655022,0.762026113084499
0.00189138779552867,1.67362920629784,1.27158479026775,0.487907065459638
-1.5668170778726,-3.15600027099678,-1.20207682105288,1.41159309579621
1.65470124751727,1.30317522030322,3.17885553669831,6.28914548672697
1.28643646126983,0.414209535595742,-2.12162071641945,-2.39060741460839
2.02042465024839,1.74976925336032,1.3730730412587,-3.07984234350208
1.339703210983,-0.573766353819785,-0.375710785708949,1.15493846487821
0.628836699509594,1.10092289819285,0.276052390777366,-2.04201302623196
1.84035889020247,1.27647303193042,2.90514124100764,2.25967701882539
-1.05948172626717,0.492342888743406,0.422992360355641,0.444000885916072
1.00932175921039,0.711568679980202,0.197374375244807,-0.64987988823032
1.1341900570649,0.978633011333206,1.06116771493784,-0.0650266557125678
0.712390214587817,2.35474341661724,-0.281858764201125,-0.015982647287255
0.664963915694136,0.352516709723617,-0.391070681086529,-0.877383553399457
1.76273674678813,0.0486879239958031,-2.20142168860017,-1.6905178552748
0.856367867736007,-0.248714827374021,0.361304646319785,0.265712453674171
3.49095206044382,3.15295330535393,1.54391157441256,2.22606558539733
-0.0527881174191425,2.86563622983101,2.19624157609907,0.632873371640782
1.66658198509672,2.63269684689935,1.32965353496387,0.42869441366859
1.3994185668182,0.0557269841778932,-1.02172004261351,-0.66392912356134
0.135411231331687,0.219285513938029,-0.373152346148089,-0.705224468453739
0.690367008286717,0.723035978531182,1.97489965173508,1.80637715481994
0.551500151175949,-0.0829869444150215,-2.00546525328408,-0.473157846834017
-1.52462571143951,-1.07803525487542,-0.551508754856377,0.0371560301033508
-0.231348586498338,-0.449285048731083,0.228909443228287,1.41722300249477
-0.369152309997133,-1.70811808720738,-2.12426914562786,-2.41329133946685
1.11609807645483,-0.175820479002161,-0.629240205886181,0.777291654717181
0.0532301165144161,-0.200925429228776,-0.773385358700039,-1.17636730296296
0.688959500917996,-0.0234768465626205,-0.826521527280207,-1.53557311972598
2.221420428505,1.55742885976777,0.808174203805774,1.21792670522855
-1.0755584696774,-0.434717263380466,-0.408183819754997,-2.63070659871103
1.20084679876676,1.50989911447822,-0.421930491390645,-1.13886963234722
1.04681248754586,0.422962323683489,-0.28073040865629,-1.11538898021207
1.60556652339112,3.23056892935394,3.44416623505576,2.73454744505705
-0.303578929302107,-0.928404134055988,-3.21467965196604,-4.28709371944957
1.16567011958252,0.251836643983012,0.373013433533311,1.32571965053881
1.62213677771404,-0.651445734868468,-2.28688964241293,-0.583372337307944
1.61543477226152,0.303974045090196,-0.343003623941013,-1.69804335363349
-0.67211408294791,-3.02986428170445,-5.17057435727841,-5.09029184464114
0.237399360011526,-1.27655054049613,-2.10734928147659,-1.71917672231725
1.92251589133321,0.311369161592175,-2.59926988369281,-2.9582631695662
2.05835822614924,-0.0304578548892651,0.404673885990166,-0.152958967987078
1.03371208111332,3.35855197351354,5.69291575576397,4.54100638184271
0.380623200957143,0.143549264986851,-0.495394099523921,0.838692355449662
-1.35175345260018,-2.79560609764534,-1.96793124809658,0.0155634050573927
-1.0502631839556,0.0405496131553675,0.0256006637910838,0.211087424907237
2.33721149818279,1.59918113199923,1.37217507192945,-0.989645707287336
0.54401046053068,2.24369822627892,0.170335445441099,-0.0378829969720607
0.212793034622549,-0.203265941984147,-0.967004152618294,-0.666062322901142
0.967164958451204,-0.563729650608727,0.909096184180838,1.44185616319408
0.312386145712254,0.849031920516504,-0.710416025726698,-1.66995761607082
2.36516780920816,1.76136779075806,-0.210512905859077,-1.10107602272912
1.26250824631707,1.2281651091014,1.08072524668561,-0.737576202708208
1.14321999183613,-0.875329558484798,1.28163287806217,0.852277836517362
-0.295284915935406,1.30685336911594,0.12516252534664,-0.607497744052005
2.11715650213211,1.72012316373866,1.6236692605323,3.14813329752445
0.114395700818968,0.0451489230661689,-0.898915997669953,-1.18039159327365
1.24430988033553,-0.526924492349473,-1.13694900420981,0.228843478184648
-1.05909261122306,-2.01745798576506,-3.37608916198211,-3.42834503475091
0.569228429618357,-0.0482776785809949,-1.57180307339481,-0.082202561745244
-0.574377407829473,1.12115429162081,-1.88553843623436,-0.780763889168386
-1.11281660980046,0.82674494146657,0.293115017706726,1.23335937450626
-0.862765308612302,-2.19689704442134,-2.71164857322874,-0.384636881042831
0.585177404602557,-0.548830980553791,-1.44825596350838,-0.0707264114397441
1.66378132514855,1.74629821061348,2.30649370487093,1.23657245593214
-0.446084056439928,1.1698512825603,0.0467355302865774,-0.66283128729571
1.11981693614364,-0.390057128990657,-1.52505242921471,-0.811854066155942
-0.663741026516819,-1.66918903533082,-1.08210077107362,-2.64047246321481
-0.00499883926377727,-0.167689553133656,0.149664370344282,-0.96587148648033
0.277556370124244,-0.503161525343548,-0.326639433394159,-0.250697851800903
0.409950323907076,-0.210158505619022,1.7084383224965,1.19560682239139
-1.3436630966116,-3.21900860918388,-1.80752706927481,-0.332585671241136
0.775082858498287,1.63202929768568,0.174114323584021,-0.174792171926196
-0.628179017968213,-0.865850688042223,-2.31931788508179,-2.3477071390304
0.463212815534028,0.61902935336846,0.691172458999824,-1.70249409313486
1.79916333483711,2.13039017791668,1.6766810470006,1.77976680657038
2.02120642363712,0.819672490843299,1.20545957149848,0.392584909278779
0.753845974308227,0.163914645129314,-0.336515544946655,-0.306781355736498
2.76371743370778,0.927594470672991,4.72358230267706,2.07196316237955
1.46917863997992,0.543807268345367,-0.00756766519759525,-1.62348291524548
2.55584929458678,2.8393629154202,1.52926577158825,-0.485823737040692
0.15307745436256,0.973362628815455,0.37827724280831,-0.0465746509271014
-1.12711553033454,-1.47643728546843,-2.10895485612959,-1.27708278049237
0.446765659355406,-0.405164988115411,-1.09611422456933,-0.259690370639254
0.533838976845612,0.238435527792118,-1.19546096523389,-0.167353473640092
0.182876049097116,1.15521977231482,-1.54992744782286,-1.17431939253552
1.17065531876342,1.74252244199481,0.367339902177518,1.31283312906037
1.99886069777344,1.8824907108174,1.46078976921591,-1.41848799060766
-0.166012627960122,0.51098870561439,-0.219421206151783,2.43719079087102
1.59594667504403,0.385668797810471,-1.36150325400141,-2.87148986696147
-2.53361194954477,-1.07425006504716,-2.54863074402796,-3.89182928220349
0.542663112162002,2.14705063538945,0.912329164287054,1.08722845926769
0.907115889309342,2.3207220759199,2.02617489036694,1.60990032587387
-0.636184768846787,1.64372818384295,-2.27397888109728,-2.32677723935367
-0.0122529219842732,-1.22341359509439,-0.458446553081942,0.71468860974387
1.39549080184179,1.6647534989218,1.13504359588509,1.04031433889007
0.641544475885908,-0.2836871803615,0.247084353646806,-0.717502683011095
2.28593744045103,1.69076751006515,1.46119512685381,-0.0787003767824075
0.49835254896543,-0.909904903787419,-1.12484476548935,-1.41819878391699
-1.22009501331794,-0.00811100693811695,-1.19771955746541,0.441674111069848
1.01498765176979,2.05300230583576,0.355308248810599,1.2818757065555
1.30791507712544,1.08569284079933,0.382129299837939,-1.08618620589808
2.45580801444715,0.973586714784689,3.55328826767888,4.12047147908874
1.10223611606955,-0.00943285244377895,-0.424513003045387,-0.742725216168654
1.55682881442079,2.28177805459903,1.98772870684768,0.0973842497982733
-0.0575498117479656,-1.1006509623769,-1.62224597112233,-1.42192437904149
3.82728989559468,1.22524869494568,2.32653360946574,-0.393144904286661
1.7842787906596,1.44779125398291,1.16660141591656,-0.614272701608449
-1.15030415648365,-1.71759660969448,-1.34827955891696,-0.564712907643209
2.73246750853686,0.667820863287178,0.199970684132344,0.420381559515747
0.23602507789357,-0.564786408839169,-0.448348049864491,-0.351739082191951
-2.17055661208633,-3.44966480387425,-4.8081738950369,-6.58787538174336
1.47392787259701,1.86299459440096,-0.899260680358598,-0.475023050849798
1.76353793071712,1.6244034143585,1.73995404932589,0.963430809621584
1.20619981917476,1.24740119844289,0.794702449339891,-1.82887033236959
0.704295791954876,-1.21318190732904,1.18350478750522,1.22363517864669
-0.274631730125138,0.118589855548696,-1.01908878074347,-1.07987133003002
0.842984001971102,-1.05464515648581,-1.28555176428263,-1.94482575710728
0.36870784353884,-0.533309766293157,-0.579399547081821,-1.34707519664746
0.226384234854333,0.469551170331432,-0.119775401685669,-0.104704733266706
2.2821175990665,2.24742657490218,2.2249704296656,3.3427980338093
-1.16491140759259,-2.24621439447789,-1.63514303942396,-2.81996218459987
0.975743766543324,0.23536565624039,-2.37948186173293,-2.00062946926491
1.11891619503312,2.53545151971888,0.198001576377657,0.134531962750698
2.29790652130237,0.917899134854659,0.457796150113504,-0.242420727771224
1.25768923705128,1.23967389071738,-0.308397035372586,-1.34536468175581
2.56564796545009,0.360866338314575,0.731507341607765,-0.730906617751313
2.35038302270299,0.818370793720762,0.0493449101900889,1.36873640515932
0.499596815834671,-2.34732022272477,-4.3401114111744,-4.44914305243804
-1.26826851563588,-0.998988021699007,-0.389570360235651,0.382834058768658
1.1717695420193,0.0785636288441366,-0.961935691257035,-3.1041992392165
1.79141660384956,0.330658746838074,-0.315376840478964,-1.47852712421332
0.776720657798468,-1.00266812177337,-3.28619485082402,-3.11869306435237
1.86187414356242,-0.506179523852882,-1.81666378673448,1.43280869804881
0.803873948988676,-1.19799884967558,-1.23392153534725,0.158119504883763
0.776158132623308,0.816786968121512,1.10994916051879,0.801319503063496
3.48666978119359,2.29158163435289,3.49767398694044,0.421206090454814
0.553275956376257,-0.432303872246236,-0.861663841070064,-1.19427734724401
-1.79902443498977,-0.911810891848569,-3.26648542393994,-5.61582163707569
0.589763644144295,0.187830869754649,1.05716458078659,0.774868238069201
0.906011189557522,-0.0198756198694639,-0.290473927279957,-0.20894402652712
1.23277517397591,2.243283624289,0.661517692136419,-0.521952743156826
3.36877669238723,2.54775036447104,1.3203652185201,0.4655748804902
1.21649137636699,0.492841473273973,-0.58484432105558,-2.32104930625177
1.15978916129547,3.37838345654596,2.68560868717526,1.54870365487091
0.41924954182815,1.6282737436353,0.887380639410529,2.03172889228601
0.409449904026182,-0.0794806569313371,0.296783696632574,2.27320732251031
1.29282870596299,1.66409535247091,2.12675046837724,2.65050048790174
0.592541525899904,-2.07543227834283,-3.84094923044777,-3.7939680829942
1.46203921026229,3.08703668460946,4.88793401567995,3.33211722925536
-0.175005521803249,-1.29511507369315,0.327411521625498,1.60585740902236
0.425423347982236,1.02692346322309,2.5830189985086,2.65050016601691
2.00011887078964,1.01690377594303,-0.0512541959554413,0.129194846309663
2.52839394739137,0.222605913388316,0.47520651262105,-0.332381917681232
0.330647431573139,1.69582507451335,3.54552475430929,1.1660710931051
-0.40392538210005,-1.86955221745813,-0.0382669682673717,0.377813831094384
-0.444121560531231,-1.89382530005671,0.0693720110519334,-0.918640609156189
2.9227717844423,2.71788133312825,2.59654426007203,2.33881976610701
0.217215350341317,1.09373049006665,1.45352510030568,0.44605479919122
-0.501062266615467,-0.181923443318602,-1.07256023871932,-2.67913903225453
0.515233128086596,-1.29363946663767,-1.08826140438025,1.34776248931156
-1.86362606758017,-2.88433885531131,-1.52289341280769,-1.96757601149132
1.47138162265503,-0.131700969434244,-1.54401562145259,0.171800889586194
2.25626610595487,3.59266331981652,1.52244680125861,1.56773154474732
-0.954024454648378,0.0173130274466636,0.869094208014556,0.0848300629160249
2.96844601669883,0.885309459559207,1.13088819766513,0.765357746960401
-1.92061754043364,-2.36865811252291,-0.805365580266415,-0.302209167024658
1.98393681958459,2.66663623663351,1.65275812212703,1.221622086278
-0.252935258515539,-0.752689224643378,0.479588777141175,0.179926698514672
-1.31215102956945,-1.58387377509266,-0.0970120328046784,0.648162523018385
0.389882236637287,0.240153222687534,-1.88205699866222,-2.28595754561365
-0.465397758576794,0.22580905554622,-0.0940163902771229,0.0794808323423078
0.191463030313732,0.96629717419977,1.30667437019595,0.627443413581553
2.05923237288568,0.576363852577781,-0.796623482009698,-1.40060457910642
2.01000627324208,2.35567953093284,2.17149360583008,0.766781326275515
0.450882199565504,1.474647098789,0.757333447988247,-0.0933925296532649
-0.851791185239008,-1.98269329573788,-4.62522358378943,-2.28369173228853
0.269794540751843,-1.47766116082556,-1.93106207209883,-0.522940654199538
1.02516496801417,1.48183470159609,1.20630471666613,1.10055850161294
0.0327312608573785,-0.129412083215738,-1.90860089445428,-2.20954204105761
0.504965296601296,-0.612046512374285,0.109614010708609,-0.250186773669354
0.0169782382644105,-2.36348994943082,-3.99638105213452,-3.84911255963902
0.0902144152187565,1.43919337679811,2.84882778447822,1.59689230306996
0.883178226749806,0.695473734261753,0.836522720714135,0.122192978647814
1.18992909280938,0.241130811526319,0.871829961666444,-1.02747752994088
0.455607346034508,-1.19198077100933,-1.65421333011205,-1.36318116542028
0.761169523691314,0.13223218560204,-0.531325994095119,-0.257653358037741
-0.01236643800836,0.956803624328582,1.90725589943372,0.650951875898153
2.22350761741362,0.514358763531216,1.90841337424302,1.76222991769978
0.346663842388755,0.912576936853004,-0.551061782162227,0.111647079942092
1.56262069458197,0.398607240622114,-0.940001709456845,-2.42078626291807
0.374309780114959,-0.808638710137492,-0.399820180191606,-0.787721665095316
1.31826966156968,-1.58600039246161,-1.77326389061038,0.348466342217886
1.09398336883903,1.04424239417463,-0.0157028274281024,-1.20933161590025
2.32406967972209,2.8861302424681,1.26856053191012,-1.41752187697253
2.3371049950907,1.17687308405106,2.24273172179749,-0.332961334861456
1.6297599725641,0.5132737530263,-0.887226201704564,-2.13340934411279
-1.04402950031327,-0.247761421945001,-1.03847882935827,-1.73619129921725
0.999099273648004,-1.19469269352605,-2.06454201260541,-1.29709993226983
2.1231687501356,2.12088607067865,2.99160996948553,2.53811857886079
1.44924472577004,1.87154442230144,1.32264141379286,3.30622319640503
0.50773334107645,-1.22603537120757,0.288856095915264,-0.400919222775601
1.58205236300866,1.29363479538156,0.869021552280234,0.113711413710727
-0.599568396718325,-0.687927330495816,0.216592384730471,-0.153523927451735
1.38886216523854,1.27952392812644,2.24837859113584,3.03817038906425
1.43306661446737,1.02554040725618,-0.82892273711227,0.496652875839476
-1.17018016064822,1.36882816924441,-1.0428236691218,0.123193180260364
1.60625655907158,2.31010250273031,0.269686643878804,0.728536727879849
1.86959800167429,1.16354074473785,0.955506722466913,-0.340816998509177
2.00884744852614,1.25904077106565,0.681636804665658,1.50107614851064
1.57419494924116,0.175198308871354,-0.59577044504152,-0.279484239256887
2.47985576128422,0.901814169161793,-0.66511018202904,1.00873400541548
2.92851459844781,1.98097228010208,-0.0185827221185322,-1.86764454676551
2.09812262220732,1.84153759902002,-0.559448609230845,1.09504605656661
0.089369052834632,-0.850080622947533,-1.73617764107281,-2.49722880776037
-2.18740546652552,-0.68647005198135,-2.92137688030174,-0.741951710613906
-1.01388450156822,-1.21308978910935,-1.51438175187521,-0.205364976251578
1.79162725240072,3.41945346323703,4.5134366722468,4.99914861851378
2.42353575913002,-0.3939425529711,2.03846876370052,0.356107188914724
2.13447735377084,0.837609521597392,0.787969987200406,-1.37928685906233
0.754595514832758,-0.270646786617056,-0.0756221274295049,-0.315654592485876
-0.536883386638546,-0.22519598108344,-0.455208212099987,1.09814494804344
0.146986389512857,-1.72388242933005,-1.58899876608822,-2.74524970711124
-0.94377788384753,-0.771310417573204,-0.991315862691511,1.03394912281938
-1.38187504055016,-1.32592014416339,-1.05672854205833,0.366426235276177
-0.84273123884977,0.392317452105429,0.875195899379574,1.74948430636605
0.308872440955404,0.708268215622763,-0.709862229124076,-1.60813098561588
2.08895380040659,1.80568605730031,1.66843221125311,2.83825118397898
2.83237221120476,3.84030527075632,3.60426410784442,3.13958290109046
1.47948954486297,0.603280835822687,0.631785733377276,-0.509278640644027
1.80730095576925,1.7659963266452,2.85852403252972,1.70444317572589
0.258675521927365,2.63487498492114,3.40554405495944,2.18585950518917
-0.529808451217046,0.931529528414917,-0.349875589356434,-1.65063511136725
2.61806712231346,3.215680837556,3.60806087114719,2.94567824471216
0.352081065842774,-0.0676512894126109,-1.07172807131471,0.214311555139136
2.63167226403518,1.4061006985142,0.648477442000201,0.289642665304767
0.26287282372107,0.223480632057942,0.288346471312865,-1.46005918518507
1.25432844646441,-0.193640216275401,-0.564284948790293,0.773416225427397
0.259905625370225,1.36537500680774,1.35566745271352,1.36884999307001
0.130305960901184,1.01175979759443,2.35872556883502,2.24088690756731
1.99841804761012,-0.493402814709199,2.17145018798528,3.05385667707097
0.232722190999245,1.06786206339537,-1.69779696259234,-3.06649732822462
0.913037435241282,0.126247313589038,0.610476675392801,-0.185826513032134
0.557328190662413,1.4889136507212,0.293550816079613,-1.46035311930057
-0.238091156761219,-2.90650545198523,-2.39290781684326,0.455691086793497
1.44589198102285,-0.761418395676324,-0.780028422278204,-1.36234134520575
0.155654440734793,0.193951182752779,1.28004606890079,1.60955237912671
-0.60811729934751,-1.46516479313268,-1.89940239721886,-3.5572264989562
2.94630772258064,1.86974099493651,0.0609937710277277,-0.524005514534511
0.446288319837042,1.08331630632766,1.14251488660214,-1.34870364433433
0.453818967479537,-0.725729428846287,-1.94835393020014,-1.15653263547284
1.21561173210479,1.24745903098728,2.34930406327891,3.55146188093604
-0.815509790350045,-0.0247968867088721,0.64973215411552,1.28920790414125
0.796612595959881,0.883969903806796,0.800616501092763,-0.650728777048001
1.49468560331897,1.11135691530902,1.19403700243028,0.489277597086938
-0.805063805026754,-0.803145619265451,-1.29939254649739,-0.807263023439504
-0.0154723579193574,-0.153862925755289,0.845926904625203,-1.28298266892613
-0.361072685115084,1.86029215508695,1.91509952923891,1.27156702412245
0.696642936933551,1.25293085283268,0.513686169696416,1.22317250755829
1.15290250091114,0.603229215832076,-0.83467737879086,0.705992085274756
0.873976500503796,1.91548528934173,0.930725161755154,0.568238298871654
-0.401053384703193,-0.578687935478193,0.0935195994894562,-1.1959786484245
1.30127402517196,1.2862981266496,1.04004874863063,-0.303281720831167
0.464824355234606,0.0880111513490872,-0.118643033676178,-0.351929016545892
-0.926870678260127,-0.172133526877128,1.38947287482877,2.42859780302937
1.70879328888372,2.18991330701758,1.83321255456244,2.15248196089313
0.755615110276183,0.248273546575671,-1.33480016206631,-1.46630665702424
-1.92233788991509,0.3406284378257,1.0132853323922,1.46007264932799
1.51405431344813,-0.636528796392789,-0.411741765183742,1.51886957366658
-0.382216491355197,-0.873120963646703,0.597567040794392,0.794713425992466
1.35047207496076,0.613433488324713,2.9499796454255,2.20125161045431
1.01002342663555,0.14666681440946,0.988237590750516,2.98551302315271
0.683299757632619,-0.53049489026355,-0.729770625911141,-2.28209980945119
0.485693743776841,-0.448373957645146,-2.03852443326991,-0.633263929536268
0.507393514579107,-0.492433578180808,-0.571287563195186,1.05080000708043
2.03678702391076,1.91080101709519,1.67932832752763,-0.869264860100558
0.0800419098177451,0.339517312322107,0.774731102297448,-0.231464293307846
1.64188736493978,1.69484138546242,0.537412623137867,0.542170336792689
0.899878119305513,-0.286847916738933,-2.02888290288578,-3.63653301139513
1.24145077183107,3.62068235118254,3.40478264886578,2.48327655969211
1.63029754117094,0.918580830858094,0.367215915123191,2.63849511225518
1.26446305049673,0.589680746609649,-0.0425059177259468,-1.59332691885966
-0.0305720024505531,1.69875092670017,1.49044317679185,0.0428149146682073
4.79629387217348,2.30196177972077,1.08736049049377,2.12201097853087
1.46648177083563,0.6670197966213,-1.37725263880088,-1.56504206439283
0.142020151937796,0.0666460479972897,1.21921519740696,-1.46653945092946
-0.578381907676227,2.13945605497924,3.29156459674692,3.6702650230433
2.15382606154238,1.39693209551184,1.49150979901785,0.973006503859394
1.11553182474887,1.45011121408009,0.158894292533098,-2.71354026410914
0.654129224052733,1.30918965317148,0.769723748918908,-1.04994389298149
1.40940863593582,0.122001033474591,-1.76120389656072,-2.69014640773019
1.2787067243709,0.169807020426135,0.575231590197703,0.589448339492494
0.397744653700627,1.27953031147284,0.0744738119092537,0.0787466189349219
2.82009018064945,1.85534642095231,1.09829642432925,-0.218985472311553
1.18384891013495,1.5735308573073,1.74224292055019,-0.143854090854355
-0.897015591183881,-1.03742473004756,-0.623491247487886,-0.638376599850246
0.499579068196896,-0.398037484534452,-0.601464234094809,0.0057994435664328
0.547431007719813,0.92282544933872,1.80693057354025,0.790528194903948
-0.709315033604867,0.415727844546047,3.10492260316473,2.9579600926481
-1.18375110126931,0.641305018080783,1.64591590361509,1.47375590483933
0.700430145867894,1.17357894591513,-0.000837505358117496,0.102374535138287
1.20958575663659,2.32376587641365,1.03627577046573,2.84039808487339
1.27031938854888,1.27430199001137,0.533598598427251,1.53081987351282
1.48291210083982,0.170012212289524,0.305402327654618,-2.16510520166557
0.288899795938041,-1.2642845340085,-0.866564362428394,0.993788871882507
0.468858365745626,-1.6598915572444,-0.925784556130194,-1.69383505806818
2.23964609054618,0.3400373307533,2.64158462979917,2.3100098026533
-0.423033421771061,0.975315548138213,0.474750394419505,-0.581057890015551
1.11541624215251,0.0162854931360576,1.21110465047946,-0.756984299690464
-0.535385723266379,1.26461593950804,-0.339052224530437,-0.869713717722628
-1.29247958263871,0.945380142004869,-0.278931374865248,1.42593553294345
0.145357476422986,0.571360717643009,0.1394495722572,1.95750537677813
-0.057870447089749,0.16840953828974,0.840827743983229,1.12419172127654
1.57095682739427,1.50171018184813,1.46614909961932,0.233813737309594
2.61915283916152,1.5716108878877,2.08320325891182,0.61362775332724
1.45906552505895,1.34665935345772,-0.121995059188025,1.08238761302543
-2.05897645532116,-2.2179894355046,-0.819821332701996,-1.97939345299929
0.826456683645743,1.09326922376015,-0.151049196425447,-0.0728057196632348
0.31347964585343,-0.0398454603566712,0.0974910598326485,-1.82231410205927
2.81050868781575,4.83283760852635,4.41510608742841,2.9273082224699
0.678338486722955,0.65769533354091,0.810421721914437,-0.783136853952407
2.52970634381747,1.6612883679458,1.75316652399838,1.01475576499563
1.78917628914467,1.11061720340525,-0.728678979996482,-0.803691046649323
0.165124682796924,-0.633046817051942,-0.486334841920193,-0.727817419465911
2.29299148726171,1.48256069853359,2.18746301025615,1.37275079317857
2.05213216270867,0.87165376546053,0.0897438852790086,-0.461074892208449
-1.99451433965538,-4.19437728925431,-3.33096140350557,-2.08113253554281
1.60004712665045,-0.271094274555687,0.0278791080656921,0.36677975758185
0.107127013599169,-1.33247355914215,-0.661291760587858,-0.38674784746487
3.02772229007624,1.39948048497065,0.704444280035903,-0.0896967521944273
-0.484234263424495,1.25802023984044,1.15932967872212,0.192718615754417
3.26148276172036,2.43699834059005,2.61442995846184,3.2821900366649
-0.824521298224433,0.242751400491215,0.18422252337122,0.358451650334257
-0.340854993581907,0.452325393446984,0.844681622704653,-0.295378526633456
2.80424165556326,2.70137913405355,3.39357655119588,3.59907122900167
2.32118571590147,1.99889399056344,1.06461588827805,0.68294390427453
1.24180635935672,2.36289756335679,-0.121391000378241,-1.37827963365196
0.0869271799969304,0.689391335418074,-1.17821526138753,-1.41886821846599
0.611002911962439,0.849099177575608,0.329255878678652,-1.30109889174918
-0.199895646867592,-0.741066860572304,0.768527064705694,1.74794506722556
-1.10430281396069,-2.0313266257542,-2.40123850319191,0.527739675555348
0.218286208600734,-0.401930668949605,0.687356370417933,2.18903582520317
0.704513669256691,1.64559288147203,1.2901769129579,-1.12904420086196
0.71054519111588,1.3222400798653,0.173867505270708,-1.35702425044526
-0.954449183149661,-1.15795506532581,0.17555993843487,-1.5029682033692
0.649272364198979,0.0359048314119725,-0.114680024757207,0.366810395066142
-0.547042976735951,-1.4282615660788,-1.79798590197978,-1.42997199913256
1.97618208064615,1.65288138370496,2.53211360652187,2.60756555975712
-1.01047395649654,-0.943143143170053,-1.921021347756,-2.77196685570318
0.519330705274407,0.495610038945633,-0.803696922909543,-1.09702171369577
1.3202847957711,0.474845332020709,0.295545112552187,-0.887718127396113
1.22148626458928,0.951952995779649,-1.10801564824352,-0.334582286464575
-2.26240648976811,-2.91069549458559,-1.06934039178722,-1.80526852344296
1.48786761281558,3.41101421942022,3.89963603403877,3.09503663968658
1.7626905395405,1.23527751829533,0.072940626922809,-0.255034886346685
1.5189251621327,0.995191630334559,2.17470829767822,0.783887408447035
-0.30748713223973,-1.13547879568662,0.446334019376136,0.388597787403691
1.30254238139348,-1.62819733363611,-1.76697826861558,-1.91813975901302
0.848713824683307,0.959492054629816,2.10503744903545,-0.111254080228962
1.91220874608758,2.16663438215308,0.663495708390215,-0.973879720798926
3.47753214020339,0.15948378951409,-1.58548866904577,-0.195871791668497
0.233885968123193,1.36063993510252,-0.000636623252114776,-0.988731297134718
1.03606324259366,1.35979132965846,-0.900925478900576,-0.000940738899132598
0.463610430332387,2.48345964351603,1.7209216024931,1.12035654266964
1.39816502851633,1.24421292856942,1.16403741042553,-0.0148692520336597
0.149208978394599,0.184441040203482,1.2463755957009,1.80729282619151
1.12799057179427,1.07075017214848,0.639956017282769,1.65290223910821
0.738686939316247,-0.486389382618169,0.00722633395747561,-0.664493442007711
0.572308493157051,1.46692492847986,1.18917583593078,-0.112066444496477
0.166744467365313,0.507842990491778,0.98678110594939,-1.01493774106043
0.63412959796871,1.7477038477061,1.43816602127318,0.498520621150874
0.667843910407944,-0.137217839290617,-0.723651795863711,-0.830033198530503
-0.882006382209376,-2.05748361635642,-1.57341370323795,-2.41732988952239
1.2080046648357,0.423832801124822,0.130247196950219,0.996368418359689
0.757153844051194,-0.0268653979999703,-0.758717221350149,-1.79511551435542
-1.0183318474554,-1.32379022061078,-0.386065804793044,-1.60310483489787
-0.26838866376822,0.274216408068438,0.421905154390572,-1.00471748595187
0.999323624958986,1.08604952761722,-0.14544803264687,-0.0199024255485196
1.29562413074137,0.750101212815015,-0.0315958202744734,0.205787387386854
0.0734512714281289,-0.216070435314623,-0.0814974346847007,-0.0281467075873033
2.05488802198924,2.06654565634603,2.98170460506854,2.46667385246887
2.14161725612852,0.268270461448652,-0.761966502968176,-0.507248877156296
1.28762422088287,1.29501185241472,1.10135225061229,-0.500789954914124
1.00418736874954,0.972946807406504,0.546139729325205,-0.270224754008319
1.54413213387376,2.41035563678793,0.218759514384641,-2.25532171657242
-0.120724453558924,-1.10012432505924,-1.82122190349578,-1.24332512838719
0.677073955084806,-1.0356474147481,-0.431407255584957,0.779023122145395
1.92309245818346,-0.342928851643634,-0.313921596433198,-2.04539203816733
0.16657381518027,-0.229131190581778,0.952772644197551,0.796341840255238
0.565393004674507,0.443597368605898,0.724094406392848,-1.07556155747025
1.0356728557937,-0.523901447665873,0.437213812129993,1.03118898966457
1.51901950829647,1.57081887949182,2.00717729838603,2.79340856314759
1.59252296627513,1.29204957260915,1.15993454072457,-1.44868946447255
1.18082622892823,-1.29184957887385,-4.36298034738093,-3.62931893985232
1.57586044828814,-0.130555881416304,0.589463651402205,1.50980320089703
0.0957623826626145,2.40338614781005,3.48071251794613,2.84866927083018
-0.525615314110848,0.24022385346184,0.566654535611963,1.51223824388512
-2.77061874197312,-1.59763043651137,-0.708850588680878,-2.24354097342732
1.0916241718554,0.452105017990435,1.7629121209213,0.525474513885613
0.194155160085594,1.16694038255267,1.24147815333872,1.43072881377226
0.927388305726996,-0.754338258039861,-2.05249810648071,-2.22789897340129
-0.160122305631209,-1.43088522065887,-1.93169489801022,-2.84956228904548
-0.0436154381142707,-0.332667665052171,-1.25580812433614,-1.70572577134865
1.34660179384301,0.428931341469352,-0.409142080273581,-3.56338797638645
2.9233321627964,1.01034222202396,0.384990886668195,-1.22984230502955
-1.55879901625492,-0.926147522327796,0.370527785567744,1.34297284542708
0.0565855467929914,-1.99669809607589,-3.03545771386736,-2.84726895362964
0.624737332713794,-1.77240569636618,0.38995238980205,0.477817915199317
-0.203641237911001,-0.641665606998124,0.325218723635083,-0.186888433951519
-1.23416708087719,-0.554597812700189,-1.21712702803065,-0.555863757237839
0.366071050724508,1.68010860094,1.10153791374283,2.30882578113942
2.52521516800074,0.463202928604739,0.933234863440271,0.113888178493385
3.2148312919882,0.0371153537142312,-0.0420230311709677,1.42146924172704
-0.973336234829388,-0.508628698659531,-2.17637837552343,-1.33567614261506
1.56647676212163,1.39826479674658,0.733740259071497,0.49147397032248
2.869522378302,2.33126153897737,1.98341816577914,-1.33252712500035
1.73963511697866,1.69238074507314,2.04208016828083,2.19819900618565
0.209976923575315,0.0804861006385346,0.542403906316604,-0.0595486108239223
1.45833181154303,1.31952004974429,-1.22242973566424,-0.201049957424607
-0.0726845839391316,2.84691994861447,3.17092667055418,1.70683567674842
0.761896260708803,0.830687900588434,0.70225072414376,1.39287439317305
-0.649978989959568,-0.952416491751821,-0.709082066393019,-0.223824952717296
2.72296860529889,3.23994900443124,1.42943100754552,-3.0483592453385
-0.352805124599075,-1.82080992841837,-1.3135754831095,-0.546187287916532
0.548619297683192,-3.35156519632531,-1.77540452477551,-1.37214920528253
0.123747361482189,0.841012994480398,-1.5752897959277,-3.62777849602927
1.05451792995969,2.13064865259937,0.101024596961144,-1.4790436956437
0.494399332617711,1.1018992296486,0.688073127866647,-1.58465263803684
1.70098544189303,-0.178244528627604,-1.98311668790021,-1.03375619086754
1.0227771069351,1.6380127841689,-1.03027592215995,-1.31746800613868
0.573213033198124,0.746358111164306,0.330142508763202,0.420453560246593
0.593814677298299,0.474339859331941,-0.79308011021239,-2.0508055129955
0.542438699617906,-2.15625941074479,-2.23656395466737,-0.743413421844609
0.246528869002119,0.888953296565531,0.0400391335385082,0.0211518242512657
2.04045606474905,-1.09941432468448,-1.62480169773796,-3.5503011454878
-0.00649152088055183,-1.09905540622851,1.02754711065114,1.5599551119662
1.45613055798507,1.79730320285263,0.654219717536701,1.08487883329
1.59834675241672,-0.686053191962365,-0.830752733433635,0.981055974459837
0.942071013852577,-0.586806847664264,-0.831074359679775,-0.65741936504166
1.47776475575535,0.189433156718048,0.30068888184725,-0.326981162083992
1.24290733403565,1.88320843585606,-0.554223065731267,0.156710252505115
0.100471246248683,-0.55264716429303,-2.17336893406742,-1.95479941289516
-0.826526389788466,-0.42081394896558,-1.1516199285851,-1.0743169699355
0.649434938473565,-0.770354458686716,-1.7706646082777,-2.4411910998683
-0.638775176500044,0.378585490867092,0.418329643398956,-0.204129659696877
3.28379971663021,0.469628434667929,0.618704486118925,0.52171539498059
1.63353722693457,1.29697958975194,0.913609003481502,-0.144278259472797
0.0597315257824764,1.23634421731561,1.60512988127308,2.30117691037377
1.82637238655552,1.77741657152229,1.26677088995738,0.144903698249321
1.76790123284818,1.54168582630588,-1.29418005589024,-0.235453094784555
-3.25515580089632,-1.99237449662744,-2.19320545151451,-0.704821674908733
1.00728478448225,1.46141932235423,0.451859138888107,2.0928202000492
0.490585257195112,1.13757652360144,1.8370156352471,0.459322038932827
0.363724985099194,2.50384148163276,2.61817502979698,3.73534307034469
0.778152159086282,0.152441917570777,0.45762738274317,-0.505073618743278
2.79407346293999,2.29654393256421,2.09767773724575,2.14305617659478
-1.02449172074195,0.772272104018813,0.228649937149792,-0.395801996227475
1.26445959699377,-1.53411059209355,-0.28871017200852,0.344268110460359
-1.55977596539432,0.482488715840519,0.515613264292634,-1.33233320778301
1.8079236345273,-0.391551886925406,-0.794534275367607,-1.87886794643509
0.886680868162157,-0.163962021468079,-0.412843722619516,-0.361439531931006
1.05513633658545,2.19701254913186,1.97540836950983,-0.0101501744633932
-0.957176737513563,0.385878065242081,2.20797755876408,1.9581437334359
2.56259268648429,2.6028638488458,-1.04951602736339,-2.83019005218114
0.0682419597308016,2.36202076856783,0.357546079118829,-0.635519141983513
0.238590372903421,0.0582417244608291,0.108898980284453,-0.97503007649059
0.151274164669424,-0.900162412898787,-1.37203060845461,-3.09737541349998
-1.74738805256031,-2.66685208103744,-1.04067536601263,-0.69168389550826
-1.66070887655615,-1.51044293198015,-0.657915384153859,-2.8430325842422
1.36810681201622,-0.424191302007024,-0.614678931694055,-0.366452424094082
0.697225684329695,-0.0390459271662877,-0.267509384421374,-0.630311975783373
1.02215408743343,-0.896691878517587,-0.941508055542219,-1.49289023417212
2.18976195293756,1.77598806769534,1.62002576472093,-0.559583797696552
1.16876913835454,1.99637735302868,1.28929449287586,0.178842305210824
-0.465630220599923,0.26363444217182,1.39088810668538,2.89324167978959
0.464592028963936,-0.508176471589487,0.33250241602212,0.815332970728624
1.1366448292707,-1.18965154489737,1.53277365889228,2.97591632588545
-0.825581186725416,-0.343204069449946,0.501476764968361,-0.284847381606585
2.61639623531543,2.85833086617562,1.69583822724412,-0.614134582955516
1.37401696906464,-0.203973745195016,0.663913583209724,-1.62583875812606
-0.261616459153571,-2.4273476530681,-1.8855521746135,-2.72379234146292
-0.995037852961857,-0.968715125809541,-1.94580329077557,-0.00828852931704782
-1.37515069209496,0.714623946598639,0.573246126125017,1.04356379925474
0.263349581371147,-1.76279491621355,0.766434216751831,0.0440824508528743
-1.05438326767359,-1.50767152643754,-4.32319426046749,-2.61364813146507
0.00374764819554362,-0.545620997061348,-1.21498812877498,-1.9266527274121
0.624974165852661,1.72903759131181,1.0666146573265,0.546169330557778
-0.646098956683734,-0.0949494973696748,-1.84051232444152,-1.22798800443513
1.4638536751886,1.35599976818444,2.12212375147598,2.31242778247949
2.93699142265012,2.26765338213341,-0.92916190880807,-1.45657848905418
1.72696671262007,-0.212248622119407,-0.303354477075326,0.210023748902228
-0.140536651775974,-1.85524841786071,-1.78458594793304,-2.15939765655065
-0.757268092796549,-0.997578279434773,1.45974674533083,1.40694905312568
0.858862183917221,2.32933541100207,0.52254278101971,1.50426748993524
1.57150438939954,0.0475869764142039,-0.276276680918863,-0.159035075537853
2.14948979559071,2.00053742607421,0.896716081419676,-1.54048971308677
2.20399205879295,2.56629977747965,2.47383092302352,0.669638798357681
-1.4777484311373,-2.2670357261771,-3.69963116315143,-1.6081132556133
-0.623197332562366,-0.833867463811657,0.629130690178017,-0.250956864135367
-0.67263458851333,0.0732221386907864,1.17185234462315,1.42011132033109
1.05343597233553,1.54158868563456,0.590160147777431,0.649596925148103
-0.821669380883104,-0.772304249920286,0.185953952886306,-0.276782695068468
3.13956830854403,1.48093170455127,2.01227347571761,1.35537220951243
1.03276954677558,0.362062578618416,0.503953314746121,0.787461737869426
0.286015797064681,-0.864441538981694,-0.972122191973944,-1.40224823794448
-1.40368905292276,-1.4468543439705,-0.477549018615912,0.324319973302499
1.72567211921633,0.935995472032199,0.422995446498921,-1.68152325594553
2.95189592556634,3.78342850204779,2.71583430662291,3.72929219252469
1.38043199150562,-0.483006523812689,1.45269057512793,0.846907007614408
-0.33778429875468,-2.15108867974015,0.0414907705785363,0.876116075262184
-0.60032336221413,-0.685570899072755,0.0523280711090091,1.20003008092776
-1.46784422396356,-2.41070171288564,-2.8441499208057,-3.29044903914081
1.46982159491574,0.0917667673660517,-1.36083061572524,-0.773888604717065
0.328012799764632,-0.62059951278998,-1.4175538675125,-1.97224684668266
1.0877396489445,0.87085550081095,-1.71215100963819,0.288484734867917
1.80184125565119,-1.52276678340459,-1.61734181424371,-2.71033343510809
0.809232549029197,-1.97879076465592,-0.964245277760674,-0.74080173612935
1.8648827057783,0.659598519202478,1.4602770850243,1.4189447451061
-0.454979973051571,-0.187304567426534,-0.311363399780257,-0.526607957410444
0.99638949299756,2.22326953386662,1.73512159347826,2.19173582300219
1.86810186335313,1.3340060776024,1.29545026768914,1.46135236073073
-0.456502395409862,0.613370704929988,-0.999194496964221,-2.24381278231335
1.35069572991904,1.4261892966957,0.574981348742597,-1.29662591275003
1.39115777696417,-0.258629632422175,-0.0804911325328052,-2.18669642887546
1.30211768984504,2.22033820422019,0.923688776844464,-0.0202661893809301
-0.144232225258964,-0.41798874153929,-0.375275346175695,-0.580821859832571
1.27222533507284,-0.212123164518292,0.993450074601381,0.98900204978818
0.321995407676497,-0.0367906744727993,0.35688007434298,0.0711084828013913
-0.0673456858779438,-1.52642817369302,-4.57118706615359,-0.987574955084764
0.0649604589662562,0.208715318231984,0.450524059514027,0.474716635483374
-0.102205451464353,-1.29350070727518,-1.37454367889139,-0.870405808498522
1.45268313216211,-0.397398715297806,-0.992672917173453,-1.59037945481038
-0.208237689617383,0.223626457798444,-1.69101535918697,-0.91545068225295
2.91149997158678,1.50026637807988,1.61332782641881,1.07495033490811
0.896908870203607,-1.22221989509787,-0.368573480200395,0.0422617450898755
0.246726767971891,0.0308262351345222,0.270271922802243,0.350056961221494
0.237292571078873,0.181908751900564,0.542043483856666,0.0363103315497645
0.4653807334432,0.686998863181412,-0.626021157354129,-0.400565992495166
-0.910734301253452,-0.248267241709104,0.7146322034615,-0.245387160175047
2.15099639758534,1.04284604037638,1.07971134128233,2.46350218201741
-0.914884967917078,-3.74733497736983,-1.96538286211559,-0.353755432592137
1.1910244395861,1.033541778005,-0.878771025734385,-1.53198484318256
1.60424570347499,1.6708706813442,0.42279987987796,-0.637831233286818
0.0442210459095448,1.12904267289574,-0.065044283171716,-1.47230915734039
1.56078302164275,2.24486948626063,0.56903202525122,-1.13107537756681
1.27273332510418,1.85324029532492,0.00905702280569232,-0.13691299215616
1.26441826639451,1.38017223630294,2.17954533729341,1.15879493015636
1.24737480873218,-0.188468870088666,0.123083780218622,-0.293224861073558
-0.490382047332459,-0.880461931040727,-3.14236401656329,-3.25939283642798
1.53490918913044,0.751042475454863,-0.973819391909491,-2.32946045287438
1.40343860835074,0.246581292075954,0.682921783513351,-0.985380312031442
2.49098247991481,1.0004943837485,1.94115330267981,0.979538002023772
0.663998337207132,1.00629199487202,-0.400501545700952,0.91100036079038
-0.207493908830655,0.251009209209398,0.663833739611118,-0.0516186697935557
0.25926379880121,0.173282791198325,-1.13739188353149,-1.11470253386177
0.918522859866894,0.525250644126283,0.441983368125462,0.369456232629741
-0.43120022671551,-0.482344334655359,0.0216270028397203,1.23315486609312
1.14671117449371,0.879074640326812,-0.243429760409386,-1.53825124319629
0.483122341043233,0.872436554104792,1.73861461089473,2.85499304757684
0.0894445343455234,1.8385638397916,-0.0516739973223538,-1.40342839300691
1.65908327323919,-0.853705800693937,-1.95946474892402,-1.54116081949811
-0.156005456418998,-0.205108707248342,0.636619601948717,-2.55463911116128
-1.04384964127427,0.171145304583143,0.0420677110429694,-0.810882650690326
2.72765515032681,2.99299065074707,4.03810690860343,2.66290236313463
-0.787956398836178,-0.282600874962495,-0.100970997629509,0.206908133075327
0.857755972635317,0.790913767054874,-0.0100251751315461,0.71134466661743
-0.841311319207009,-0.976004401031508,-1.8887358692268,-0.866074588037323
-0.0145885305231645,0.636623352481362,0.713982503970762,0.778219545726088
2.75391826306158,1.77650439276187,1.01134897906288,1.85882436632053
-0.00270097034666794,-0.332891975769429,-0.0424490904855203,1.16271591607464
0.697499184158053,0.576233384740698,-0.131094186781084,0.701937302783979
0.376671735527152,1.80546440125915,1.54277627168122,0.656404640595989
1.26442590036787,2.3910908944251,0.324932574183853,-0.0939193683457441
0.46856509476045,2.83911446108123,1.3471946199457,0.604488464117413
1.3269617746496,0.102878531907139,0.922137335396274,0.255779557160638
1.42854100523527,0.559022208250235,0.340013437430429,0.60029582539081
1.01542992134987,-1.086366719347,-2.37836692030573,-1.43502109095303
0.0575622794597916,0.4328367538904,0.673468466521774,-0.686332300944408
2.37823273476317,2.41061630526147,3.72679018340721,0.0104767426749515
1.26919056186601,-0.441447579611207,0.200476489434836,0.412403626920015
3.07040256299483,1.82482846073684,1.77959629593367,0.810150373023573
1.4509872050347,-1.40368970590128,-2.27735300725137,-2.24122664686669
0.0323813132152068,0.272447394428623,-0.353425926363475,-0.470812843269448
0.152233032098902,0.42521841088383,1.02110774441271,1.89656688382554
1.57333684641709,0.305238563607112,0.598904222329592,1.8125849536772
-0.434650560959018,-1.84171826735517,-1.5624067825211,0.122806529222072
1.40103641622045,2.9769991083078,3.1335094770491,3.83098395342442
1.57575724278582,1.80627564225832,0.130933021577246,-0.0462807340097893
-0.611094559166174,-1.98887990612693,-1.24513146766662,0.13548016108953
1.07111688055725,1.1664265959525,1.42247695203591,-0.943268825521127
-1.33653845371077,0.0770988194155868,0.562268878109456,-0.654696018925727
0.927157821226753,1.63411666745791,2.75859553475433,0.897893790619394
0.842125936997844,0.677092450179779,0.638152480332403,0.199825110043808
1.51580140100359,1.42667272851655,0.339732512136036,0.0741624786584704
0.231670227133539,1.24765307346998,2.0500513928813,3.11026532636546
1.8751415770551,1.68835420554752,0.914799677365394,-0.68730946752429
-1.25585287339515,-1.8967515620223,0.0571955446985168,0.190310549006496
-2.1636126624296,0.99186474004539,1.77198886776324,0.420586444185489
-1.23546080373554,-1.68648343307609,-2.9194462969285,-3.6036499443878
1.4775630960193,-0.804813249700636,-1.14548530798496,-0.74292420808882
2.29726971363256,0.434870144930242,0.550405043325842,-0.341220225756613
-0.760311941257776,-1.41978556099852,-0.569312091298755,0.875036681901378
1.44794689864389,0.660137810930333,-0.078208691476512,0.409812538995603
1.3519318955271,0.404915439869672,0.581569443728406,1.15232498134162
-0.255435703831339,-0.647912976625508,0.879965923660232,3.82577649669184
-1.0799636533466,-0.627428232191185,-0.850132070723472,-0.642844618423849
1.09097835260942,1.0700576445138,1.83729397065872,0.239699826381107
2.93905191013374,0.576740457626778,0.571057808222076,0.185453748128702
2.1707869384143,0.908155899247882,1.67222768769239,0.842016707391875
-1.0412689543944,-0.987139796851576,-0.877167124131097,-0.335209200524827
0.21025235957318,-1.64971412465863,-1.81974253243419,-1.3023895178168
0.504141796271406,1.28575904948675,-0.131071804059858,3.59857791500661
1.40288675638141,1.48040036386865,1.42760573856537,1.91370603145247
0.296920686926443,-0.670372992487616,-0.559455520354263,-1.11062214544568
-0.287587155613583,-0.133148358147599,-1.17295742640703,-0.286748862528023
0.628502197907552,0.513012982284715,0.570865988447054,0.216617178202515
2.04433932496612,0.569950339220951,0.414784912140914,0.723475904821369
2.04020486824708,-0.0955427663115189,1.06484087334147,0.299781835869755
1.16356482081094,0.553112693599569,-1.4546019677914,-1.73255685588248
0.491181561347891,0.172163786938803,-0.102593533274729,-1.62744988623206
0.730660997950044,-0.515186590211445,-1.58897793659883,-0.41197111252908
-0.952969760951281,-1.03869937507102,-1.36650114909039,0.832680400804148
-0.201962560532778,0.212768141991527,-1.27851271308202,0.674927774525818
0.261787682503668,-0.0541846906322647,0.0665793955474548,0.140760844775525
1.42785495019534,1.69441303225941,1.27156591007421,0.45142499249234
-0.58554617295144,-1.5861034577451,-1.90006881296365,-3.4644282794324
1.5483547268823,2.40745394522666,0.152592815415894,0.658006063731186
2.20605570024416,1.99135031219246,0.660282017013124,1.27679624850379
-2.01187428240105,-0.827041916200085,-0.437545426827936,0.982713719185904
0.485297536174385,-1.28719629154792,-1.64652172628116,-1.98908605182465
-1.75640928406106,-0.629736419052888,-0.0495293355499419,-2.71447705214979
1.40525141757078,1.22958882984667,0.522902673189864,0.328727018202847
1.61776832493898,2.48446155712352,1.84971426433353,1.28602825997365
0.495836467349841,-0.105353292894414,-1.34079762258348,-1.4207853651671
0.809042410809698,-0.860900846508426,0.300040635346342,-0.602470186301624
1.27620855783435,-0.488166088859719,-0.702186376833545,-0.934133917748911
1.33233494683016,1.89349853244324,-0.155566057293716,-1.83958586259676
0.589765715936319,1.5521477717877,1.98526144080174,0.998856457201897
2.69262878075388,1.17235245305623,-1.48330428982876,-0.837740570810702
1.30856292237347,1.0695905182153,-0.951179352393333,-1.53505792471683
-1.84064115670647,-2.42530789005517,-2.01629327695046,-3.00535810792324
1.41699318815568,1.12282330693067,-0.539029940577776,-1.30162780848399
-0.952354048239568,-0.885219647077718,-1.11440735707702,0.0154219619277891
1.24723497759185,0.281040072549132,-0.715539500721432,-0.835768992821478
1.09783604763499,1.02783897223956,1.99044289588148,1.01538003904095
-1.82483014471256,-0.622094336073704,-1.70384796303107,-0.784083304767288
-3.41251952738599,-2.32107493050522,-1.82153676406008,-2.13833155924682
-0.656519136474658,-1.10597568650085,-1.17054460719618,-1.60734730934615
0.425721851340971,-0.523969886821006,-2.48213762681439,-3.19697747749177
-0.970217012186963,-0.768112290713591,-1.33273688949168,-3.2301549893282
2.00392719926927,0.0292079116573967,-1.29969975262883,0.51827534848559
1.7482928184783,2.57552321756847,1.32777829623118,-0.466650018584712
-1.16285174458835,-1.52595974944514,-2.69918211578599,-2.06922132566933
-1.1684330930922,-0.97010428460994,-2.03005321754795,-2.68621563903876
0.761608164006485,1.31369445441594,1.66832733990097,0.253098743528269
1.63857952125892,0.613862170553589,0.227364869148843,0.253507281087301
1.02983546307441,-0.0164736724158824,1.59969830596043,0.413469418825528
-0.505600654255817,-2.32430979483747,-3.44839287478348,-0.959381386521172
1.86290412002701,1.88156456272723,2.3223238162311,1.62326464888166
2.07070228259489,1.53901504818576,2.03386232528933,0.932415065546367
-0.0160126408310668,0.683308165548562,1.47768788486998,1.08885860814136
1.09522783121567,1.45066424674104,0.615909400680271,2.83834418858168
-1.0508390785971,-1.21828791473484,-3.51262273580831,-3.46276913738435
1.34001202036343,0.163427744272653,-0.0304796101091709,-1.44128937464171
3.38776216126033,4.77283534036332,3.28307451366992,3.49511808752028
-0.923297516261288,-0.438505647941399,0.0478745514992935,-0.823768147800111
-2.10078036039797,-1.59638454099991,-1.28685275557464,-1.36633623817705
1.50049831189654,0.45427519801813,0.53474766842582,-0.0964968243195937
0.300652595807519,0.261120833656612,0.591664581156406,1.49281556069735
2.34192757098101,1.78875233168156,4.17710512013636,1.32647354714789
3.17334338535598,3.49921542912099,4.94487983665184,3.95041430901567
-0.231330154280566,-0.312073953303552,-0.507459823851133,0.113419391816941
-0.526300404273923,-1.68997216206299,-1.32086520959573,-1.78467542263647
0.660948542678908,2.66126389323703,2.46534282437885,1.84153591476682
2.14524006882046,1.77030301545616,2.61233972564005,1.03327002343126
-1.31761185849341,-2.27895437409595,-2.52343927619306,-2.85472650609813
-1.67760955902894,-2.74549406016903,-0.986638980879915,-2.89974559118119
-0.845846948860452,-1.82544257076223,-1.67425394263303,-0.642740784174531
-1.59618756404108,-1.07299487778645,-1.54521733154816,-0.522652443736932
-0.0220623734779405,-0.908983877439938,-1.26996147909849,-2.8645955854271
0.813214580286411,-0.994567554239699,-2.11620741524488,-0.363822820010953
-0.107634386835663,0.941930264764297,1.02234819314731,1.18427625451537
-0.347127372149548,2.19120133533669,-1.02188076673658,-1.6824933728809
2.01536837182832,2.86775532189309,2.22331363796343,1.47738612865965
0.829502934692345,-0.730145675436579,-1.490103777748,-1.69194774401434
0.696777034831706,0.736002958093783,1.32917050447821,1.00941469017244
2.2301421526685,1.19531135826164,0.16472869769882,-0.849872144736601
-0.132076176003533,-0.375141869224688,2.68626225098827,2.1688173374418
2.4970011701947,1.85835605169392,0.614284786125839,1.78211585514232
-0.439305295424625,0.0643189695580868,1.31790712843337,2.54894224586111
-0.171898387933847,-1.06532960853502,0.458741688590354,1.42483579220893
0.075208428206966,0.0902660554267739,-1.71236033814756,-2.20311516170256
-0.951810204894967,-0.327926424457166,-0.389155059880214,-0.269493919732916
0.249456049686277,-0.331391438941078,-0.535465384177469,-0.403253388451852
0.3478315996627,-0.126255083049967,0.0504689039594047,-0.525175913144816
2.26524344986005,0.817339798940092,-0.0189414885222031,-0.0132513200910068
1.39039782158114,0.749017562724223,0.816293842126819,1.50785641893607
2.94119241549262,2.39208559407805,1.54454805668803,3.73828935009748
0.113734860458171,0.889313203027081,0.245346884426209,0.566210138344881
2.84739553577382,1.02769373765842,1.04999876231498,1.01298173666632
1.50283272927288,-0.586458258216906,-0.497800266160774,-0.050446856476857
-1.87961977395475,-1.72683909367035,-2.94990987490846,-2.5033598576176
-1.24936558334498,-2.15481713153347,-2.77763338197461,-2.17073003354986
0.802387469934446,1.52385832237647,0.145647494404286,0.0802634263736033
-1.61496054730916,-1.05952416709668,-2.04356761158227,-2.26195655954379
0.383331998560419,-0.192401909768192,0.159486759958543,0.288396685182752
-0.893352157338799,-0.982276221180163,-0.962750307451893,0.560052498206406
-0.886005214123731,-0.438835285170868,-2.05523798050665,-1.99602189348149
-0.359202664767275,-1.26639911885461,-2.7374747056125,-2.04692731878549
1.57409471083699,1.35174278055638,-0.265274810570079,1.26492220215745
0.771585331905326,1.21046487354525,0.789211405803729,-0.458008234170771
2.46135238727285,1.9829709927305,1.66020633595285,0.897163643540784
0.0473631758228072,-1.0112552899689,-1.7289755210347,-1.86430968009909
-0.880568560792246,0.136634931074006,0.428006905533849,0.658015989122802
1.27930888189831,-1.66692028664086,-3.16828692286989,-2.49630986672007
0.170540880756836,2.64243549320119,4.14950974555672,4.33658279595469
2.87603423833504,4.03149815666175,3.27580873582277,1.69383113634796
1.24856054877905,1.92733603256474,1.63856757681909,0.738101691339445
0.00190919884715057,-2.08414507558278,-1.36037860123215,-1.49249402416805
0.17528304681034,-0.480373001247171,-1.90145819796994,-1.71914178715449
0.649386203347111,-0.384741530339751,-1.18982998946812,-0.255146430098378
0.290199144846199,-0.186914666451417,-1.50559394456048,-0.633932763312737
1.20702183863986,2.49431552886068,1.4368067280742,0.81269921545731
-0.0478053538152921,-0.690369856067402,-1.38285967398371,-0.563556704604782
-0.632866005275379,-1.03675337504129,-1.32962220751749,-2.74862011949317
-1.83422714555136,-2.43857229401239,-1.4925668373559,-0.215019468621989
1.37347385752335,1.35240865932483,3.3053089357747,2.10598012566289
-0.682700815690738,-0.152442436881465,-1.55408003179367,-2.49422221732672
2.43274286417104,1.9910669682773,1.3757559775564,0.096614811443052
1.16396238210434,0.550211589958019,0.647359606674177,1.44992973577914
-0.187486500760207,0.869260592575488,1.0920459785091,1.33762696666835
1.40018508610839,1.39392894498961,0.688137062790748,0.881834517999476
2.18361491663825,1.17608704024865,0.945574419529333,1.90319568644179
0.0792349835495826,1.0699125977706,-1.39248453568721,-3.65580212399167
-0.129516476880054,0.553016560468633,2.34840821537707,2.4876567847718
1.15677368843095,1.82612982321324,2.48483304345829,1.78100170797476
3.0145676281311,2.30942575541385,2.12603172195622,0.191664754889296
-0.675768095772111,-1.35463818595154,-1.77552394943302,-1.71433131894484
1.33260350509465,-0.141601230536882,-2.77513615468851,-1.58147526002985
0.561138073073999,-1.86354131116724,-1.90962314509137,-2.96574506657272
1.32582010302628,0.876961873582492,1.08897746267798,0.828445314317279
0.406136153438233,0.822258239973394,0.0215857817648583,1.35861490090361
-0.414859228008479,-2.22289915157616,-3.53643239875485,-3.86879430462936
1.24089055849227,0.964232941806793,1.22626495721931,-0.450562242548003
2.68472246634121,1.53402924877807,1.95831717749968,0.504222908112044
0.442628882101955,-1.74259980822908,-0.518249213962671,-1.5417537013602
0.123607200862602,0.714209982787457,-1.61222589021294,-1.64304994071496
0.545321925227818,0.213150660831476,-2.60328756096635,-3.07724599518629
0.987407059942379,0.200277172309864,-1.37784211099436,-0.740864051440575
-0.212492747905143,1.01653909250159,-0.26542340652919,0.583509736617297
0.0404188616702678,-3.18876535469604,-1.8385656140999,0.168483077342116
-0.134382695171724,-0.775176743544984,-2.26559263747981,-3.10592137783709
-0.844027811091536,-0.566075539472465,-2.23209337401794,-1.7146889071449
0.291838985193321,-0.152346447392024,-0.523891337066324,-2.0502406135214
0.498377874592881,2.12698421275582,1.59884160555514,2.31635720447005
-0.671906334136695,1.85958995528486,2.12073449804435,0.505464765795487
2.18016173798039,2.87165210819496,4.37097896658068,4.20599114798986
-0.386765233803558,0.0980726515923001,1.32443685095456,1.77587314778904
-1.14755923678865,-2.25282617862423,0.071614261308049,0.498196707640542
-0.652446427654824,-0.838317002175814,-1.35784571705874,0.0853022694233558
0.207913292265843,3.5631116357266,1.58598884740002,1.34739296513476
3.19744238426495,1.19986293032203,-0.225005183663917,-0.61638770886165
1.28228964252568,-1.44414627834241,0.851024155721007,0.691734052407647
0.785453097046855,-0.377369557537797,1.10815936333594,1.68829722441409
2.48129741088167,2.15897270792776,-0.0656180373368249,0.0913267269115317
-0.975731605247768,-1.02382339122451,-1.84199522224583,-2.41941159475677
0.955148616017729,2.03987705742745,-1.41983240284514,-1.48399778388513
0.836724979791148,-0.876932582999393,-1.93502863899023,-2.34853593792394
-2.40591071654927,-2.63165670028826,-1.64195792640594,-2.67061395410824
-0.531883572626714,0.0994926758425576,1.0081079520878,0.919501221009831
0.278392764231678,-0.375388610004618,-0.706971572768991,1.2828232745135
0.472683456886529,-0.863219864942544,0.016431800022126,-1.33944816744661
0.0530683854409311,0.949211565945766,0.741034593071376,1.17033925073201
-0.118445498897777,1.39856159290184,1.3899895099606,2.83234080357452
2.03154289859256,0.4273558095352,-1.23768270257763,-2.46273851411184
1.28571189339168,-1.08746880124708,-0.342020804901134,-0.949923492459302
0.470888779665958,-2.60526650523704,-1.97984334663997,-3.98677981542437
-0.290120358822903,-2.23676894074297,-2.2392748078,-2.24602838613772
-2.17293186763116,-2.36083434247502,-0.950929427999226,-0.457426022561552
1.87741034120646,1.15015351445062,-0.210448675373699,0.545158522499102
0.67716028336602,-1.11917286630838,0.407536565401054,0.39888772504035
2.08947333880662,0.571642581005724,1.88958203880188,1.49871293982594
1.7211176270736,0.956309957915149,0.379384822712464,1.86076512542948
0.321152514241403,-0.193256694430538,-0.928819939426377,-0.96427053841722
0.447327284804704,0.154748099116381,0.961611635958943,0.941850140359521
0.333443971891712,0.284566412366131,-0.856435001313458,-3.25056012854356
0.489842015165063,1.15475904948804,-0.285880264585984,-0.671906535487748
0.158768526137012,0.133604778716389,0.896805298673025,-0.314285255255942
0.956441000475994,-1.71136292565362,1.18661774539878,0.372924734686534
0.782419590385015,1.40115371897698,0.933903480069458,-2.42468849570646
0.0145118938609736,-0.495866910884973,-0.471831483899794,-0.586343692674198
1.25875850766004,-0.288662416304659,-2.17443445775846,-1.16117562564087
0.837551933470867,0.266482348556665,-0.293150075836456,0.870916194206789
-1.26400673329083,-3.09753682756408,-0.911272364670264,-3.26815897335591
-0.962121046941223,0.140597556838147,-0.745817658257915,-1.42736535498393
0.937364035606828,2.02253637105974,1.39509968962058,1.16118312323258
3.50587480540971,3.04030821552611,5.28938365565507,4.47933046316105
1.92667506489331,0.226392347594989,-1.4043253073275,2.00149661726101
0.37895862119023,-0.772875232981833,-0.359034074315515,-1.05941206090321
-0.150525838808456,-0.256677023919875,0.980829903849681,0.641887391970678
1.02393555984813,0.681342022644946,-0.974781317712921,0.676455974190831
-0.293816179621766,-1.25171338817185,-3.34128853852932,-2.61850217149644
-0.333768575385582,0.768150183516035,-0.0260259627875754,-2.37004169206367
0.0422224942404211,-2.01493098037597,-0.102037741434365,-0.00283989138718199
-0.529983530300948,-0.997170109917729,-2.54027652843547,-3.21917665789269
0.738566597662712,0.713853702882158,-0.783195168112622,-2.15803637596439
1.32406164486388,0.801236743058386,0.163941384121249,1.46514370443887
0.235498732040114,-1.44013572481424,-1.02856405578657,-2.50277376480942
0.722932645323754,2.85614076855621,0.612053104139946,1.71368486953492
1.7438116835685,0.309411891244904,-0.579433121667266,0.4694335308016
1.14158832169451,-0.988871661160432,-0.29760713198801,0.382028399855358
-1.49163978700765,-4.29495081643852,-2.22393615811585,-3.39430853813831
0.900302162626027,-0.366366634426275,1.00780643841457,1.02855126319728
1.46899519761211,1.04664805318504,0.145449388155416,0.868783088618146
0.0252393665312824,-0.405858596837417,1.40857316357994,1.86238422325343
0.90348416085675,0.271261250527954,-1.39703433640078,0.409493924056547
-1.63483921234845,-0.394929162818064,2.03796583430958,1.44321384649609
0.180209532432258,0.47492102291016,-0.308290294621135,-1.48973053785621
0.0432432443776728,-1.62547368951402,-1.34485706422305,-0.38927663106154
1.19732374746361,0.742620704541636,-0.152272477400668,-0.742742345450535
0.554657141774666,0.40489452831212,0.508765634412192,1.02492449340887
1.03963328201757,0.927050764345644,-0.140997603086297,-0.250031899252193
-0.303142428772934,1.23584847333583,0.29300001518922,-0.369207040379273
1.33764089461239,0.971578685043379,2.21503295416087,0.0808086301349072
1.62387204840528,2.63354558473237,1.16750531676965,0.452029444419361
-0.0227896739091236,0.838516030317074,-1.51411343800176,-1.9598780300927
2.65061954535239,1.13100872000486,1.07318952676271,1.38548570168675
0.22356811216099,1.71167410814675,-0.985665045985645,-1.59141408750475
-0.379311198711528,0.626490134415587,1.84595502256974,1.31510040284928
-0.620233302604959,0.111563332176459,-0.822031621076367,-1.88218088479078
0.563655082039605,0.173409679878404,-1.02837085507591,-2.35048719151183
-0.690523973857774,-0.477678360560373,1.5724091309281,0.550036469928441
1.83709768983908,1.11997845293427,-2.55944499265369,-2.24446026094965
-0.636449871472254,-0.405483960347548,-0.00450674224783643,0.161018840066697
1.61541785573295,2.56634231734268,2.16889958753162,1.79585405686773
3.19147655764461,1.35223089755115,1.95396118097632,1.56175013781276
1.7113179448195,1.20103775840811,0.177814283208792,-0.0833299811777499
0.453801605625106,1.0623385928288,-0.0114675033895335,-0.415002669026115
-0.31534083637933,-0.560793897310264,-0.995211845723815,-0.29440305113448
-0.576141507072468,-2.11394879620867,-0.514431846597368,1.27111852288305
1.80922793430948,2.49789878131895,1.54506327714325,-0.250633656635326
2.11517174980462,-0.457011362388377,-1.22930985630109,-2.20271163852445
-0.306584389787255,-1.09919755547523,-1.26381149489609,-2.88361214277593
0.481121653624483,0.0764187587052369,-0.00656684102497846,-0.217268592317801
0.816948611711225,0.841364795022507,-0.209177340537764,-0.148912538624747
-0.504189016137097,-0.126265966117727,-0.575600222873865,-0.472568243041467
2.02885377952156,1.952616735809,0.612562530571247,-0.202098709805117
-1.0925253174315,-1.31036692012323,-0.858173081594345,1.17889161839013
2.29358518026776,0.249124103743104,0.205415345032044,-0.564795005674855
1.95988444288724,1.37076659770278,0.53491229272531,0.34147603406127
0.560983715329331,0.0159242863544831,-1.58859801952784,-1.99541926372996
2.15154172210485,2.9799456965826,1.20597703000075,0.940714151998666
-0.464244415512847,-1.35096715070583,-0.927814264004448,-0.47281586127909
0.815447710500321,1.25929375167791,0.627904905272152,0.425465308562758
2.48156885508202,2.41625194388234,0.301643828373078,-0.0591468530522893
0.556175415374995,0.573532103514612,0.881683281963139,1.1627042513401
-0.155059182569437,-0.439376838943307,-1.47742228869605,-1.890342917216
-0.121097485332192,0.923967845054054,1.08575294320374,1.84246869747092
1.00756511710061,1.65613012704654,2.51149791732653,1.02955914631767
1.22468151168883,-0.210035695613274,-1.21288205948017,-2.63524654099385
-0.112171246584761,-0.180652804024848,1.31354583699806,2.31768722414963
-2.2721900600511,-2.32915380529044,-2.01384349683048,-0.875019406259093
0.874492946727819,-0.125020529163435,-0.167879401263202,-0.0908338518228625
-0.485658286747642,0.0534039225705071,-0.5743838463286,0.0427970399024661
-1.1384548863064,-1.26680677246678,2.28606138451545,0.809474652878145
1.77769499922086,0.366950625564691,-0.823583258191929,-0.0725562602892199
0.366863225781331,-1.50687556045957,-2.6005165293167,-4.78776132462504
-0.00605200600949257,0.869896422151664,1.38914265895671,1.44618672889338
0.193335265271081,-0.0273007007345787,0.546790531525422,0.466129201437173
0.450840618310906,2.70109936626649,1.7312366102247,1.05195665154936
-0.553403871794393,-1.90762447838186,-1.47991769157629,-3.81146882748549
1.20932890436235,-0.498661569646387,2.69110872111412,0.112053529304524
0.293113623764792,0.63296660146767,0.71286562607978,0.768760726082549
2.30037510540091,2.8626431883993,1.94892573878765,-0.0108918811270136
0.646184198699241,-0.185034981208138,-0.411621827066183,-0.721241465600092
0.297965044526029,0.111407273346233,-0.175330007017931,-1.53973218845845
1.26163722878,-0.620698225685896,-0.351491153795456,-0.220203261495264
1.18625029747575,1.0265365573928,0.570794208909164,1.41329894245142
-0.0735849901066841,-2.57473067565459,-1.49291066622567,-2.07684448751789
0.490157062250718,0.0549776815500276,-0.223440178274623,1.18023439374082
0.169976090245538,-1.38426390177035,-2.56699021115523,-3.38316381155686
0.596462256777775,0.170588058814646,1.70193478739563,0.758189764600791
0.436848399242598,-1.45694823829306,-0.659279349385331,-0.427305922583723
2.94281369928784,3.82314400236779,3.73967911402757,2.84565080270187
-0.325461796650181,-0.0968396526932718,-1.36688096390601,1.11572491963848
1.26677694391813,1.08009113414964,-0.336699103526905,-0.734179693898622
3.19950609347451,1.78545298091092,1.42316115861431,2.29307540956127
2.10652103309813,2.56696414046232,1.55112919886842,1.11997214776511
1.99396313942131,2.70569888924232,1.19039081149588,1.63332360274937
2.06852289678159,1.40693703365066,-0.153059028597048,-0.462629850373438
-0.317797516733201,-0.604054396767269,0.526317745553241,-0.229716566425454
-0.523037246785407,-0.778807081883138,-1.83025332980192,-1.39690512132487
0.383653953517059,1.6194466735908,1.70190214682197,1.33243697317551
3.58403577312806,2.39103643657062,1.4809004411498,1.14325359789615
-0.731884121007275,-2.94027048027681,-5.65557264191971,-5.21811372728312
0.727599252350805,1.04827393597998,1.56465621032597,1.18505496683153
-0.236268662834953,-1.61307787599768,-2.24544186590616,-2.66896730670393
1.96240081097771,0.0404849241710898,0.897336103863651,-0.185696462897486
-0.125456447756666,-2.20794790894978,-2.8094265252733,-3.15667953885393
0.591005019909742,-0.11788617471724,0.420219286478196,0.906667598021256
-0.646071992200122,-0.395197849563222,-0.066793981376325,0.0233548123937978
0.808565504647434,1.51763041267321,2.63759167091859,2.18625884191969
2.24525167034686,0.627739265092419,-3.61937070100389,-3.8625092645878
-1.25008362577481,-1.76943331666303,0.443781123113651,1.22676613138793
-2.60076929242196,-2.32785312218167,-2.82448987647629,-1.33205678105086
2.29458155900465,0.635760584841917,-0.237478022262232,-2.01419533135474
1.0586688796929,1.51835742217628,2.30118894750859,1.2844722182913
1.94636706555083,2.8675923992938,2.81765828902383,-1.30834920459896
0.78039058814825,-0.680871380315189,-2.46245930534489,-3.40816388665998
-0.492361132404887,-2.78646656396964,-4.60975975100864,-3.1904350263797
2.71536553079646,0.54014368392828,0.700813934738161,-0.656288098607169
0.158636157562896,-0.559762230480883,-3.15161798007051,-2.2543844091638
0.574412871327706,1.17799596416448,1.60839673886146,1.79478641267768
1.60181492454668,1.17936202438971,0.0396566752213864,0.743083247739693
2.85941995262421,1.28929090668519,1.24461282833067,2.81005337769225
-1.45170104165267,-1.92739093645829,-1.77216563477395,-1.85344970761772
0.633747306685596,-1.04785962998343,-0.347060574217482,-0.744317125984508
2.09118512938295,1.73899901041339,-0.959035694517666,0.886098313931497
1.16666885273221,0.205861259621774,0.942153093858934,0.425362982882618
2.84930507228502,3.61007799009916,3.52048406547602,4.28119477247797
-0.640490699243198,-1.91397940212273,-0.941512235720587,-1.33013734441877
2.48936853774994,0.871918162776049,-0.0261296463575886,0.283252158894946
1.85115088276991,-0.472449923039464,-1.5779748801806,-1.92859494942533
1.86201708043333,1.08712496780272,0.183836438399088,-0.609910485584438
3.39817319367506,3.01773088366693,3.57825349753086,3.23294111202614
1.51361261270535,0.656945195186189,0.375684376390742,1.93051979500649
1.5869821817596,0.87962237151071,-0.146902878089065,-0.0665485501157057
-1.23525280676366,-2.30590642621459,-2.7662820504332,-2.5934850363154
0.505321326560387,0.811948259121284,-0.106379350018514,-1.35413478460236
2.3114106335328,1.93989418087388,0.837140449962281,-0.0954064553889614
1.42538490446708,-0.655665966988942,-1.39649710150047,-0.35228195728771
0.83721259885945,0.508837324850152,1.23617941001014,0.145292264280066
-0.519261757102481,0.424327545937813,0.59957008122812,1.11594603492126
0.380017119396407,-0.96706353790552,-1.7665639529283,-2.48752981008708
0.202964140256039,-2.64631601698118,-0.825109951121884,0.770061252370745
1.06144895136943,1.83138989282364,0.588008584854985,0.999146116685927
-0.0136245968407638,-0.261431304139861,1.9893573223273,2.28439819415707
1.32898151580912,-0.209932041761662,-0.370714886179138,0.683987804652212
1.56328861177694,0.870975596080348,1.34560898209909,1.58574313625393
-0.243220969685081,-0.150668878697004,-0.453315276775177,-1.42555090867568
2.35923165486094,0.327388663759663,-0.0655031171547544,-0.216564689237779
0.234821883279621,-0.310987691831633,0.781269498164335,-1.10879708983464
0.213465020262684,-0.867961013996983,-0.92468362968284,-0.0344581651936596
0.503148577362432,-0.983171326220019,0.27739378791879,-1.07217131715436
1.66212020772061,0.954594604708848,-1.89471609827305,-1.77871936057393
2.85764890323325,2.65590246003799,3.84934286446897,2.79492270337404
1.9666891826471,2.3138597403728,1.18967102625708,0.279667731561298
2.7424821243152,0.838813897594876,2.34954638079983,0.518659564309651
-0.732143821967838,-1.3950047735286,-1.77119312249625,-1.04483606116503
1.77405231855073,0.176481040444698,0.711126773355641,-1.95888088897926
0.937562068434373,0.599926507200855,-0.399733150749528,-0.430053513713659
-1.71660366932879,-1.02890944693152,-2.16371869813239,-1.28580127829272
1.03597832477798,0.961117325733036,-0.439323897052146,-2.9338568033902
0.48178329571542,1.11349916426872,0.0954299654130016,-0.310850493126848
2.12154411649691,4.73059132589336,2.75535130682942,2.34730117148567
1.48816390665883,1.43637426641343,3.81078079321949,3.42890771271759
0.036317979075325,-0.650365771767966,-1.58963096449832,2.01443493506551
1.26929097459993,-0.000644874430387965,-1.03592005083404,1.11880928165732
1.06012682433094,0.922361245823896,0.698925984981702,-2.26111111516028
-0.807044743522564,-1.32152457976919,-2.69592626216177,-1.56235165583956
0.0389335352124369,-0.246517448355429,-0.35998034636693,-0.999017041179829
2.02001662528609,0.79713956994241,-0.0210613162807812,1.11920813904991
1.87225333718734,1.04155775325426,1.42578671868746,0.391925439888023
1.14106109068444,2.29561803511948,1.42252182027189,-1.12204544519936
0.709392812840169,1.59703090194805,2.45785843035241,0.89670494175105
1.60129917996318,-0.593261629049066,0.00636145532490751,1.58809848520172
1.29294225207573,1.54326911330499,1.47167678919177,0.774502525107302
3.14316566077883,0.236653419592338,0.382889020947927,2.76013024423073
-0.629578358100759,1.76874594589063,0.149766746875831,-0.0161232336907618
-1.36613732609413,-1.33321975344165,-1.09668984867866,-1.82849343186385
1.36274743436019,0.803184091933941,1.10477794694782,-0.0605043966479846
-0.349011207358958,0.501127408415866,0.828092909333833,-0.550059072603623
2.09273092907934,0.873771799147225,0.686501540129132,0.243679790947309
-1.17311019915818,0.369431826119754,1.18043934995214,-0.777572031716457
0.405947325575153,2.96883920910504,1.41677506558373,-1.34744173438108
0.0482297088036812,0.145576781433264,-0.473251063563069,-0.912866242441913
0.136249779668263,-0.615114530652893,0.290978500526303,0.867861843962205
-1.07766766508836,-2.34816423651897,-2.55027841442755,-0.254098981993762
1.69738469902498,0.200747046823615,-1.08925988570593,0.950769115385072
0.860435562696062,1.25089793446399,0.773021144989464,-2.26566087648743
0.442983583483498,0.895111448541217,-0.412372839839556,-0.782993399298794
0.642581677981361,-0.392543532830177,-2.23648075419141,-0.267595805565887
0.172619187629363,-1.41727174212528,-0.889278846072144,-2.03203473661106
0.516155564428352,0.102285104001096,-0.830254746315878,-2.11186478861612
-0.0103778267747918,0.530801693910773,-0.949577748227373,-1.53039557279726
0.562988519063876,2.01189543790706,1.88886535978503,2.64413402280903
0.474384041338383,-0.672942032185613,-1.20189969023484,-1.97055165482854
2.00078901145158,2.2509259991296,2.20790813895017,1.12217266690332
2.21298004248947,1.41149552712413,-2.01871331915995,-0.579179714676336
-1.19401911230793,-0.834288616324964,0.119194555466551,1.08075414711814
-1.37118911305705,-0.268482032608264,-1.15957441585673,-2.21212432053785
-1.29812721570558,-0.83257212266491,0.82784355127319,-0.234661495602532
2.70220919058995,1.92991407135196,1.05493142010027,-0.104286827003975
2.37055922267315,2.95428388647182,4.38713065705797,4.43942876859474
-0.74551737548484,-2.41678902097213,-1.95758168024595,-1.16942976265568
2.32726689646281,1.83675514996906,2.14743114394141,1.87559629118536
1.52687078266104,0.149130981131067,-1.0826233297739,-1.09421767528625
1.55006809043776,0.93572303919936,-1.04418917064524,2.2751966074556
-1.10086713059054,0.0109482471369866,1.02953352689963,-0.678629590596428
4.44939968021931,2.57094415789862,2.16909834554314,2.54861994121
-1.59807148055252,-1.83227586748802,-2.60542982242903,-1.73615987402713
-0.828547894225195,-1.14501680017862,-0.071474393189113,-0.0774866357241492
2.01585941728072,1.37517857975426,1.09366676635922,-1.32272569562091
-0.495088279410912,-0.567153760064332,-1.59823455327877,-2.52099805011557
2.24351054572755,1.00786315450219,-0.752543968986126,1.56766359179477
0.531673086021987,-1.18469331547394,1.91234383792127,3.65898671105897
-0.781949999688675,0.384829497808438,1.24324102452974,0.520600651469423
-1.26837356132719,-0.0541546518993707,-0.779557024451652,-0.765065948811303
-2.02232169872915,-1.19141993180075,-1.21837169571001,-1.59435025085905
1.67844980469097,-0.0632008590659812,-0.319209245055919,-0.0380798102617561
0.0466156474107464,-1.54446170227309,-1.37656125504155,0.341042263984254
2.0032826286063,-0.484635887880025,-1.38079315498888,-2.49671125903704
1.43053527992975,1.69482753804714,-0.186204119589175,-0.731583403301669
2.7173231226773,1.56478480764779,0.758529216751339,0.745320077595616
1.25064817105968,1.34958447513463,1.232504557611,-0.730312740725466
1.40723317785274,2.85512658171638,1.07107518916322,0.353622446094576
0.925591735712741,1.77375026300321,1.63474118561972,0.720091910132968
0.550962102680265,1.82435387754117,3.40833167105386,2.11101179417326
2.40993148448328,2.88356098779524,1.74628634414834,0.786816367358284
0.22172354736772,-0.979141689147274,-0.833602909463643,1.85195063942875
-1.0139070779484,-1.85056261037205,-3.00032761568346,-1.69584300868772
0.344250787407799,0.549669771285628,1.82822974802063,-2.68548209229907
-0.190274140330284,1.94803667374981,1.95656273624014,0.403026407548308
0.47294756669982,-1.70178056293165,-2.17839782658147,0.278251666635574
3.07019475285178,1.9114438890162,2.77905568995296,-1.15303664820649
2.59099249348114,1.57093567262478,3.03941447991093,2.09205562151936
1.6605438192317,1.2362234326474,-0.885965450927989,0.913222492906058
1.39743905601405,1.95467932495534,-0.228428227706864,-1.149433408431
1.82776450642383,1.00114843084163,-0.448045147516155,-0.914217449542351
-1.89738963270702,-1.10152708656299,-0.915751385350572,-1.69708312006576
1.9046090855515,0.588913836346455,-1.50405870677972,-0.464910644508791
0.672571774525097,2.60913909552114,2.24787217342658,1.16276764150508
0.967366726194708,1.97204667341324,2.62103229153026,0.821934909432196
-1.04559943347825,-1.50738774922449,-1.57499517674385,-0.808773272632882
0.513072464557099,-0.287386147702104,0.990005889316442,-0.276265023054056
3.37872596674061,2.94620164362097,4.53721385640321,3.09958033726488
-0.133289539756036,0.357298382689488,-1.17100570595661,-1.33956308090028
0.432442571742995,0.286432853311614,-0.658608469398258,0.769389529330972
2.50823983631289,2.92431189839176,1.72156750433625,1.91155477006172
-0.516499923697505,-0.890638976606402,-0.20227149399466,-0.152841406583782
0.380070658436402,0.483847890484792,-1.16932657943784,0.036516487055362
1.29504143722285,1.22486701503462,2.31493438509258,2.29735919143874
-1.09351085440097,0.59818378179663,1.06640393782232,0.882645717036672
1.71510255162065,1.94812247787858,0.884602600869352,-0.893580111477937
0.491729869949969,-0.772048294985082,-0.654451362677736,-0.310282013588568
-0.444644138642233,-2.67459639222763,-1.87705735732898,-0.740596715031037
0.140734112357306,-0.922595204176549,0.736189067853965,0.308693842489055
0.830427885561133,0.461177923423266,-1.15256302929317,-2.57497108610171
2.14186587866317,2.27271508936229,0.949782912511361,-0.290265436989552
0.0523993666572077,1.27730882395508,-0.105456050172325,0.0866680576130324
0.105526994560852,-0.277997310322416,-0.318983204859168,-1.80786373760646
1.13817908557531,1.44347567438652,2.48095979904657,1.65559015973945
0.636514134983091,0.0613615433831632,-0.291391639573334,-1.24492713013858
0.501314834815801,2.4219627720806,0.353207633279883,-0.651819994898316
0.79122281715186,0.685563315394388,1.16742823981429,-0.710369821708297
2.18959091909942,1.44559158316385,2.23101363924071,3.08362417990269
-0.296666747445733,0.104298458156638,1.19232986583204,1.66101272879633
2.26770539431409,1.24779972013925,0.279322481598968,-1.18608904544294
1.83857057631235,2.41167295783015,1.3316841896949,2.42232710373002
1.65332246974571,1.09238400204024,2.42950461985718,3.48965250985098
1.13361200296363,0.953727838140726,1.41349216638165,0.262120566633757
0.605635988981517,0.0977838938018376,0.334906278571061,0.388358187161463
-0.990572151881335,-0.114459536301934,2.00086803083302,-0.493588514175793
0.108013707276163,0.541685750762005,0.139067457204878,0.893204745869962
2.018708945201,1.99058028714728,0.642987274635031,-0.417303456930849
-1.30264658505345,-1.93726046367906,-0.859763321138002,-3.18026782474586
4.20221029722755,4.46919032361555,2.31943219960289,2.12685014232076
-0.670976383361998,0.227289553926968,-1.10207076017624,-0.992168663180939
0.773762948383816,0.815542172918185,1.21039360497807,0.74963961944711
0.98820013182281,-2.1028071106568,-0.455639743547127,1.01179185455501
3.02342609840311,2.56531269476513,1.78755011874242,2.1095784763319
-1.02632273527049,-1.97476128153398,-3.8881565840117,-3.88996458870979
0.456244594432242,0.352605145091139,0.0337200647855728,-0.93749731449814
-0.350771198231651,2.11569252083681,2.21791233455232,-1.26455405349267
-0.312884738376343,-1.78243296844023,-0.336542415411821,-1.24334627502298
0.394890591804781,-0.351747698875332,0.0402280606248663,0.637425097643135
-1.84334953020071,-2.82252291443871,-3.10410906690384,-2.75079232374258
0.949301576946855,0.548167970657018,0.0673984521737169,-0.437554747992277
0.806750049939323,-0.467773977236717,-2.87649854559433,-0.354947769505118
1.41815978858407,2.05430733590204,1.29864706031152,1.76864226031847
0.669251488576613,1.16537448006044,0.0803733131637988,2.28034779541792
1.15716397828095,2.78981912635645,1.29799171895008,1.1172388780048
3.53411050184187,1.7317918797415,-0.686076095853859,-1.89191593072862
-1.53786761553358,-1.28639844801683,-2.22319246326336,-2.83767168202749
2.17671684879727,0.766596262580169,0.212587042358122,-1.17910613059043
1.31782769315562,-0.366568622361233,0.570853684183384,0.368028063655422
-0.511562646769889,0.720134579256171,2.08894714465562,1.38124736731829
0.282831206583633,-0.496424991476551,-2.22966207929008,-3.09566303925805
-0.211115643603034,0.63247559732043,0.299419789963113,-1.9536100808858
0.631443229060995,-0.0580742717407448,0.203765800900376,-0.844777114535189
-0.217820481010633,-1.31764622534841,-1.54582660472287,-3.08049319748797
1.34645020072822,0.00694127507004172,0.782381042509766,0.726553195748649
-0.0785165457186193,-1.44750826633919,-0.672145118777935,-0.450011786829966
0.901836891557039,2.59605025232222,-1.50309200957584,-4.26291946063887
1.57659391192618,-0.151886547034397,0.0145918849018283,1.988840640482
-0.887034714152172,0.291218443218717,-1.65773566111969,-2.40392028204238
-0.651432139471328,-0.562732708098666,-0.247217065097435,0.690933988911859
-0.123018294181008,0.156824499181784,-1.32579476282727,-1.112498563827
-1.97581200055595,-1.80477031076644,-1.93517734285105,-1.42227375428853
1.60378708068374,1.99961425340857,0.30746928762189,0.722204089151762
2.51507242807846,2.93488762627967,3.14565511108561,2.50169803234897
0.263353704062439,-1.03722815950131,-3.33119722455844,-2.95499200960742
0.726247166540092,-0.023520277344325,-2.1570891817872,-2.13296133267278
0.125984858562606,0.442582221427,0.386718308565123,-0.563581292823193
1.68221498087791,3.39124146572681,1.28554960971956,0.940038143463325
0.307662097289104,-1.42778245487215,-3.17254713060854,-3.36985540533708
2.19908628003965,2.16902234924418,1.5405442917316,1.60170974346323
1.77257363410855,1.15885040262327,-1.18066797106001,0.14743620389173
0.603357362985043,1.21842208109485,0.117683080521725,-0.169264329198015
1.13142933426469,-1.25992994762773,-1.60162964604876,-2.56131349468422
-0.43267738801033,-0.670634527205194,-0.542871867222678,-1.07631184854156
-0.996990912996939,1.11796842569701,1.70707972375363,2.17537340770021
4.68476649792083,2.88058661503622,4.0503818060064,4.15942421931801
-0.937876210123126,-1.73699590300182,-3.05295635688391,-3.79436916773371
0.896754218117354,-0.556527396580317,0.516552646296535,-0.0514544478333759
2.09141284977143,2.76545704306661,1.52335447967232,0.147206900036953
1.09792422091817,1.216300223294,-0.17897865431206,0.153458666165789
1.96827559678997,-0.741231787062571,-0.61921259354948,0.0459473950007967
1.12870216560023,1.32254916575909,-0.57825260973012,-0.289444178549149
2.80422295039574,3.05526342066904,2.45703434269807,1.64114555458855
-0.768765060651397,-0.737945872558736,-1.16840262362604,-1.04769892907173
2.32861006876686,3.35751464080209,3.53467450933186,5.23762090331704
1.26803772457416,-2.26996788342859,-1.91199756617972,-0.326332927790855
-1.66413950646981,-2.33328613367337,-0.415616994103254,0.854126709278585
0.252129924284476,1.1652985476286,1.55141190977463,-0.281450034750606
-1.85622083372307,0.105033020749265,-1.04795719607185,-3.00827755855419
2.8464404672811,2.96155756076665,4.23306755121049,3.22877311863016
2.99600661409938,2.69688943255044,3.32230844265286,3.09459423901508
0.959000268397519,1.4168202294062,-1.29049236172222,-0.579911974391363
-2.28397026715577,-1.2176389778509,-2.81293924639536,-3.3667897641369
3.13998486929791,3.26499376215315,3.72071397000757,3.11074633381635
2.75568554389434,-2.14749510979221,-2.05555220345344,-3.20546619392612
0.245119801652979,0.300616798600391,0.513913271476114,1.79655069929646
4.5227418774049,3.59217688094006,3.15184616339253,5.02492550112361
-0.475837573252274,0.656190383705206,0.59230890142726,-1.835503701336
2.49108355315227,0.930066206650923,-0.496396585205573,-1.53694831205589
-1.05429381956306,-1.51487002265599,-0.530811475092687,-0.38059847644604
2.91432806907967,2.74360245734426,0.852275750730158,2.79905159690988
1.87921379540649,2.59837073294987,2.9815103345556,3.46253535773689
1.00924770481513,0.00426458034378507,-0.137891955291771,-1.02002059530272
0.00295939515259014,1.08222592700771,1.61130063414228,1.37001850165894
0.634092273505709,-0.145972453743701,-0.147049611004877,-0.547143408331215
1.42960717741327,-0.308534029305864,-1.03362299710592,-1.06010748971381
0.989783097337528,-0.442886490911703,-0.0900854927763179,-0.0856673248813784
-2.6917955476856,-2.12413416378259,-0.738752094384304,-1.46188543933211
0.740132747090352,-1.4249634704154,1.51492304425868,2.1763085541538
-0.5259832947207,-0.344114239477921,-0.28072755072311,-1.36214724529624
0.846882540497808,-0.468738443228078,-0.514171334841592,-0.794410977845128
2.15615155555384,3.71708604990779,1.31254827584815,2.05686650190507
-0.457180755967398,-0.818454096053339,-0.707752017357654,-1.41067551505116
-0.439902413306761,-0.572994930514479,-0.97852022051814,-1.024975901532
0.470482313977591,-1.44873194337592,-1.01116761248315,1.25625398531933
0.0110817931112561,0.159171809942284,0.989406393769361,1.0184934696009
0.162075067710349,1.23189165657679,-1.745834450359,-3.34697394567014
0.405666602052592,1.23160283660276,1.08392943545637,3.16701989471991
0.778984906395602,-2.1268547992972,-0.0595252873016974,-1.05174464337721
0.520571842303324,1.55270719838386,-0.423183487389612,-1.15845698795643
0.735067472484768,-0.745865227136793,0.0826926527506749,-0.0192620086589181
-0.0559568609148566,0.383229548859469,1.67426394603655,2.69183650263258
0.410178580441504,0.484810428814822,2.96317131200497,1.35293371492454
2.09524438273544,1.70540903142637,0.391363811332529,-0.117384674610221
0.330788223349126,0.927349135498021,2.87881379456581,1.63289629686649
-2.46456113792024,-4.42747992544527,-5.33898316548453,-2.83984134791199
-1.62874450512855,-1.45146971921604,-1.5213735144544,-0.0938321185729267
2.43227394283368,3.32107256113533,3.05468892719296,2.1248098047164
1.8034093124512,0.912237063328319,-1.44484622936267,-1.43817076300335
0.907443855820723,1.24613423004329,-0.748363535015003,-0.773277009939231
-0.382467508208917,-2.04274306902125,-3.02629430978989,-1.13538861397089
0.288277222925794,-1.96714388348155,-1.73968798523321,0.988271414682475
-1.68514422956765,-1.10499970224429,-1.66875778763204,-2.48503792856002
2.71319083575519,2.83291236612448,0.83401975074722,2.07453856134771
2.4660095311513,2.33770277872412,2.75645339741036,0.15553900646886
1.17012516084071,0.152532103237041,-0.758925447527365,-1.69018965452767
-0.323100099073292,-1.24701545201662,-1.68958352834841,-2.67957142179091
1.0262223083502,1.66025318485178,-0.475585213681663,-0.529344028672384
-1.261976526535,-0.379966043465154,-1.18594930321591,0.21041448615129
2.94469360327637,3.88483876741731,1.67533513193948,0.511751014546556
0.146379389622234,0.156998143609422,-0.739985366481677,1.64058034201227
1.80500819055525,0.497031812734174,0.699384325339176,-0.688453996606693
1.15579849016895,1.3720057097567,1.02331098279865,-0.0706425867229818
-0.0400050928082226,2.07212005017554,2.94696500283317,-0.42739783914709
-1.85431506246397,-0.798469633606937,-0.175427536334183,-0.868533172716534
0.376472340908812,0.662619399742516,-1.1762264847531,-0.492207483406836
-0.237619226657492,-0.663975159496471,-2.23741618851986,-1.01233192047145
0.000120047520385302,0.0358863159015476,-0.241252654344952,-0.880503959513024
-1.90846664317202,-0.502241429552214,0.0311121508082779,1.00023348447896
0.978719572471025,0.103086767387995,-0.563879860185369,-0.39967184583457
1.99122342713369,1.94959814512259,0.362209326959897,0.388539297592201
2.82383909574297,2.88352043131433,-1.10647425623537,-1.20036298322509
0.438991001689947,-0.821804751848775,-0.112903049551132,0.406777749047285
0.38850787719793,-2.21921682041833,-2.0551682369402,-2.8250816899963
0.744060551720344,-1.35690341194607,0.612567061101654,-0.719517234524382
-0.875631658676014,-1.41236169165664,1.90153067663393,2.65354212556809
3.02731296373432,4.11456578422655,4.89050079683157,2.78916812784393
-0.182597116980094,1.03454859047905,-0.106484217029077,-1.50585445761093
2.50264393635887,3.06109650846499,0.987450717144553,0.436375012178997
-0.705471885080247,-1.38382222808406,-1.4968245890464,-1.11874563277993
-0.283247020687904,-0.395417086015214,-1.10107016028613,0.439709452182595
1.55831908820915,0.625180301555346,0.845079358035145,0.534155389568145
2.1644649431603,0.0857044991814049,0.744800050552958,1.02094130529518
1.6864068338229,2.03523982751499,0.179495830392836,2.78858732428648
0.281898546282369,-0.904564510910936,-1.65236612695994,-0.814851218756036
3.74249988213464,4.40688353548827,4.4603180440396,5.5693765600844
-0.0320823754368548,-0.950844670455195,-1.92821996699458,-0.521582414791171
2.603046007894,1.48302719832211,2.27759792434881,2.31822708967103
0.843095911251494,-1.25284672564209,-1.19627319368468,0.155188126844489
1.31673935169851,0.929755729264677,0.49179031805658,0.380329339083883
0.470527898598828,0.833419716988529,1.07220732698701,2.40903612754094
-0.820832489621915,-1.89740203894158,-0.300837723066446,-1.76153734153051
1.36860193787038,0.516288180381488,2.05490754008343,0.929124476603746
1.38361611769857,0.994274332757176,-0.165478822880958,-1.02929826807869
0.513326077099308,2.32673162794124,1.38638383704312,0.278670459435251
-0.702994125442967,0.184621005005153,-0.973679819239654,-0.555758065686989
0.516712033769813,0.714198422265391,1.11356195536353,-0.0425237979488903
1.06356006219173,0.107381018183498,0.164372735481746,-0.476664726367601
2.87711178942245,1.20570259444762,1.45571254438313,-0.276442576545411
1.68251516591696,1.13420267893005,1.72390195283121,1.79835875125767
1.27322408513826,0.560242832489155,1.07694671532152,-0.844517460269071
-0.00630080881733408,-1.36040166198534,-1.36342539459028,0.295653386366115
0.487939530280211,-0.158887509216406,-0.346737757377273,0.169906332466407
3.52365935162177,2.25015710913328,1.56882949375127,1.34442000930117
0.0839907677073425,-0.678030982710994,-1.71208107723761,-1.01326697557491
-0.599792676444816,-0.254499702034949,-0.0229320621745877,1.38184161772413
-0.689263307202434,-0.955920939923281,-2.48608142900315,-3.95167983780428
-1.53781285409085,-1.3703914731513,-2.24197497928329,-4.93107795030303
-0.496941710452148,-2.7295061574558,-1.80630476399502,0.318919622854882
0.0617111558074381,-0.680507123895757,-2.28178386983984,-0.288616308056318
-0.0158857594158204,-0.417376457770305,-1.44834599402514,-0.362058120048006
-0.258121903782622,1.27302638497804,-1.06983228734909,-0.510933295458916
1.3056553193439,0.719253612642013,0.137625919500189,0.350715974750076
0.0448804360297014,0.260341409359265,-1.42058501005667,-1.1148654390878
2.86250067301581,3.33325818526388,3.83668165414455,3.74535122998456
1.8637786324257,1.88267209313387,1.15765556756601,1.04768702429054
1.49484741397626,0.431753086028852,0.261826225325574,1.62814558596014
1.17261543534063,0.947954384751754,-0.732295429296527,-1.39651095993743
-0.273634626235809,-1.06500692586793,0.0386031822060319,0.119424753863648
1.29190420715381,2.73554483911405,1.67018428613459,1.42800506481014
2.72290140620381,0.604254444138508,-0.749183656585206,-0.204644260338429
0.731731936374032,-1.01508724307362,-0.55897466376678,-0.628675330130255
0.641228563694681,4.2537187567677,2.39138464256934,0.364209831669233
-1.70197285107605,-1.6205992993208,-0.487940205040547,-2.06166752775555
-0.0461926887467035,-0.951100545930656,-1.88466983072717,-2.07757449635279
-0.360668109907445,0.470533105488035,0.684149779134982,-0.25306184392116
0.722900567721446,1.00896482158091,0.735401503783808,-0.614497721660792
1.51189715420103,1.53890539203094,-0.286388214743149,-0.229393781870133
-0.376654864877955,-0.211367265667109,-0.632388659471707,-1.08913992275609
1.2136782890633,-0.254629299711933,-0.558491286860015,-0.530780135853369
-0.070680461906763,1.26030173671065,-0.0779333306554865,-0.335967234588867
-0.804715745078228,-3.86347828776598,-2.8586088297082,-1.21669941636965
-0.0277165670676423,-2.08878682053713,-0.578153740016067,-0.672094947360314
2.21354398911423,1.79375099394115,-0.749216831904369,-1.0920715422854
0.599687001580578,2.02562982514909,1.80220694257797,3.71162522306603
-1.00005204836785,-0.983941094146921,-0.189078197601189,-0.584669655153775
1.48348840771834,4.52562897717898,4.69957246895891,7.01614482597873
0.434776406365223,0.083225582803725,-1.88995333568591,-1.47168528777067
0.867436830067624,1.02260267342546,0.111214311170258,-0.0758913002737356
0.186262872476089,0.234285988820059,-0.310599189572374,-1.58263664892244
-0.88439136623313,-0.657263525147727,0.826571899980941,0.218129154876433
-2.0860467663454,-3.11467032473439,-2.21916765628781,1.93629409891833
3.92486070886406,2.22343602547458,0.936295245461273,-0.217688473681339
0.779554732871816,-1.43921186908251,-2.67282731847276,-2.3447905796022
0.365797996768511,0.56676256030837,-0.701410476574583,-0.657990408810575
1.33455008280944,0.420945085882415,0.714774442303399,0.804401574286924
-0.549005989716578,-0.824107430191303,-3.53104236760504,-3.11460336842293
0.590757199283776,1.6178094862733,1.08724931616957,1.0512216446176
1.09304940175222,0.443746328162129,1.37035954126869,-0.688504032812278
0.855144380893054,0.995512610095983,1.24523533695322,-0.788293555196265
-0.0298830946649661,1.70778191463061,1.15976396507275,-0.975045594656641
-0.344498589390687,-0.133746568976744,-0.589881185010307,1.04312976195275
1.52775408867661,0.956504280919519,0.830021883067796,0.673665566368693
0.229393591373808,0.8834657162833,0.172618964173169,0.492499000983856
1.89051708117907,2.12853445378323,0.77506223759805,1.62279885507899
-0.32736350628416,1.19899881457081,1.80162972007051,0.0829932533153021
0.149502548130587,-0.328666042480822,-1.23414383323647,-0.930197153749266
-0.818442003724837,-1.50649845858773,-2.33009303246746,-0.37205504679526
-0.320146252778031,0.168251117734626,2.96818636027987,0.3058204353986
0.888659118008881,-0.749866190742888,-0.887839547813711,-1.51946388056992
1.31737181094268,-0.345991118491224,-2.62818686224228,-1.90299419727084
2.16178935347247,2.4840995705467,1.2568471146406,-0.0626435713347375
1.9793480713106,2.4365019996249,2.78570650738256,2.54661662857676
1.75351779142425,0.786009798401404,-0.255311027534104,-0.0608446458811183
-0.102604535978546,0.172650607811996,-1.94065724149136,-2.95340510652266
2.06595100735695,0.957059441989565,-0.799610016110553,0.680130264212033
-0.316175432496721,-0.909744020351579,-1.06202527021641,-0.208170063379747
1.23000627878201,1.97182763790286,2.24076744650999,0.973627463063706
-1.16000149147272,-1.69254417163062,-1.7560834543949,-1.66064295188987
1.55952620572083,0.576581380806294,0.244760010472257,0.684823760686963
-0.05288181339889,0.0928109401687812,-0.601226222622455,-2.16889443257879
1.86546791898337,-0.897823716653481,-1.53160463913777,-0.126448057502859
0.782603947244711,1.09903228006964,-0.259342303727638,-1.72038790466516
0.648417515187067,-0.750634843476912,-3.53360568837273,-1.95567481104027
1.10823438246071,0.853680598331896,0.888353843713783,-0.269515157880423
0.23365365841986,-0.596332293136272,-1.3987823516363,-0.341243302859501
0.680161771248648,-0.40155918916895,-0.900497405694967,-1.01624580742628
1.66558718215555,0.623566160413821,-0.201343360142022,-0.695110374657532
0.225466253435135,-2.74039889178073,-4.77834766378589,-5.07520605692881
3.85986091475286,1.53054604887673,1.11380226347887,0.784493136854524
-2.34268361332379,-3.22155497657527,-2.75694635279272,-2.76120819282097
2.01592889008121,1.30616454416892,0.451180719443879,0.575645596952894
0.70754691297904,0.922655226949783,1.33216465610954,-0.0482550590840303
3.60755638566616,2.72933373792153,2.33509691381593,2.46261793846077
0.682573191409044,0.28829154472394,-0.743903867183273,2.10436242436443
0.875892527512199,1.70433809300721,0.0576982138133817,1.23839085940578
0.00727534078988212,-0.674729916725528,-0.924185474399089,-0.140151017388331
0.239774269730801,1.37052253261249,0.443035641506207,0.861175800728812
-0.0286856790746786,1.54382866907624,-0.217345743671949,-0.738597119952846
1.6079804535079,-0.680253434749326,0.100567672225379,1.1311927741497
1.18560465466158,1.01190692322248,2.44270791393699,1.44049012720348
0.64602410258289,2.14218619300123,0.404987476836889,1.09211626013276
-0.711845533831562,-1.87481920211049,-2.87267109712803,-0.8510142225629
1.12235006614464,0.0224211924012082,-0.537725983486684,-1.34152723587619
2.2773791668485,2.15644497968508,1.2135536959539,1.67794922130028
1.37273012506145,2.22420815521175,2.37400419453804,-0.27399901845719
1.0444830381037,0.75629453983488,1.30973576184903,0.0980138237053265
1.76970636773567,0.102617052361618,0.651884732519304,0.765034888905633
0.801175998864561,2.17986098397604,0.91718159255081,-1.42667012513607
1.33406893397359,0.565209897329959,-0.574213085445054,0.336437846005392
1.90048325105725,-1.03442167263961,1.57780119377473,0.279432097341174
1.22045418119669,0.924025303871425,3.03661366007525,4.99412709846546
-1.60890407034864,-0.167553945883749,-0.526315463457407,0.0389992019399619
0.770994280272168,-0.823597371548479,0.710093269681954,-1.47251544444438
1.52123553146874,1.07240532341502,-0.166443329088931,-0.0827182696703239
0.923882610593298,0.202700419015574,-0.338185753506843,-0.788774053976022
0.29733095072035,1.42591742382829,1.04882079018718,1.74557669884401
1.74366800873186,1.63388842089736,-0.361394507755997,0.57517646266742
0.58783902382581,1.23168946980653,-0.29152665619394,-1.67320366640303
1.44893197153415,0.990772426364003,1.67146956336268,0.95418124820677
0.0463962042530843,-1.05780169359925,-2.62261926977346,-1.42357879131679
-0.478761837330649,-2.54503079745399,-1.37619351502169,-3.17117069763222
2.82164909259047,3.10460321368609,2.40431006888076,2.90903859330887
-0.0375186801283318,1.21135155868503,-0.000940976459080756,-1.51289621139109
0.451681975432221,-0.668362142799309,-0.791224149224172,-1.15360177681353
0.190612016379143,-0.64589581131724,-1.03384414263516,-1.1658577410618
0.0599016058197809,0.238793081309258,-2.24553430563176,-1.75296441482491
2.06369407724121,0.224251164629914,-1.55831609377402,-2.3335979686138
1.22840635770194,-1.02470726872107,-0.481088362728854,-0.310958193363187
0.362248196637701,-0.0763718456386386,-0.459300968642003,-0.00567454244174759
0.110392238010288,-1.24006385526045,-1.77528750872125,-1.2259514702069
0.694059663712578,0.277861595747318,-1.56392993859456,0.79579595223743
0.491365207750878,-0.572955930247592,-1.54603953428832,-0.992790980770982
0.672553601920003,0.471345053836234,-1.09656165273713,1.02031642161263
1.29401626167172,0.424862568121633,-0.827382372336763,0.297076372271294
2.18531920818692,2.30167863248974,1.12291694584524,1.53347076835276
1.99183760797843,0.78727826155701,0.646585565507038,1.14026227638523
0.713943485524774,1.09913265670938,0.757952435065056,-0.666117200343964
0.812788675568636,0.453775085929026,1.04684348898726,-0.43131980264065
-0.00619398248781045,1.97618821480414,0.602518137520103,-0.792944220632443
2.46395077819611,-0.791409792075243,-1.30599393924133,-0.344829406257636
0.0264432387103269,1.28199662597074,-0.33796652491127,0.645449605437555
2.25872584997178,0.455409573133907,0.843965369721664,0.608671254509878
0.225673265761019,0.108263738176495,1.19915083058112,1.14290925494489
-1.01344015268357,-0.823822351858836,-0.611690949663416,-0.751424349358226
1.63811240792562,0.0693896664033404,-0.734756636993266,-0.624607661638797
-0.705255703539531,-1.95021320770891,-3.69924948929728,-3.9140371210411
2.56141726772641,3.96456661407201,3.41874608797911,3.22115914602152
0.473188657727446,0.267708965091907,-1.02344482049821,-1.01071151520925
0.416392500227906,-1.21820446144972,-0.289906183307753,-0.452020228675252
-1.2526821574082,-0.915729209482095,-0.824949708911113,-0.793830707568772
0.872386456699717,0.980284305802998,2.11130734009576,-0.611942918899045
-0.944911384925518,-1.55872584556749,-0.702069207157615,-4.17497950761231
-1.87112387673012,-3.37869850434657,-1.0483316409395,-1.86237281543557
0.39607514390265,-0.529469305256638,-1.03963547536529,-0.735209810313464
-0.00654323082348895,0.780088323769428,-0.108566023692463,0.595071244936514
-0.100789627458562,0.424342221460747,-0.371048421699743,0.219060126047606
-0.633439283517898,-0.681027106139169,-0.413411346053914,-0.683543610324751
-1.38731060455791,-0.490553149641548,1.27226903143162,0.484700287048287
1.21308826039143,2.15113706453763,1.48745421710423,1.74515647547533
-0.463659286792112,0.502654145229289,-1.06578640965288,-1.64130660722062
0.279701347012258,1.21747338215213,-1.14704335217002,0.354877626698607
0.608649790180389,1.07105020069835,-2.50189327860168,-1.74484843614498
1.73584834437597,1.67097731496014,0.816375564965839,-1.21295142699643
-0.155177983983476,0.502693974432203,1.30893394367298,-1.58696888304309
0.56114183897396,-0.85883470313445,0.0930302768611535,-0.210831735147018
1.7650680578916,1.32769092218683,2.5772543733761,1.65125397790135
1.14720505142411,-0.519247259149471,-1.13016293673973,-0.852443499004859
1.14294955303612,1.38044602215983,1.21552588860613,0.737383210268568
1.45390201999847,0.78824201852749,-0.107924662206673,-0.341221483885455
-1.76891270835502,-1.34798691633081,-0.263166164656842,-1.42250026850842
1.89047913722891,0.786503741833054,-0.952592886509173,-1.10557167933037
0.165629556664254,-0.271791308523159,-0.0524118955168966,1.69552898087647
2.56727233877333,4.37693904906929,3.5874368453525,2.37281316713246
1.12429239895226,1.51323850910216,1.77313335947277,-0.132146589463427
-1.31000860640912,-1.71925337338683,-0.022073128832879,-0.628863917255162
1.17297717254603,-1.87792755121805,-3.13871723433039,-3.37733786269455
2.11645094776354,2.52217040907163,1.87243538176059,2.14046415301743
1.28542671002589,2.47131928352201,0.866835042993253,1.22441147855329
0.161513339942077,2.3649979401635,2.86366389656599,2.15162322645482
1.93170582619448,2.09614200326054,0.635924077143903,-0.920967112243808
0.0562711290409746,-0.0104880415932891,-0.168006842477189,-0.484001811082116
0.761147328794444,-0.876705954731996,-1.34738372453328,1.2749390566092
1.80660787529027,1.74529548208477,0.782997835333018,1.1333535486807
-0.355036326728032,-3.09920137685567,-1.61653626049872,-3.88774127790503
4.42667926149275,2.99096749268484,3.4590653825762,4.85318606750997
1.38486798266595,1.58422750425345,-0.546680954904671,1.17896612963499
1.65710089482368,1.85039494021317,3.5400127886902,1.58841314993496
0.494089355718805,-0.952082958854771,-1.86193718285181,-1.75053645027898
0.763162859001575,0.972870857518299,-0.251854231602474,-0.261862593153098
-1.74715966621091,-1.75358408742669,-2.26981837980232,-1.62372087853707
1.9983738043883,1.38658737513995,1.69955135090026,0.548742967361956
2.25493890818436,2.40871840279643,1.60457718539626,2.74201613352165
2.19578093988032,1.44944014283549,-0.183395712318787,0.394647051763889
-0.385811384113516,-0.26722790309665,-8.15627486412396e-05,0.571881896855297
1.27819223915672,0.598656018332628,-0.299064360094452,-0.0404280151099251
-2.55431005108006,-4.34157763394605,-5.44688005229467,-6.04772870217972
3.82543420758335,0.191676137896562,1.55438690090122,-1.0485707579363
2.28193578167823,-0.62049042134673,-0.875725639156009,0.0747127311148209
1.34370494396574,2.5318208913279,2.23097350989399,3.06346836146982
1.97895941232896,2.08939115945101,-0.195225708049221,-1.38143790934309
0.662811881674086,0.449017396343634,-0.91238573877621,-1.53741390165662
2.67319798407639,2.33880535751845,1.28424859318572,0.0669569319984072
2.03586207570252,2.13687699217403,2.195463722822,0.889879508325392
2.33498369577073,0.648794517530245,-0.0782671499825745,0.1665642563584
0.843834631722139,-0.210288657974892,-1.12969694522513,-1.11671144266291
0.0495415690106683,0.607556405915994,-0.535192811546824,0.541659193782329
3.03808824299063,1.75122169276058,2.56106332733597,2.91936812136369
0.926940187417865,1.19624767739296,0.03035958792712,1.14512782101541
-0.428856942037966,-1.72678493711758,-2.20835446189057,-0.459959550013531
-1.63838353818231,-2.24429834517765,-0.317043454288825,-0.0599243728334969
0.211706939468568,-1.00615630854858,-1.74906405989592,-3.85720793907816
0.577462204676401,0.668551126715581,0.797159220330697,-0.448761173202194
1.51897124993735,0.762099551170714,-0.990425757223338,0.701642000525522
0.644757414960612,0.136142306900567,-1.46460226483781,-2.01935746807725
-0.602017638644654,-0.253341350556893,-1.87058802926119,-0.445970336768579
0.186874860728154,0.398487590326857,2.11812483604113,1.05655979618949
0.289626828188138,-1.2490830251229,-1.81385465266605,0.585179566142389
3.80876818617533,2.58665784885157,0.820398347427554,0.724399395624155
-0.185018441103658,-2.6786884022129,-1.32398551133713,-2.62716886515423
0.454017881430845,1.78188356106102,0.803350958117314,-0.828976306524794
-1.33876474511993,-2.54957406767796,-1.54373644557561,-0.962829325455789
-0.608829947850352,-0.464462615708864,-3.11795929269142,-3.43726539567881
-1.35900497090153,-2.53741890796346,-2.7669846923435,-1.4931066439288
-0.996318046415612,-2.63241303201394,-2.85998021843918,-3.5738002767953
-0.87799507685448,1.33604860444525,2.26100095577529,3.20787938140124
1.28750189704634,1.49422488328914,0.230405213816161,-0.813183314433087
2.61048678505576,0.375794526823294,0.423436827420628,-1.82365615977463
2.63489036443226,2.68406267568049,3.32238907240661,3.10431924527696
0.940104602481076,1.86434491547569,1.44941197026952,-0.113248041307318
-0.605536547316896,-1.20512835955683,-2.43546529943335,-1.55025689421945
1.16995304539606,0.61511483721083,-0.749287797266372,-0.055226529895144
0.339714347771431,-1.26535460092839,-1.573804973791,-1.27360302013926
-0.219023621339635,1.39278633914709,0.145568382296887,-1.26457768145081
-0.203860565438121,-0.992186415002287,-4.64345097795246,-2.96837294403506
-0.652076814746497,-0.923053051580228,-1.48302377724851,-0.746633231305911
-1.21276478733076,-0.132860243476636,1.6994026336018,3.02675197116436
1.34801077025399,1.12569928302549,1.5051537755421,-0.903660601743654
1.47186084473861,-0.0161633241199798,-0.568926867643753,-0.644050009868245
0.74443084143833,-0.563167166092249,-0.380652054987712,-0.848320820284466
1.90817832343244,2.95412386241529,4.11416875810887,2.01936757758062
2.83142049879439,0.378736160606412,-1.37251781018519,-1.37855820193882
-0.52924224704095,-0.181651670614805,0.994160498003866,1.52740336100228
2.23325179334755,1.27737079534751,1.5762712335347,2.34742512607282
3.53577615408958,4.67367278903802,3.91824601316895,2.86298303274807
-0.589764287023237,0.127753424120779,-1.10053524754761,-2.54324934188041
1.11788773868645,1.21711048530066,0.621975920050269,1.93103828139678
-0.804171137463112,-0.758473016734484,0.18083949116507,1.18482425709964
-0.220657029969044,1.01312385016599,-0.825946296347663,-0.885980017489857
3.66832824409198,2.83632973002122,2.22586070665249,0.48792447045396
2.32343154845836,2.75538180617646,3.1624805345243,2.06630188561275
-0.358911710729853,-2.05056003332913,-0.906581851808511,-0.712908618056022
3.34720113509402,0.704034944470303,1.1658623635203,0.673926007019907
-0.0844056750952854,-0.904240100108088,0.485850891628639,-0.218358032240482
2.5952339947234,2.43259108583918,2.78432859314886,0.724499109655002
2.87004114825465,0.84738777689695,-0.109323755846241,0.940970057794729
0.616748633779719,0.999480468657531,0.551185069186844,0.718614736321095
1.08789227087876,-0.3453221702654,-1.02765806636365,-0.103017627532817
0.480417071319654,-1.65740593472025,-1.87525906794262,-2.55139028747665
-0.439051169574798,-1.82127075863731,-2.6850142004736,-3.4790958618043
-0.256587737514983,-0.531021076803583,1.50121734817978,-1.45621404603111
1.58296153084148,1.43676002723862,3.36794310703209,1.66786466931669
1.23312690349784,-0.647579816843944,-1.52172497989794,-0.891123343374344
-0.54371355786172,-2.0554837896643,-1.37140685025967,-1.08311065655003
2.65221010506214,1.68640145517104,0.187454740003252,0.509544013591955
2.27401034263575,1.70966372741009,0.163590570644638,-0.460791651064418
1.1885614444712,0.695322517705615,-0.567878944146891,0.00792528116633817
1.13462199770645,2.01085771887178,0.684221921360413,-0.897796181525862
-0.0566384393725416,1.52709243917567,0.119138043328095,-2.57647895836253
1.73966590103868,2.03164536181506,-0.0879538408938922,-0.187736238202848
2.12684598314624,1.72703863613626,2.16319494923327,0.520525413129528
1.81991668412134,1.56981307464634,2.94066997423012,2.68585884860574
-0.927473612511657,-2.23058409707476,-2.86521015860305,-3.06606443333956
0.938075927089095,1.61864363317575,0.771130338919373,1.06294294268093
2.9119785517009,4.74028960907541,3.66089432263002,1.59508471378567
-0.0128711490642277,-1.99161145309347,1.84501263225273,0.420961206734571
1.87719039770696,2.22712113654199,1.01951314547019,0.803923502023111
0.925818690338436,0.404446845349573,1.89749240382982,1.06760141093393
-1.0601980089974,-0.906393674636921,-2.34759091430647,-3.55197464079125
1.23125093231843,-0.992211493387746,-1.94473571319096,-1.28691622266085
2.8829225440248,3.20410183860839,2.06024859478102,0.869263671405656
-1.25216910738516,-3.1735772408128,-2.95612556408441,-1.11646494036355
0.927882080122892,-0.81880883443848,-0.730851540782737,-0.496900757406832
-0.818615064670259,-3.05541988425414,-3.4432788483398,-3.08401651820061
0.882058655418848,-0.81984581927346,-1.40835294625597,0.2430038916442
0.125910097582081,-0.161393919703453,-0.406636985826959,0.240143469310542
-0.25909525609812,0.329615350972725,1.65321967451681,0.524300153636521
2.05373269085917,1.40405829932431,-0.13860173926543,-0.317990175340508
-1.54351527061197,-1.04721593591563,-1.05013422869038,-0.542417359047394
1.21312395667788,-0.751905212732107,-0.512827676574355,-3.12587103632313
-0.283710726645537,-1.63657921016042,-0.852921381298149,-1.2032896165182
1.11220960812629,-0.153903489283838,0.81011297884872,-0.738503627368638
0.397151509726658,1.66010308077338,0.129954551338787,-0.0279463959573476
0.0289880192253891,-0.840388806681265,-1.61815464468125,-1.97784011012194
-0.230162889060034,0.101463958458694,-0.948881742125753,-1.83035521785747
0.504283345580941,-0.368279034308978,-3.20139055656215,-4.19032554335046
0.410596718856313,1.08508888072467,0.339925012724402,1.00396265164646
1.9590628061884,2.55778040570415,2.53931471114402,2.27382318522676
2.99374770388431,3.11269291024367,2.87786267007964,2.83640735798621
1.53842478307597,0.297068128318275,0.760443906411988,-0.268173392058278
-0.327066888719773,-1.07582715924275,-0.0214948138108472,1.32207710067085
2.56076425989854,1.9516622923091,2.28702039685743,1.35569973773068
1.75076627821062,0.930781910656226,2.27077442328994,2.00761641113931
0.0279941481047024,2.34752260064833,1.19929366448089,0.815038140460698
-0.893266206735007,0.367242008982368,2.44714502157035,3.83720981775818
2.8790200445426,1.57070139923826,2.0953807388904,-0.141489496539023
-1.49928796667963,0.444341037338961,-1.22415927271871,-1.8811349994749
0.609048434565388,-0.472840806469511,-0.799778673846823,-1.23897376946099
-0.330572107742952,-1.60622752534365,-0.425980032479545,-0.549426807713692
0.392134629336515,-1.05112834757204,-0.584275882215032,-1.18475482126672
1.08326675287971,2.5321041059604,2.60316258793577,3.36686488711323
1.60923566871719,-0.0969550576891931,0.462057624213227,-1.85921208398145
0.613439814762312,1.00129664367404,0.567027664255992,0.730546743576545
-0.0350424876114956,-0.717426106443738,0.714924028421051,0.536723100898874
0.119064529318288,-2.20780078290355,-1.53418041799681,-2.45982517265407
-0.665951936712998,-0.46168455424402,-1.89034856710417,-3.32233180126742
-0.0620304392927065,0.801163178967835,0.633389631376547,0.337012861253474
2.22711422403139,1.24469825699862,-0.0113746770299763,-0.807481039516235
-0.123785755004344,0.279561634145745,3.95368617793371,3.63664761291613
-0.218598949962934,-1.71195181764562,-3.07624676700433,-2.11395350819269
2.04233504692914,3.17443987504939,2.70444994060406,1.0013796510751
-0.121778810068327,-0.131270894128552,-0.948584805029733,-1.00639147907238
0.856702453917184,3.84745531179482,2.33537662969816,1.83837743270008
-0.656603606086046,0.98191413478455,2.37811243367103,1.45655016400802
2.67304168385917,2.89516818739109,2.03847264344653,2.82609450894209
1.14037147012968,0.63220935569257,-0.565072217273684,-2.22899511346894
0.532715626947058,-0.462409025158536,-0.688789797613526,-0.699042855542282
1.78430348944844,-0.527348450706441,-1.64641167288736,-0.22061174129588
0.619978048794368,1.23025766498846,2.14869701018764,1.25380667469645
0.832106290895571,0.337211153898321,0.267285539393395,1.53423468394543
0.598869615996168,0.39336438505447,1.630594479844,2.63172232240153
2.07325822075613,1.86469031245488,2.26784808623477,1.01344442633459
-2.49815890523992,-2.51127622244927,-3.06471010098816,-2.08790556608043
-0.0983302986968168,-0.313287242151989,-0.386564974874742,-0.181500527325386
1.88532992096133,1.62531125800962,0.785472919997855,0.865535975410305
-1.09968043168641,-1.26484894967043,-3.29707914471003,-3.2509502540355
-0.0048771181240829,-1.17724192234508,2.20263936981594,2.15569567606996
0.618917476799762,0.0815486164027667,-0.773409107047467,-1.96807921402774
-0.59394096026725,-0.172522772922968,-1.58833899139964,-2.86323974514104
1.90412808607974,0.677775501587144,1.41513603302287,0.556023780858514
0.142352465845004,0.821658148578098,-1.6309075087504,-0.893107599365295
3.36238411477728,2.43143793943304,2.31351119307174,2.22631798710433
2.29245237214848,1.32335593700536,0.313012528781892,1.51255063598525
-0.960496719758649,-0.898827640595653,-0.0762112516596304,0.155288248613712
0.760527358821027,-0.672010656624243,-0.791736814594623,-0.961128407174396
0.465963849464079,-0.24333405884447,0.695806120621952,-0.405776179275482
-0.121890059396262,-0.699861201816142,-0.49810299817564,-0.538250591567701
0.284934365515393,0.50475109280541,0.0335954487828869,-1.8867273203157
1.76027437240216,-0.365952913459326,-1.38021941709649,-2.51699774746384
0.0581447182714538,-0.293906116148439,-1.90323825107732,-3.92886862032584
-0.515520439812973,0.209771434040583,2.62527779193799,1.49850160631188
0.744591549407412,0.636127064580666,-0.147872413323281,0.446302758617971
0.0226974850158219,-0.212282112936991,-0.599178836208209,-2.11877545027996
1.44730630811219,0.250338760486498,-0.487339707830388,0.657630896237498
