"V1","V2","V3","V4"
-0.55387472839652,-2.43059556310983,0.162936051190585,0.77572636955691
0.823258725430801,0.55108561774635,-0.489171887967465,-3.26350175107082
2.10585958931614,-0.932059303508808,-2.61086489417609,-1.32939526738507
-2.13168566835446,-0.303473379216106,2.85731712521005,1.78631497017678
-1.49754562035578,-1.62562509725541,1.3080055518879,-0.330533188741773
-4.50642356368365,-2.10497455000298,-2.57678034844624,-0.696394346046241
-1.02681784922027,-3.64823849731158,-2.82278698089291,-3.30046009724531
-2.1734690210467,-3.2165873486993,-2.62103933532901,-2.12406722176926
-0.902555267779724,0.435756129414371,0.287973865652346,0.378983675078208
0.665919492265725,2.47539545439493,2.17795698134833,1.25067101409574
-0.113733182574787,-0.820974254412487,-1.32583796641564,-0.105664438131766
-5.30411159799965,-4.22813067360983,-3.54752495188854,-0.529938200581498
-1.75028015352751,-2.85814990914414,-3.69587905733085,-1.44338844506535
-1.07682978205336,0.329309837477361,-1.23278275055291,-2.63027218895041
-4.45130318209205,-4.98908255210837,-0.402418774179002,-0.773515513493384
-0.567393128725245,-2.65797388383958,-2.59791957913278,-2.80132068917062
-3.13185821826007,-0.0648992577666998,-0.340152011019226,-1.09505891772714
-1.36072528676543,-2.17815417494559,2.24140767936172,1.8503188394441
-4.38360959673413,-5.76133955798392,-2.98631041786623,-1.62483387427967
-2.84412838078048,-2.88462740195641,-3.26064229757239,-2.1270857285127
-0.886899287408641,-0.544302444523696,-1.18036829045188,1.22530920038754
-1.58986870550585,-1.57675586797974,-2.35141600807752,-3.83342626062223
-1.67427357867191,-0.20131274222808,-0.0191700644103088,0.0285397144886439
-3.55897405490144,-2.0942324581716,-4.95165345379729,-1.47606808213729
-0.501360115544141,-2.59379243196286,0.502471137820494,0.327805363576597
-0.98377815866972,-1.39325268756639,-0.544067875617603,-0.895950835624023
-3.53348131810113,-5.22433241067925,-3.48701654084579,-2.9404212398682
-0.419387179718989,2.52974203099452,2.57516128399658,1.65806748793937
0.460249838236741,2.12080228979634,2.58819679504811,3.3098457613681
-3.09080706426746,0.111821331113256,0.0377818800326685,0.488723528386112
-1.24662441058518,0.190559248862107,-0.966812995083455,-1.30006142384158
-2.53459184690139,-1.24221880176031,-2.02742106390431,-1.27864420934961
-3.55456932239286,-0.633639128322654,-0.0632449077276639,1.3313834637949
0.853819038635341,2.25848955626523,-0.665677037136371,0.806588941107639
-1.2840662426979,-0.64089876732675,-0.207610417874288,0.966160622703973
-1.05152760050029,0.6678033465264,0.646083879289629,-0.347347155198984
-2.07980724384883,-2.28840007254426,-0.818714992274725,-1.50851037601285
-1.11745908606392,0.0416336963252142,0.03471306847379,0.563741995515676
-0.428615194763456,-1.57022915972808,-3.29133247181681,-2.76838804868089
-3.74834241524502,-1.58364411636526,-1.74905675895781,-2.51248679432343
-0.47547485954249,-0.40840071373531,-1.64856796777213,-1.23483475998469
-0.246408060371398,1.14127599938132,0.0780179042813249,-0.456588054702718
-0.144514554023994,2.93427786737161,2.23007179341278,1.95815774866092
-1.74921472245709,-0.218184012824766,-0.58584292968379,1.0443381401888
0.336800461314785,-2.47315883663101,1.34855186241967,1.40570173922243
0.122970057271761,0.473988366670882,-0.663237278133475,-0.961531048092235
-1.23063376523117,-0.206948493333612,-1.64999156902956,1.93731368704082
-3.17761186674336,-1.45534863235029,0.870843353031285,0.442357006283421
-1.93718502038829,-1.84113051568478,-1.48781337004028,-1.10577771550353
-2.20177697635678,-0.243449352144669,-0.463468910533687,-1.0229705431102
-2.83725772413841,-2.6405904235386,-2.97052674037778,-1.95105289477512
-1.92677338507101,0.824807161953369,0.322374088712653,0.236253303584713
-3.32919871622232,-2.31497768246788,-0.690103323787761,-1.28739325202816
-1.15856798835209,1.13450489564674,-0.338664013389233,-1.53970687535159
-0.080591955174951,-0.631589717204567,-1.04841145218765,0.392917362254268
-1.01808635296798,-0.372432647780632,1.98529859663285,-0.201013578177896
-2.16538230988574,-2.22097413643872,-0.348483126363392,-1.57360486618874
-3.68452864078054,-2.3297421919589,-1.57816525603207,-3.16680422453744
-0.810080346280844,-0.098691465536648,-1.7422597984208,-1.2884180369387
-2.04390247160728,-0.561825927600989,1.37851315193186,0.0927516396847404
-0.565184515394125,-1.00853286983237,1.33179347864059,0.880097632217635
-0.481290762455825,0.543862114273138,2.82264711570124,2.75893583220895
-1.2053107404132,-1.51964265591331,-0.221256922493412,0.154780853329316
-1.62618286416714,0.20786183202471,-1.03345287956665,1.3720674032023
-3.19135805121258,-2.2847948584171,-1.42016622567944,-0.754111204882203
-3.4875290714833,-2.51927173280415,-1.8935131192891,-2.5911385226749
0.819114017655549,-0.0936178365905154,1.14380600929293,-0.422977418139409
-2.54962853249242,-1.0877714357641,1.94064233742013,-0.683792014656091
-3.27094295336013,0.61886312850376,-0.758326919919811,0.640725890549935
-0.173424617274007,0.698472273221965,-0.814009762454541,0.86171766697453
0.0431101367001933,-1.53748635535173,1.5656030852565,1.32744632723925
-1.74887098584107,0.433684098182734,-1.64172987265463,-1.06870657420162
-3.50462397552119,-1.16381505939859,0.676822093160168,1.03787745615881
0.0577344007617477,0.140701523831088,0.495574927191878,-1.30074023197405
-3.64714249627706,-1.4991137250277,-3.46850432161737,-1.19895643289035
-0.812058372339447,-2.75735038802922,-0.753541301168365,-0.471123252972733
2.38174544735698,-0.319091582618143,1.62223375287284,-1.38824564466179
-4.77509837752049,-2.20106428939984,0.618088402180211,-0.0194427049210394
-1.41660241400458,-0.717235301576646,0.181778084743419,-0.206882299451842
-0.839325026038508,0.0334339256632463,-0.833911301865366,-1.22009803799792
-2.71312734682393,-3.00098424762573,-2.66942098829855,-2.03766003277265
-0.583980744370342,-1.89509060727518,-0.632569238398029,-0.359298538479971
-2.7790377562104,-1.29221405149583,-0.862551865233784,-0.256482466107013
-0.443341019395899,-3.4413549119869,-1.53165567591507,-3.28561133302465
-2.83330400098768,-0.021808505191822,0.616767709064008,-0.47152220186601
-2.48894223313684,-2.09655267147435,-2.66849622768246,-0.366162963665822
-4.4388486884704,-2.76371124650958,-2.36446010287108,-1.49095811323521
-1.78239374151848,-0.520195901604832,-0.395218159153851,-0.358470573987692
-3.20094346573947,-1.80964354177364,-0.98303420262474,-1.28273285627494
-0.430883402487638,-2.32282977678712,0.629567815556355,1.73317714289483
0.0710405955734876,-0.435275664892967,-1.04025074495962,-1.55229235416658
-0.689935754448463,-1.18159895998719,0.653448063561735,-1.48427118679795
-0.480552069887578,0.47579517615919,1.29793036501271,-0.282719900179697
-3.27271681544391,-2.6704447387155,-4.26599243846273,-1.01774995855804
-0.98767338037739,-1.74137846042064,-2.32169377080634,-1.78483627078722
-1.40683900132698,0.670938075045738,0.332844999810958,1.51744115779668
-1.22881772245124,-1.8432302722993,-2.31508920212037,-1.0434593218424
-4.06640967096071,-4.28752195782667,-3.17194548906661,-0.918493898637242
0.0242253618591589,2.26376454791726,1.66181389560097,1.38901219730934
-4.24475074264498,-4.00649157126839,-3.65968711647997,-2.47306286476323
-1.33072513261376,-3.28936195945631,-1.14820104171273,1.05972335069305
-0.648168408891349,0.269984895097507,0.822029715777378,-0.336887412743542
0.531878187219537,0.205749427888234,-1.71649539335799,2.5969703650828
-1.31765837862632,-1.51618179539334,-0.867621195221348,-1.54631840924949
-1.22914270696672,-2.4568418447504,-1.33421570621027,-1.34955784537566
-0.0010050659658053,-0.0688818090303521,0.744018092683196,-0.131694546184525
-4.09036930252675,-2.71564908820155,-3.3495614830592,-1.35478585203358
-2.63574262047522,-3.21192253856041,-3.34746207828482,-1.73009990410046
-3.10891095052217,-0.106507830547651,0.660663802185561,1.04741700347037
-0.144366839543197,-1.39721561853105,-2.2662759682617,-0.440147726521939
-1.94090345771873,-3.91124811439707,-2.24152996122516,-2.26581058016419
-2.08054622445937,-1.08964618204855,-2.8504054905249,-1.93069818926919
-0.127993566580244,-1.30351523332289,-0.413841327191445,0.302620130935057
0.656937607490504,-1.20321600311976,0.186722152641961,0.67882100200985
1.08296032665637,-1.62647670485821,-3.21255166683595,0.343729146903637
1.48864497801275,0.749232783503664,-0.900697907105858,-3.2467090782703
-1.7811984171968,-0.353169417039514,-1.01585814599975,-2.59239043672024
-0.672983814768306,0.0639182541380663,-0.241649558453581,-1.53711578439987
-1.80008707088734,0.207438184782941,0.321413698910956,0.780044397490246
0.359131441372477,-1.25177405324706,-1.59207180739086,-1.8577791617408
-1.8836170827208,-1.5459119790699,-1.43326875859957,-0.484064601129549
-1.40562147706072,-5.24955765866059,-0.368119328012945,-0.675770687037462
-1.22068127618314,1.26438850138595,0.614364500167516,0.725840086287421
-1.26728191830458,-1.17302071721773,-1.71129026108157,-0.871295149002659
-2.73614542917138,-1.03313764728771,-0.0424321860388809,-0.698251794216424
-1.26917253645639,-1.03028940108802,-1.28091562094005,-0.941111233745968
-2.14661496256073,-0.788606944530823,-1.69415494062983,-1.9204414964565
-3.01591295914038,-4.02351128503132,-3.4883386991406,-0.969651556876861
-2.57828142588154,-1.2067336585797,-0.567493414496697,1.46194739021097
-2.63096125879285,-1.16793522238631,-2.35676562591249,-2.80772960392961
-1.57629819880985,-1.44755052877919,0.0781405083989258,-0.45704966413708
-0.0621010580707266,1.01692146307843,-1.04547806922574,-0.109616522066628
-3.13075225411428,-4.1456130177246,-1.18203716644649,-0.770054073032312
-1.05493750989171,-1.70788963292893,-1.12913753072726,-1.29240170782956
-1.06022348584532,-0.582827129165959,0.618620475418368,0.559304834046655
-1.17989099006329,-0.57260696908415,0.0800640001239259,0.443469187708611
0.900598239996866,1.47161310625918,-0.100618818112964,1.61023053923354
-1.84543924580611,-3.4671642678697,0.0935029812296728,-0.154322673167185
-0.681275429069298,0.790728447087621,-0.187488373844698,2.5090200551411
-4.20577215846756,-2.68888625353614,-3.7300102829306,-1.96938369179135
-1.76834155159064,0.452747789180382,3.25738010283183,1.75553370119125
-1.12449903155665,-0.334906686720435,-1.53577024740734,-0.330390300943603
-0.617812394244508,-2.36156048280532,0.473921473856006,-1.27444662549482
-2.36221082768873,-2.95946348243483,-2.16697115808398,-1.68941211546142
-1.18955268389223,0.493049085645411,0.577608151265767,0.723930850060617
-0.0595339937224512,-0.858526487785366,0.811465263640163,0.651749930290507
-3.8100724873347,-5.400059783034,-3.69617635172857,-3.4999968212472
1.15926894377149,1.06834413585821,0.714109064272054,1.14159799424986
-3.17046912438246,2.10207282797583,0.612883275335551,-0.703444023880127
-2.97559804388526,-2.15621743332002,-1.37513526519075,-0.363487424976334
-3.25817331391562,-1.39705307743685,-1.63476991921227,-0.381545508933119
-2.21041107103768,-0.977785604374542,-0.810395395840659,-0.304423389044773
-4.21928552299733,-2.72714310554274,-4.03120195283802,-3.10159670895402
-1.05090931452988,-3.37257814805811,-2.62090085930032,-1.24487279252184
-0.572535698155405,-1.45729662677087,-0.278264204597506,2.11330570673884
-3.7128785071539,-3.36268460267891,-1.66868987491593,-1.51928934046729
-2.98089030828474,-2.13426999334318,-4.2421745443222,-2.27760932942749
-1.09429831220324,0.473475294219846,0.182297736912892,0.613772315794186
-1.63718473295155,-1.58148344127095,1.03419970003484,0.954065100596132
-2.30438108436769,-1.4298732733685,-2.01124321808296,0.683618491272717
-1.26595094539493,-1.19760914533237,-0.418758831362108,0.334258677394086
-2.55031499423843,-3.18970515259757,0.815302874361682,-2.05074826353146
-1.87876352717226,-1.5065932645687,-2.61781748542774,-1.43831687263088
-1.80881755955153,-0.392388121810571,-0.650113193523528,-1.29932269748687
-0.268703341124654,0.66978095996788,0.963939851996805,4.13002437516456
-2.27069331816898,-0.575734960435372,-0.721664756978768,-0.508784000792323
-1.19650068994476,0.415916087352131,1.03499741396904,1.19523644367264
-0.395787928855197,-1.07686850082254,-1.54989293753339,-1.59707414868279
0.001590051081015,-0.369220433313546,1.99727094671856,0.0805336158918229
-2.22582948100912,-1.01094035129534,-2.4892974027714,-1.16413747443756
1.20796830146486,2.00724642201833,4.79882485292103,2.09219897708967
-3.54693909703211,-2.38004276073935,-2.81534903966167,-1.8778972421947
-1.12787838692069,-1.8832670628766,-0.539461687068675,-0.0506063009522624
-1.15371944476508,-1.35501207195053,-1.16378739396506,-1.71160857121826
-3.08870242609656,-2.77411568519623,-1.88816062165094,0.34872428744571
-3.99655527992913,-4.50417147290233,-3.56701466205245,-3.58032206669301
-2.14937496483001,-1.1176186831549,-1.1582851607676,-0.899693518753031
0.247447712121956,1.35960910047175,-0.263252572520999,-0.653646637182657
-1.42234033645445,0.279035794822102,-1.76578165149379,-3.01867833615734
-0.22895521915009,-1.74456600467973,-0.889999484031555,-1.8661487916659
0.511879543607926,-0.200227919929124,0.3733536788487,0.990541776968571
-1.4307260082662,-0.991564142845706,-1.14472681864924,-2.46371851447146
-0.469217306588998,-2.48685883326473,-0.565364833082231,-1.37822384032938
-4.18333391616648,-3.69990919445208,-1.35871309960497,0.351516901414552
-3.60164532506245,-1.06149498882241,-3.6744192504651,-1.758451168485
-1.06467337744484,-0.558377117422432,0.819652903032126,2.07016327372334
-2.51817621813989,-0.184287111723493,-0.848202717968837,-0.803387994811948
-2.48054132132285,1.76181782359924,0.880297014388675,2.33390414554119
-1.87450344286725,-0.00521262819442997,0.022300958601151,1.12523045849657
-3.63287961117549,-2.50122711300786,-1.70585962419789,-1.45145357677555
-3.73294750872531,-1.47377037002981,0.877528081908231,-0.19031007962479
-0.271007836211406,-0.506266945985436,-1.29047834573028,-0.149339635401845
-2.27038171262603,-2.36618815166608,-3.61985609619157,-2.64549346987908
-2.64678698296371,0.299117421889371,-0.0288930778186108,-0.945382655380095
-0.110548767627543,-2.28342479892402,-0.706051662277157,-0.422555282453187
-2.52224846477025,-1.17416389006586,-1.00420017152654,0.735607736698146
0.215389409120975,0.694632074165663,0.0559394724779508,-0.59473360979285
-2.67765628415581,-1.17689929022869,-1.03127947445854,0.0161145176128042
-2.14448916937849,-1.17896628711654,-2.13595341968067,-2.04170282573212
-1.72873277909655,-1.00632189153231,-0.498004354901963,-0.818079967537717
-2.05521507340647,-0.814279579369774,1.04352792546821,0.504703436618388
-0.682791079337772,-1.86069865273813,-1.77016023196265,-0.855839709095221
-0.483028880228636,1.73510890081934,-0.803291937602736,-1.15767567794913
-3.2417694708447,-1.57672026513171,-3.19023708518269,-0.712725267364617
-2.82513549657205,-2.84524256116863,-4.5222984966743,-2.75793030300746
-3.18816812052095,-2.80851266971371,-2.17904381931923,-1.01011998120936
-1.58903862426104,1.10422054203333,1.82444824212752,1.16767403116485
0.688294405773121,-1.55101968475718,1.25647242398023,1.4030744611753
-1.85370501607682,-1.87910834026975,0.540654236982881,0.0524867811834033
-3.32028013115138,-1.83664969023483,-0.140550530380581,-0.431530174287891
-0.00697088783232902,-0.478506785029024,0.0348387166588933,0.431503966874384
-1.95321550920573,-3.31900208014951,-3.20336048809415,-0.990073394981412
0.983101456707472,0.770688924284192,1.13964148009564,0.618279484348397
-2.20941092007391,0.143085058961052,0.941720141998949,0.596134239352445
-3.43250961560711,-1.83104830240752,1.17222958567563,1.04590488076905
0.635940107520612,1.00851771917857,-1.13909445936695,0.161340318774188
-0.917277244997219,0.347335140215076,0.00921141407737136,0.74467259178316
-1.6333173362926,-4.02959545761044,-2.60602755730547,-0.306334060193229
-1.05138452519678,-4.27371865396904,-3.76396570644706,-2.56904254983037
-4.15703367835495,-2.86275579179294,-3.80365542196606,-3.18725539973549
-0.350482157011196,0.615455098164769,0.526688364382985,-0.0665890256040028
0.0165976034839987,-0.107383088784918,-1.64921039415564,-3.69138763699068
-3.47209413189924,-1.12129633749892,-2.23615658757587,-2.90100983284379
-0.76739212220177,-0.265442139336789,-0.137882218915001,-1.63479406467796
-2.13890119043313,0.371920850154597,2.37927124234595,1.36323829322552
-1.70672854558007,-0.690526167868303,-1.0927772336805,0.299023028714442
-2.52673414079045,0.394944765783695,0.539460766825812,-0.118252991598945
-2.56710318033952,-3.92150894433375,-1.26220081150241,-0.152159268937313
-0.481988217698664,-0.237530355861554,0.309771575358423,-1.01540769923814
-4.70987894039881,-1.36759725367137,-2.29975087240812,-2.75580698021678
-0.846763232267836,-2.80324844744923,0.226410151656472,-1.32364509300519
-1.25750741097661,-3.45951660257857,-2.64476373295467,-1.67100540344056
-0.436647488227404,-1.14703697698385,-1.46315286712101,-2.84422154045762
-2.55438096931587,-4.0897062002328,-2.08867306430361,0.0815281976044462
-2.1046648304065,0.647365581006437,-0.0610995740517295,-0.155103685039267
-2.25788225921053,-5.34045210354407,-5.92529158203745,-2.68814005979559
-2.19079726938998,-0.519233749849155,1.48496353379816,-0.343319704235239
-3.03520398776618,-2.11930861213652,0.244068215170058,0.553464562008354
-0.327048939323341,0.462023734396349,0.767141965577063,0.77609673600907
-3.96278857527119,-2.52098165745965,-0.174726123266099,-0.69067360246715
-2.40814588802488,-1.80424832705125,-1.09513045574978,-0.510913786925294
-0.192274766091767,-1.50319967795582,-1.94656919459381,-0.834120430370877
-2.26361520834259,-1.86947137013585,-3.12215602756828,-0.968323113885194
-1.41003950707982,-2.90357334761859,-3.98865783637963,-1.49707531421527
-3.02571287031594,-0.464348334982527,-0.832959893405005,-0.0167361641503503
-3.24982094104812,-3.91676939901023,-3.30315135418743,-1.1964951441148
-1.23687150030673,2.38025208861037,0.368601046062543,0.570158162538965
-1.12618740772083,2.88111976623368,1.95417333616521,1.92105239861365
-4.44030118582837,-2.5246037938375,0.538086318454104,-1.70678187916297
-0.950608635439665,-1.2738735172361,-1.69935945835903,-1.14906472873445
-4.17313689862748,-2.42865635401102,-2.10616303224805,-1.79875770655866
-1.83338121080752,-0.131031708671441,-1.43796429396616,-0.631901560816044
-0.959693825361438,0.695324711452761,0.726841633899153,-0.673932870608247
-3.9818725955872,-2.91169101563878,-0.768065702083248,-2.55748170425977
-0.755377698221959,-1.38281938272019,0.0584079292372995,0.697233001972904
-2.48845898416342,-0.400963844312924,-1.24391305073806,-0.931473509849581
-2.40633514216245,-1.06989629439301,-1.73599454167593,-1.36572708905199
-1.78790454534562,-2.32798780363425,0.275209229002238,-1.97465760243089
0.0960175192050097,-0.631144642443209,1.43149714042048,2.08911943083936
-1.75776027439832,-2.40673072187079,-0.230943743609701,-1.95016455313299
0.69989226298303,-1.95832503559924,-2.01889383129784,-1.45419094916698
-1.63733772252969,-2.49259865584441,-0.414062917011264,-0.254434526568461
-2.39567871444121,-2.57671747018618,0.110632677225225,0.480040381410781
-1.08254897980625,0.854687236936454,2.00240211333313,2.93645282598245
-2.0440470762021,-1.12669505639165,-1.39395590014824,-0.766415696621691
-0.830468602044078,1.30456828317298,2.10215857210419,3.5250257219056
-2.5594840500659,-1.92011065452334,-2.320230370592,1.35259507457029
-1.51576428882791,0.611066708418101,-0.246729047887523,-0.88918695803895
-0.270609182470846,0.735381581674124,1.1368700709123,-0.217811512068305
-0.282107373466866,-1.03067773038983,1.33964725953772,1.44059938486764
-3.13715775715942,-4.65095793463063,-4.22104175898702,-1.24545856496856
-1.06415227945335,1.73633322815428,3.32883142774016,-0.63661292917628
-4.28359836898475,-3.81888223498895,-0.688048434684857,0.713932426525862
-0.518986507949235,-0.248080392418188,-0.459485563363475,0.770172563244084
-2.03108725387553,-2.25956307664508,-1.82124601859355,-2.41667499526399
0.013991150125268,-0.811208466746966,1.0172430634369,-0.831049063303485
-1.72488457819057,-1.57799462069368,-2.09509721609472,-0.871818641443805
-2.44011054272328,-1.7623038529406,-0.884142741609742,0.875425028488042
-3.07729338347899,-1.5653527104293,-1.26271465744221,-1.24504836747946
-2.69668770288356,-0.772172865997018,3.03089576711405,-0.521391468756076
-5.43628188053454,-5.44901802193307,0.0971426782483038,-0.556989458089306
-3.54103399165113,-3.46961299758964,-3.30321162280738,-4.14560846007035
-2.81458401601723,0.114161105614522,-0.883198189198027,-0.950971845870774
0.435588224235714,0.884766840775703,1.68738325816561,-0.876857914372888
-2.83151498283513,-0.864883654059309,0.485468878687539,-0.0292118293112902
0.959294067354325,1.49008947225142,0.57011157369814,-1.24360928924163
-4.32462178004801,-0.509706689438879,-3.07498058998258,-2.3794840547114
-1.04344448591484,0.506527722560302,1.99031932489722,-0.860573683254188
-3.66695618872459,-1.94362395194233,-2.30828879967667,-0.280751720873778
-1.24900180294077,-0.759039613502779,-0.112827192740974,0.420930927367705
-1.78675683734252,-0.672160161858038,-0.784472935096837,-0.421770939390657
-2.4333085115297,-1.3682788129997,-1.42688986221649,-1.1375646845205
-2.34312335795395,-1.29187419898685,-1.24570130201264,0.210232141579042
-2.47555980257995,-0.605155784730619,0.0184753379442197,-0.512752564489888
-1.84468478428121,0.956745898743826,-0.465356878553315,-2.10988293170928
-2.08905326827667,-0.559311211137507,0.240714513525522,-0.617670058645768
-0.639017469641276,-1.29238392482081,0.444996351469901,1.28710652848074
-2.12361852519033,-5.06161425190568,-3.40130222812818,-1.28245426863208
-2.10755725841365,-2.54363509959644,-1.13850094731648,-0.0952060324877015
-1.77763408552455,-0.924895238343677,1.29282049784335,0.163523555553
-2.01710643327148,-1.57670416744149,1.34059600721866,0.0840214799656898
-2.1194776467816,-3.47329970844049,-2.33636542766088,-2.15983438812994
-1.70328406033259,-1.68075699145191,1.50905450168726,1.49671698060583
-2.11584090184234,-2.10346594203302,-2.49730938578977,-3.23600978818015
-1.34586576092793,0.595388237608821,-0.271931631783203,-1.29305289116706
-1.18751991637837,-0.561846384363979,-0.897417071797384,0.373382012705644
-2.6942689299041,-2.53507885361113,0.673994458783829,-0.166267461461935
-2.09947883812777,-3.13309265961215,-2.52018109667971,-4.1781187670867
-4.16046871329039,-2.16923205317249,1.41018025820001,1.29392662048727
-0.772835915905421,-0.51378001751986,1.58845059949454,0.0820136427256415
-2.54562169508575,-1.09127659728883,-0.113775912618147,-0.280766048931383
0.640229039652696,1.08228386239258,1.57132011157915,-1.20579699676304
-2.66617390185212,-0.568399970618397,0.615346652304546,-0.780240940552396
-4.41988743624106,-2.34929121804217,-1.17826741795635,-0.523990586259599
-2.68837833068638,-1.01931074584474,0.775901564102752,-0.0796695036714298
-2.41818257346713,-0.0166627411063156,-1.28873690380306,-0.357542259395504
-1.17848049142089,-2.44111609404546,0.48727197106759,-1.54059309257001
-0.362216160847837,1.38571501214675,2.6113924898296,0.703864238599311
-0.106384500645991,-1.04279841620243,-0.480646621766992,-1.31990321412701
-4.88263248178568,-0.976607499888853,-1.95837972524003,-0.264918063464892
0.514707417625448,1.88759287669174,2.2501440686666,4.28126010303265
0.257024570619233,-1.83094361535496,-2.8956821319021,-2.10798784226701
-0.572205340109914,0.622978652267502,-0.905759667405499,-0.472490733195322
-3.89635999872003,-3.66097478362975,-2.71825337762531,-5.4215689361582
0.87729318950296,-0.523307206347627,1.52288071921477,2.71815360310898
-1.82611572310095,-0.689651866455466,0.556546315269533,3.32266687973956
-1.21904633617729,-0.776901826172868,0.588255844020639,0.574894662577803
-2.61074378994233,-1.64078476596007,-0.371185250709452,-0.685776402681832
-1.48213656017442,-1.61112683043967,-4.78353416298124,-3.99184497580912
-1.31095141172906,-1.34350972247531,-2.44225080223427,-0.162327208330418
-1.09962233730764,-0.95323435154347,0.350373087582603,4.01608036973876
-1.70876976800708,-3.32138153209461,-1.74427338359469,-0.627640796077539
-2.29665674831665,-1.71850679304493,0.72318507680391,-1.252404271108
-3.01344031050288,-2.60898743315122,-2.44333101037772,-2.46759322378272
-1.21820458176236,-0.377092216357996,0.969537869693573,1.20735359918036
0.234251753302962,-1.3395698067021,-0.640750675798103,1.88669432660588
-4.56192214401778,-2.1472664851987,-1.73337837654212,-1.06151798988522
0.424756841956596,-0.740127938606836,-1.37254833205249,-1.1895747915093
-2.15142516790604,-2.68121089446088,-0.657599373781736,-0.989589816508179
-0.819693440498125,0.157368940627168,2.46594562571547,1.6849150458476
-2.03412514754135,-2.21754168901971,-1.06099353403656,-2.12305991832881
-2.4346655305704,-2.22868551538715,-2.56528115167488,-1.53018229836625
0.409698752419275,-0.180733207811951,1.15335626373146,3.34075460251483
-1.08759477145704,-1.70830576476207,0.141365336575463,-0.421494719517552
-4.27853340566909,-4.819370776575,-3.14383126230627,-3.02861065324558
-0.352771165594984,-0.532070980973348,-1.79379210455661,-1.81015019596546
1.99878932713415,2.41114061172566,1.15379010143061,-0.0745479101519279
-2.63369774793363,-2.25116637740791,-2.43481526540233,-3.55516804928145
-0.00204709017213878,-1.30161462859176,0.0349473760494076,-2.21626375861639
-1.2313236480323,-0.477594952560529,-0.365679109197908,0.928533039597932
-0.419318598455638,-1.77203511860939,-1.72457207992308,-1.86677438907198
1.02816713875202,-0.528931761808371,0.378287397380366,1.56699508527716
-2.62148999144432,-0.650324838704638,0.518379669495817,0.652084091849788
-4.15987602589148,-1.15675963874749,0.953207936562009,0.636668321546898
-1.57195193931177,1.00943239837442,-1.62066703681132,-2.12918111180869
-1.83021018299281,-3.24756897010948,-0.520651183036735,-1.10780831830121
-0.0867345255187568,-0.240432621881494,-0.807060395939995,-0.539900654069929
-4.3917825785996,-3.92949646535084,-1.90021264892271,-2.70029766775286
-1.41582306813318,-3.1440577002667,0.735260830885777,0.169522989972336
-2.54536225197968,-3.08076333401983,-0.45037957881015,0.883397484798799
-2.26469390687391,-2.00116400557241,-0.967067898510683,0.961796195553883
-4.28649964286548,-2.1890245623391,-3.49514141775439,-3.01223051419252
-1.60244679228005,0.469166853136242,0.119998000205765,0.783267886287469
-3.08429110501893,-2.27451629482942,-1.56235099118984,-2.05832685379942
-1.99799185106731,1.39050165309772,-0.130074806313886,1.41911256801818
-3.70759443179369,-3.53271792807908,-1.09257582129428,-1.4109293134167
-5.36336425094245,-7.39566063939179,-6.23057511811136,-3.16625715949154
0.798968049783228,2.24445992756729,0.664082607259891,0.709453986620228
-1.11554453883044,-0.342835630679779,-2.12899412196285,1.53188834005523
-2.40547614329814,-2.21593799090802,-1.90076581701227,-2.3590624581578
-1.09856708661446,0.232095493119229,1.97189232027053,-1.81111896714492
-2.24767761733359,-0.0942082041051368,0.510161855144744,1.34618780672799
-3.03004724302774,-0.805447013494296,0.143144835084417,-0.100809883227763
-3.83881644591308,-0.409953887541347,-0.593026164456193,-0.0868397343279343
-1.44386461855813,-1.78399371825483,-1.87261896107319,-1.10223904717171
-3.67846621425469,0.495846134752694,1.12265029825377,2.84790440142164
-3.22333889670612,0.793348664050093,1.77764910232728,1.11448706971883
-2.02055022586119,-1.52488893433101,-0.401241177341373,-1.8859182487872
-1.30136691183304,2.34119651078687,1.06837313094469,-1.89198504667405
-1.02226776596378,-0.540111902065798,1.37129500193545,-0.105667591936301
-1.13661589315243,1.74100709215775,0.0800258512084935,-1.63216434944573
-1.7338285340119,-0.390691357859208,0.468572329582766,-0.498602729768801
-0.566643730759171,0.109925307217391,-1.5659638606735,2.02558492843349
-4.78004790837758,-3.86161861000618,-0.653245003113066,0.455121742133218
-1.74259991257181,0.502050003733385,3.39988670184452,1.23794248787275
-0.498908476612099,0.125624150835605,-1.17013155910072,1.72526105835803
1.542097498204,3.91098269053129,-0.798265274064127,-1.7352119213393
-1.48144902342513,-1.52183229312204,-0.210192837041999,-0.482843776934276
-3.0865421454944,-2.87405109062962,-2.37784916366441,-1.17368179551588
-2.6377458905571,-2.13368229180433,-2.81536592301153,-4.57824983210393
-5.41623710004889,-4.9310546515927,-3.00019974956171,-3.94531254887396
-1.64368192900706,1.61531417554985,1.26499666045552,-1.40280427767366
-1.82895231836775,-0.87201103622347,1.37119550655693,2.68639152953005
-2.2586733105514,-0.00325285484057303,1.63189038389287,1.35959029669786
-2.46490451101505,-0.475017848776535,-2.62795499233435,-2.273593292857
0.546513664957142,0.925752817290659,-0.540079161162375,-1.77859781283711
-2.89281370644766,-0.62989390526109,-3.40588012597495,-0.882921671322611
-0.709139733426305,-1.36368130318993,-1.03550543575605,-0.801961142453976
-0.213986425925575,-0.790857112978168,-0.0792877539339717,-1.98020681147243
-1.56655139062822,-1.9538148104106,-0.958697245668451,-0.528775028244176
-0.75401253811533,-2.14227692348319,-2.64726859208571,-2.58283261329097
-2.70275953610702,-2.17145656315954,-2.92082689120449,-3.46820121555256
2.10957446134672,-0.0500965904122393,-0.749934598255163,0.181005694638182
-3.26600308252038,-1.41054823059119,-0.969244050042825,2.38487458150144
-1.51739459480139,-3.37094368434324,0.434226442945272,-0.592637388279729
-1.00288372690075,1.01390286741914,-0.418967844287846,0.881125158942895
-1.5229200804833,-1.2143795917457,-4.930238462388,-4.79793899738213
-1.72677669072732,-1.03519078263653,-0.202240078929264,-0.674114687492263
-2.13258891172282,-1.3266390864278,-0.820498140273176,-0.648945848407199
-1.30988404419402,-2.09763601440127,-2.92072810296503,1.606508320201
-2.43515981905994,-1.29873485939696,1.61336636207224,0.533475044633925
-3.38195991144016,-0.304780393297271,1.27424852129651,2.94606451694581
-1.89960339972509,-0.556435633204127,-1.49688364517023,-0.362666953471787
-3.44391552218599,-4.5970117831282,-3.3637106329852,-2.1076268836122
-1.53541536192677,0.0904875541568557,1.19026168556918,-0.40591835605987
-1.3625102313148,-1.63198970608664,0.221183104710013,1.06453610885724
-2.06976215623071,0.266498599835603,0.128720972658525,2.02570943639818
-4.43017564515128,-1.96254677994963,-0.860190403961137,-0.874320527135089
-2.59354609635144,-3.25949935504347,-2.00535787003412,-0.0521771393939613
-0.992853281709088,-3.1961999156189,-2.9750452451593,-5.44334008046321
-2.0315334236712,0.97816285907748,-0.498963848046338,-3.40993195117633
-1.20258781071873,-2.08097221971767,-1.18278609510035,-1.23818707901074
-6.01386481969568,0.446339407681916,-1.89362061778638,0.231357950841685
-2.73982809197993,-0.870104589353491,0.172699103950691,-0.812184611812243
1.82770668705335,2.99189609138703,0.422515303498924,0.463864822563971
-2.93522295659215,-0.198259566540294,0.177937411621291,0.422462332439251
-1.53842334977694,-0.805053661634959,-0.769567927131519,-0.573243325980191
-0.520096552818783,-1.87792055864328,-1.58478451979194,1.26259982223519
-2.19535597565711,-3.11517598639301,-3.74177042756855,-2.23891116133174
-1.31379470888652,-2.70944103518297,1.26417027226942,-0.536233637198921
0.240256242032917,-1.29712223204204,-0.485847733986512,0.369582204596394
-2.11482774890316,-1.62823713288172,-2.06226798687295,-1.51202671943626
0.0928552169594903,0.494178902003256,0.415711500813663,1.56932991147623
-1.13280998288725,-3.56137081766985,-2.12975583848474,-2.37188201506229
-3.04766660318899,-1.13072799532811,-2.43139275056902,-0.872210435987646
-0.518226447228378,-2.20318629472115,-1.76824785762971,-0.0934416760880583
0.531154701748088,1.23087859825783,3.57211771269865,1.90406145314572
-2.39477455687187,-3.18833446781761,-1.82216211145376,-1.27250667824509
-0.00015833779331742,-0.189430365319251,0.210415602289912,1.09012570180827
-2.68840513849954,-2.82717067383596,-1.18689880128915,-0.577471797893497
-1.76950790634237,-0.476020644822839,2.35761043727795,1.29776939415206
-0.809994719849162,-1.60441914106601,-0.925759278621915,-1.73860857383587
-1.5930400513783,0.481922294833583,0.436957515320626,1.54697774843182
-4.82127625885464,-2.60178329367526,-3.71206788469469,-4.68914708080918
-1.61428440820245,-0.681475909027766,-0.0251487474494603,0.210137164711903
-0.414136759404279,-0.0822141670749886,1.58799688924542,0.675402936426398
-0.658535182521271,-1.19659820739603,-3.92161977015383,-4.38118033912454
-1.96346454184573,-0.987020607338958,0.0709847860909003,-0.474892314506767
-0.535383440968978,-1.00657371021725,2.23856510437275,-0.520364320732608
-1.57486226528358,0.301240839443724,0.902377990733648,-0.163509548710744
-1.10706811794273,-1.1720643991911,-0.0920688441520132,0.529918606022231
-1.67294242899588,1.14943709080373,3.12172656633189,3.39427232477763
-2.81212471948543,-1.34064554009131,-0.0162401344065224,1.44188399916837
-0.597213304017462,-1.91691938368248,-0.342214932555562,-1.31958088100879
-1.97180477960277,1.30661464564021,1.38238690156799,1.56939853757708
1.16109078990069,-1.146393665644,-3.3372807079297,-2.53779358858478
-1.8884246557755,-3.45752745948585,-2.77275654568995,-2.30118757623996
-2.65280008613329,1.35332660632822,3.66720340811073,1.25973771610952
-2.71372924875372,-2.3699350523675,0.378739035692685,-0.445709647009171
0.125903426086626,2.47150304021353,3.75705521363328,4.91602823194952
-2.5622914859136,-0.894380677845099,-3.52975903092517,-0.340287862385831
-3.4514037804202,-2.30769994293857,-2.86685852009204,-3.43451156163817
-0.150888130522102,-0.442504973393518,0.517647486309894,-0.13524149966033
-1.74281319770385,-0.211149845542297,-1.81130028957389,-1.28826107364254
-4.71102967902022,-5.06343445071549,-6.3756574110743,-3.6311162805448
-1.93931480625871,-2.6106503172786,-1.63804249450547,-2.61223866245111
-1.17113262652028,-3.6151112446715,-3.8731996685371,-2.93871989553224
-0.533156576147864,-1.11524371121541,-2.95581593354981,-0.235283716242366
-3.4446540055561,-2.94498788501339,0.15183593062153,1.62493298817483
-1.07711244692109,-1.33685168670765,-1.74671913861967,-1.2001655586496
-2.24948020640541,-0.971519475873377,-0.79344036446633,0.848423343741749
0.187627412865674,1.23316802848023,1.70202917207637,0.475347279731476
-0.589740560725458,-0.965500018405943,-1.39751679413797,-0.884394890077969
-1.86446040473364,-0.553487278326562,0.979004738208636,-0.161534911234971
-1.391244058995,-2.56367813342958,-2.08101514853401,-2.0931086649325
1.46268770431405,-2.10943567486735,-2.1395612460107,0.752078004031586
-1.63519604178547,0.151733631993301,-1.22837238260358,-0.200571036566813
-1.35137550583482,-0.349929549323874,-0.96983641773921,-2.5888843778744
-0.936838375532743,0.304434112517325,0.939369766763207,0.357900676449444
-1.92007438905426,-0.872059578287642,-1.78660790713521,-2.17893220486267
-1.90592121192339,-1.613753224584,0.257531164338243,-0.682689260933641
-1.30519575946046,-2.19829835429479,-1.65713855688187,0.543996193044399
-1.8283122754604,-1.73216945798741,-2.05056491014135,-0.889388395092003
-1.0557759028005,0.209963493850826,0.923290443514376,1.28260384694286
-2.95798061377484,-3.94544337594259,-5.61182917399413,-1.78257910359838
-1.53491596358167,3.02171066944653,3.89156153633547,0.733872675906475
-0.314101232641476,-1.18456161210278,0.027861923669442,2.1332344328763
-1.15842149174494,0.486856310448083,-1.43813920894087,-2.88057590446467
-2.46853539873338,-3.02272884387675,-1.23611302435566,0.440979797899857
-0.141107003978337,1.77013293331617,-1.23680203802005,-0.660472011485139
-2.22360117675228,0.241186884715442,-0.787367977772111,0.214560309764546
-1.13074291043548,-2.98097328602291,-2.83354997237646,-2.23969383217845
-1.98392422145586,-0.45036506491108,-2.80392565123001,1.94757896856633
-3.74480737017521,-2.31071462084424,-1.71805017493467,-0.906030814059273
-3.0232486097464,-1.56092735405463,-2.94227115220752,-2.69728578864144
-1.62368287677048,-1.86739701517179,0.64313261138344,0.862545577645075
-0.177278320046804,-0.540272862881366,0.241189750282497,-1.56075715208993
-1.22196301765269,-0.539218387629243,0.107122743982259,2.14525702877893
-1.32555151207098,0.397372967441506,-0.384411926901638,-0.74924783279217
-0.325017877979131,-1.24573440303939,0.069138222585468,-0.549213426891062
-0.563402834249939,-1.03272979820166,-0.46637807961023,-1.580163363058
-0.0456561671388391,-1.20486399505556,-2.30068347664053,-4.05419771233095
-0.424094691094662,-0.111124727336819,2.15567358330081,2.54220861912849
-1.20647971971894,-0.144107534888507,1.22637802663639,0.47224717075853
-0.7390922607809,-2.56212457436399,-2.20972201220467,-2.44108067691819
0.423687592237629,1.78515648737138,2.84946990879174,0.23076194199476
-1.63680123520739,1.24204695862549,1.9517774318599,2.03283884278955
-3.39276330905519,-2.37289249461531,-2.18209718751217,-0.631740998498518
-1.16763154943451,2.26622027470862,1.21396952401375,0.740037201820676
-2.60548544518909,-2.80051109614841,-1.79239473955417,-1.15512274363081
-0.0178334531795314,-2.54403518949874,-4.97995383518738,-4.69397029762994
-0.60245006455149,0.585235627984207,1.0573959462702,-0.647078446513354
-1.86150622986814,-3.27592128927869,-1.59946718981876,-1.31410638496403
-0.824562992578825,-1.01025714646544,-0.437675130062661,0.789282657744167
-3.65623859472454,-1.90790500178411,-1.92969716619563,-2.94994295124303
-1.57294218133614,-4.01835155639957,-0.556563274935529,-0.738792289181004
-2.69313521227058,-1.00940237088325,-0.360256875131108,3.47617817239351
0.974613886102466,2.57585627977231,2.84371257722561,2.19304276889443
-3.59908772202802,-6.83050398614715,-6.16848426311548,-5.31976687252843
0.510384748761901,-2.7879382387697,-0.231198102891578,-1.16883833752341
-3.98655123144882,-3.67700040181123,-1.00276174374849,-2.39860544870081
-5.12982827841038,-4.81690619487642,-2.72301824279806,-3.12753004367674
0.310708233577182,-0.902532240410182,-0.391167926608076,-0.282368337396378
2.06052407807814,2.90290464520401,1.49631299353073,1.11102667050434
-2.02912745782519,-4.0051309602205,-7.34248456229196,-6.0475011031729
-0.492424048381182,0.894347566076895,0.378065408938413,-0.877554574078642
-1.22303370052755,0.588867820252349,0.362291250962667,0.520461072874279
-1.46584241516196,-1.14028505190391,-0.943878724235101,-0.895697988889531
0.733908946570933,0.262039599138192,1.22295058704319,0.523431699249992
-4.00209755736305,-2.11083248008486,-1.67716578628802,0.211434822631156
-1.29780448999945,-0.335815966272387,1.50929542070754,3.98686387623856
-2.53714394222747,-2.82940912854299,-0.712170244270283,1.67811018553544
0.775321576792033,-1.02463795993106,-1.56775142712096,-2.44579808552883
-0.352162030233494,0.396351686168674,-0.2443803019643,-0.140137497317787
0.0984684844490392,1.72951345461533,0.611999434726832,0.718621811398538
-3.65546921927873,-0.470527587206265,0.940072443865066,-0.769400173462844
-2.40636365192118,-2.10334056684322,-4.58039222526774,-1.40206276564259
-1.66641069416022,-1.47401532797772,0.803757344504876,0.605315599469634
-2.19870657506585,-1.45702230082559,-2.43207861755813,-1.49928540258889
-1.58186538772444,-2.79490725656892,-1.49811972181357,-0.484410219442734
-0.243678509892764,-2.69319299188274,-4.33032291451571,-0.654449032307665
-1.52709941305095,1.13597884004197,1.64005465679106,0.0929365182887674
-3.75948013393194,-1.08648320087528,0.517200124288857,1.80506611855414
-3.07838196088899,-3.30984072286274,-3.67109711313521,-2.60026096315125
-1.2130225183544,-0.779723669599931,1.64662552947566,1.83851394863455
-0.417748000994497,0.422803720446777,0.459981458279094,1.86675941804594
-2.31091762482967,-3.25756728224545,-0.870441171578599,-0.681530080447147
1.122048431681,0.842535591719821,0.70437503417406,0.00276059085679162
-0.752931193129243,-1.1635753745124,1.72060158569654,0.792038510733366
-1.34407659106131,-0.152840016711919,1.35034950048119,1.23928226594553
1.07472430601167,-2.32196693841079,-2.99205930000495,-1.52034183300458
-2.16673954915779,0.238717002448209,1.33931921633054,1.38699011502185
-2.42229269077785,-2.63365560992159,-2.63315026031976,-0.369016355468115
-1.64055672020505,-3.19532037281175,-3.7096615962764,-0.247399945797971
-2.32823388080369,0.263281752517307,-2.46219147548502,-1.00393639270458
1.31085454952626,2.3365951103594,2.92495543815232,3.19440821014466
-3.87464137046438,-3.73833779730915,-1.79169904370354,0.250766603105126
-4.68815851707792,-3.84239847545526,-1.97774947760181,-1.18735253091396
-2.29288121601288,0.000134965271422038,0.245358263829919,-0.59755439392157
-4.00023381549025,-3.24784934243318,-1.28169154957694,-1.92094706911049
-3.84200986205562,-4.29978149185492,-2.37010950521963,-3.42646558867465
-0.343180490397743,1.07906816789424,1.19495793162697,0.821314631783894
-3.42174071737807,0.750518851818286,1.17594186417087,1.60863543345717
-1.03573696219534,-1.56625292049967,0.300678789933821,3.28905234082671
-0.663687873452041,-0.83660102801388,0.25695292252058,-0.612055653387359
2.24954695901253,1.128934632982,1.23663432416602,0.651508928675896
-2.02754826875449,-1.8464846118361,-0.782875361001742,1.04083297080553
0.546814706481776,1.52360813172951,2.51782878562175,1.70135394401309
-1.58005646933173,-1.45074456155239,0.319223510946137,0.0360866576318001
2.6265917310265,2.16332014120519,1.37598502014243,0.475283773864154
-2.61917882008152,0.0731945795328758,-1.1425092119097,-1.50135754227082
1.56637277298849,0.820571730845596,0.897640710129458,-1.28469498891509
-0.0518714767783876,1.02952596263537,1.28415215427012,0.203560885995157
0.136464304556455,-0.0111381060838617,-1.17287346732697,0.384230482730811
-1.65660394503134,0.890604610986755,0.465716775927485,-0.403231383694506
1.04848663580102,1.92879356690508,-0.255557918004347,-1.41980689012815
-0.733848660518216,1.51992335601968,2.73406839788651,4.92395089705417
-0.480807291652626,-0.63327162933062,-2.07974566426,-1.94333708987769
-0.7011716257024,-1.75108261339057,0.665515748041177,-4.65100066363859
-1.36755747024702,-1.2822416659217,-1.51385033884216,-0.900925266518894
-5.21318047833213,-1.98205703298485,-1.89363975869038,-1.20836956002826
-1.56205773978519,-0.895054472698311,-0.152785351426114,0.857307784023104
-2.42095337879757,1.95635165198659,2.76191776781424,1.33344791826471
-0.986085741237846,0.253836167916291,-0.140875864960067,0.528790269085615
-1.29291439236557,0.149805185456584,-1.39774936560914,-2.56191454314952
-1.47592320885853,-2.74340193268694,-1.60670026580518,-4.0359866964444
0.60870626649375,-1.44772130524238,-0.874703931646605,-0.453474707681663
-1.10691177051204,1.20465960239207,2.40437117616145,0.640291875849217
-0.613763583051193,-0.469540341467198,-0.608800261982044,1.43877958663181
-5.6863242855314,-5.97937362623253,-0.787360886670317,-0.607977628477499
-4.28046994263624,-1.9756441421973,-2.23182919637124,-1.10588526974789
-1.51851331814465,-1.95656414645679,-1.10406268673434,-1.15213634921377
-4.38966583139887,-1.24998270752989,-0.938014484248332,0.265411323469519
0.204386563793015,-0.483843703934933,0.222950509704535,0.952829186035707
-1.39813365292876,-0.299502399788933,0.227003307290412,2.70596619161506
-2.52588232589374,1.64435269986015,2.37150832015212,0.794046783688594
-1.37950349143736,-0.3817699813378,-0.277754287024227,-0.0279698776799619
-1.42150178715653,-2.52610040493397,-2.31156074587746,-2.00673459267741
-2.23973908692648,-2.3158145979592,-2.51953792264261,-1.17997185000104
-1.6801212589425,3.81640601466776,1.02813122137801,-1.8200234325084
-0.393363751450027,-0.401163483092254,-2.80674201815182,-2.11379933650035
-2.17732957658045,0.0558207044819274,4.08928590144997,3.29550072555937
-1.64184841534163,0.614412570933384,-0.557230185025581,-0.541426015455769
-2.1003369411528,-2.08649551264885,-2.21499067976011,0.498987964689761
-6.8212691883804,-5.59017215858571,-5.57534035637253,-5.61379004940392
-1.83633035594316,-1.2918812257051,0.35298780948907,0.304474546507615
-1.56946147514444,-4.45669440561222,-2.8613555464979,-2.58118789948046
-0.0416254654313165,1.08901529039534,0.814562472179865,-2.15754034274071
-0.790083232723331,-1.85297219506782,-4.17428581722198,-2.45606286947246
-0.822139750372062,-1.94701408645276,-0.355096781028986,1.28003707810381
-1.40070277457836,-1.25582114480657,1.41983283740247,0.446656642053862
-2.86952834809161,-2.47161341186701,-1.22573285754477,-0.37610743429348
-0.85017423974327,-0.426391385461089,0.2667789529412,-2.09638397266417
-1.57343166219275,1.96213039884515,1.20656952207838,0.0256523094736658
-2.42816715941194,-1.02140657824215,-0.837446057386832,0.787159366865569
-2.16491420806999,-1.6986425913931,-1.76979359032356,-1.91617637148727
-1.47009348082383,-2.982071654299,-1.74641345337308,-1.5666341064716
-2.46190830476265,-1.85076255249782,0.190591629985046,-0.0835455405438908
-2.55833631719631,-3.66113420792592,-0.913657733473991,-1.48854781543838
0.889036453823363,0.75716328751143,-0.331091603656602,0.530859918310337
-0.198207862497918,-1.39574207313891,-0.0142884337530413,1.15584381193932
-3.67300052157323,-1.6457302414483,1.29426695132466,0.0496652488406737
-1.52123071387808,-0.34432317459337,-1.14497449135704,0.266329019390426
-1.59852481316896,-1.36009870426379,-1.59616811575486,1.5303265407529
-1.52110444909033,-0.133524909727044,-0.148096465662826,-1.09771655467346
1.12684302701931,-1.53446305596829,-0.124050938635882,-0.35492599172312
-2.35037844730394,-0.811401883004794,1.19757359416162,2.13943369796876
-0.437912182172972,-1.42797664992552,-1.05955061365124,-0.696387109307455
-3.07494160101539,-2.72067236738552,-1.12611555722957,-0.438342651540793
-3.98814369472056,-3.5805299009851,-1.18986038545678,-1.51622457858949
0.959792472454873,-1.74618668523734,1.76276475585641,1.67708387027072
-1.99348176316485,1.11467707732433,1.73718827175888,1.66268659253267
-1.87748265056935,-0.934830229128255,-0.123025122369586,-0.958923703811795
-2.29713029096643,-3.5580894099475,-1.3648182081404,-1.13888143104703
-0.547265098617764,0.520732103773049,1.46821699799013,3.09717162975314
-0.286712557306118,0.491365241807367,-0.495457195835646,1.25008663949399
-2.24717332816204,0.569086904613718,-1.30213647240343,3.08563037520625
-0.180234029845578,0.808901536279523,0.705116814000947,0.260206857288233
-0.931795394438863,-1.07972365545526,-0.0441220080203418,-1.63161623257865
-0.289321073929447,1.03837342170571,0.155193596908339,-1.61746133731399
-1.19596841744117,0.760972869657143,1.39215824961747,1.66983096852263
1.08943320412657,-0.64642059964871,1.23400745347767,-0.711495218827603
-2.23992253445038,0.714274509153657,-1.20751440461002,-1.62914091013709
-3.73873397175206,-3.89052209651721,-1.0802968467351,0.329885618160016
0.143984245906722,1.35719461533672,0.664964801861392,-0.897879976191161
-4.42862893090675,-2.69891901509993,-4.03780984460121,-4.17987272772235
-2.7045376725496,-5.83992216964918,-2.75525810358611,0.743797277996044
-2.17787788999646,-2.45812358577744,-2.93546857597725,-3.04073579610684
-3.09267560660096,-2.47570347252785,-1.44661067099552,0.574038010926482
-3.3640245209501,-2.60228915658116,-0.815824232833624,1.52734433216842
-2.34269435101007,-4.45964896065277,-2.54474277215181,-0.0625455386981746
-1.02555547618365,2.18634943763489,0.363483843384699,-1.32391513734899
-1.01053774267144,-4.51707804261686,-2.47213012596147,0.993403444655737
-2.48317731074675,-1.27450611840894,-1.7187664616671,-0.250307260474282
-3.59326295195985,-2.67709078760024,0.290034677553258,-1.73012688823877
-0.590688587503028,0.238293205224337,0.496777464173893,2.81342882530475
-0.147227509621112,-1.27523723423343,0.791180171300284,-0.66919956528516
-0.74320300755343,-0.47422583534139,-2.24717473910976,-2.48608351720393
-1.38012763037316,-2.00754707531786,-1.48000724528826,-0.325660499649829
-1.03727968169051,-0.0311053279351802,-1.46003721261589,-2.85750603825815
-3.03028600492099,-2.41480722823249,-0.683470190267426,-1.80255678673775
-2.65807543177053,-2.5452108371469,-1.16005657534515,1.12970770661958
-1.18168795043598,-0.0838937724836266,-1.08049368611008,-0.84928935575741
-3.828522265231,-3.65896197948976,-3.11851671641699,0.278010621473953
-1.04562619665544,-2.61633608818082,0.245467975280727,-0.698663943655604
-0.000449739498737944,-0.332859990524007,-2.11244779991367,-2.70059628339185
-0.898331132465677,0.107462560007822,2.66426021834596,2.22369326748721
-0.858064013943421,1.21878338856677,-0.144949079301484,3.20411583321191
-0.241279774437593,-0.0277296778205052,-1.59031334228007,-0.925244468638868
-2.89507304290931,-0.704006698969408,-1.21768576475058,-1.42641959217508
-0.771842066088187,-0.45104203359608,0.739167779321863,1.78514082706877
-1.59938024566564,1.44298098874554,1.54348801948484,-0.930375442164281
-0.721113624591017,1.85901597356233,0.403501100437791,0.483525663462771
-2.91911550135123,-2.44585301198266,-0.927455387492118,-0.902885583754743
-2.0362741568563,-3.72230087469975,-3.30636044505748,0.423558628717252
-1.82632644706639,-1.75371090538616,-2.03052635882454,-4.56764874161366
2.96258444186162,2.07691989243524,1.53682506448275,-0.81323810906424
-2.52930886989774,-3.0488066352036,-2.70164215558512,-0.647009920017675
-0.244309699414067,-2.03503560400696,-1.28204185461097,0.36287500631089
-2.80592393763505,-1.69059981356222,-1.71911490129073,0.622015219902545
-1.71796562557676,-5.31279974492201,-1.05832693510098,-1.44643860861767
-3.50397769070689,-1.81772369155209,-1.43434508035802,-0.318971639594021
-0.647884753490823,-1.62717102597319,-2.00664225171338,-2.58051472975606
-4.71477273963266,-5.68248797886112,-2.5419806344891,-1.63013169621221
-0.898729817855343,2.23439750056961,2.15306517978552,5.97301364966018
-3.02483029298515,-2.40012031870377,-1.94750679356766,-1.35575372959608
0.692791512169572,0.0170572391627841,-1.72939025797324,-2.68829513560653
-2.13886421370644,-2.74645390436273,0.596664298576437,-2.08471839091394
-4.72526897401433,-3.35106871710064,-1.93397279525427,-2.63888452849222
0.250770404901815,-1.32121848970182,2.112274807364,1.71439875299736
-4.1494968746112,-2.16045560365983,0.609478133614538,1.51442212200632
-2.83686161191314,-2.42719179943374,-4.32040777915943,-1.33492863023706
-1.49958378449309,-3.71451200228814,-1.05945655535462,1.16883982817809
-2.49886719965115,-0.40018276388957,0.0248516061940534,0.697229880061643
-1.80177170369471,-3.85043830822868,-2.40585620676443,-0.478016328369375
-3.47339655973186,-0.637722279684475,-1.51511780608702,-2.93063323736903
-2.65645972882679,-2.18813412849458,1.25774195124142,1.352113966503
-2.56619409688841,-1.98069699094167,1.34049230670603,-0.803711006575416
-1.59506920750633,-1.67300911780835,-2.67559601172169,-1.11754879271414
-2.60928896275691,-1.09737079976452,-2.14715754307466,-1.69157393412273
-2.91335725615267,-2.35138698938163,-0.623644482355127,2.21135455782984
-2.35413951476893,-2.46664817722537,-2.03299592747238,-0.26861229352819
-1.57195368689686,-0.639459124076572,-0.545085710261688,0.130145761735876
0.216476618282436,1.30354111491475,0.049752914515846,-2.63629729329797
-1.58575960247483,-0.258488831390921,-2.55378439492229,-1.69284163624816
0.779281470366873,2.11562111856057,1.76338141969794,0.696361004453861
-1.57710702152024,2.25809273217872,0.749252130062332,2.30198593867558
-1.30057764417407,-0.660394188405333,-1.03258974831734,0.504536329775382
-1.11068713924229,1.10128084872422,2.06077546286731,2.98511578094068
-1.83055531377481,0.322177683920492,0.086235818152981,-1.44251160503408
-1.78571150612406,-0.829761269531361,0.130246760808202,-1.52308554772045
-1.3172239422635,0.0727929546997887,0.744318977252408,0.900580384375444
-0.0644326269146951,0.853607199206408,1.03122687475525,0.692455665365764
-0.476336026580326,-0.230151307735207,-2.9680102482921,-2.58204599005441
-3.4580524344696,-3.3026607138626,-1.49494362076781,2.65557997734775
0.453537463316734,1.13584786385223,1.74548262957407,-0.265789732707435
-0.406283118203496,-2.73687554175007,-0.641453836732316,-1.84254814117932
-1.24051260568737,-0.599956894427886,-2.03954369558312,-0.711815483413063
-0.831994115543026,-0.313048086232672,0.47462870938983,-0.768242605711771
-0.687901569347956,-1.28334280056867,0.733200006231141,2.25318067633958
-2.46211895144734,-1.91073671970384,-0.814661076656147,0.139715155664028
1.07705127281162,1.65742005698816,1.63865427361816,2.23187754000377
-2.95411491004432,-2.04078802390301,-1.69244792837813,-0.640293097489769
0.589119509789294,2.21666309247488,2.42408224356187,-0.825459632220113
-3.44406919470546,-3.90680162313428,-3.71294830951822,-1.12454205146987
-0.274940538857516,2.37125914111726,-0.216497850254871,-0.629102692817825
-2.11221491709976,-1.1808118080065,-2.93378159875452,-2.84536118554499
-2.46326126913128,-0.308809486770941,-0.488753411530297,2.04424199054468
-1.09528368984039,0.830470897188574,-1.12286759594477,-0.444999663791051
-2.22047813297769,-3.12828252536412,-1.68324137415624,-1.1038781381238
-1.56027627842658,-1.90719442518783,2.46016575367861,0.459886091600782
-3.90626829565183,-2.57588308412641,-1.12444694548645,-0.0264546267507137
-4.52983696052965,-2.61642811714165,-1.93267777119631,-0.552022030942321
-3.61239916207637,0.0974355294215696,-0.606112191455459,-2.70185690579215
-0.726429344555105,-1.52313646280144,-0.96719071180025,0.203955675690851
-1.46413864556938,-0.946332110145898,3.49852841901486,2.34564219312786
-1.90270535481459,-1.65469979930348,-0.217134409717181,1.97328698742248
-1.90064013993141,-1.31734035725321,0.246404431942712,0.261025811092071
-0.952509487308641,-0.600323330463432,0.524145311600667,0.855406716333908
-4.52960239732264,-1.48489601953744,-2.56790413215867,-2.54298945115695
-3.26463415317821,-1.85664311111271,-0.490157111386568,-1.42912663606027
-1.60276020079209,0.723841842015014,1.54163226466616,-0.23740704945453
-2.92328352555914,-0.731340063030833,-0.691246873809617,-0.608196661244429
-1.07066101963117,-1.78043011322573,-2.72452285116382,-1.65449649208518
-0.805756743859541,-1.05228346259367,2.25617765198156,2.34193470996116
-5.26645045541957,-2.79572271522947,-1.50922516772193,-1.79849707118318
-4.55275439315883,-4.60413964413641,-2.46835580332076,-1.50820643346928
-1.72071361482115,-2.6859008609236,-1.76120231786624,-0.0565184428843142
-3.98491949265982,-4.56448914215722,-4.44278741856022,-5.82009418482264
-2.72602358237291,-1.98838087789539,0.972962024348945,1.5059996138244
-4.25777740583657,-2.21656266102014,-0.73581356580143,1.2415213256769
-1.64701715118952,0.0442247888108026,0.169010629325961,1.3030174731344
-1.19624319036641,2.01987322590541,5.24426975300284,4.84288530435437
-3.02062558301197,-1.82792043126597,-0.424341016350686,-1.00551374953046
-3.3896505901847,-1.46035150891373,-1.1236185035371,0.871445775368292
-2.09149561283104,0.371159541635663,-0.633026043739368,-2.14231396770483
-4.08014881285417,-5.56810997247523,-5.45966737754962,-1.2335520299459
-0.113664763579555,-0.670086081456817,0.361582695490238,-1.48600047119732
-5.16252810690988,-3.00185701187224,-0.458522177535394,-2.36555605389249
-0.353946025881331,-1.68904547883612,0.773577482070519,0.225881210825333
-2.11201707998844,-2.39074125580193,-0.561501545718971,-1.07809683644627
-2.60248972318419,-1.7084415060423,-1.95674445326161,-3.0860866696547
-3.31597688563869,-3.14377979485237,-2.07074769681895,-3.21566204701471
0.115817533700068,-2.18788941196354,0.972860203516559,-0.49070012399643
-0.874782362086023,-2.67632638443404,-3.01025838241913,-2.01310746595054
1.42805465147804,0.749158554123317,-0.77284053916392,-1.8349327394594
-4.8633301454849,-2.08553841897644,-0.712668308495123,-1.33559515393531
-1.39797431934971,-1.26115430440569,1.06216690843084,0.435333979914248
-2.49440991948517,-2.65597335020647,-2.00874447428515,-1.9142147707228
-0.439149214678918,-0.917689411427913,-0.753004864423663,1.54321481490239
-1.16752603295696,0.887222779397205,-0.571421473989417,-0.187905216442657
-0.464859731058691,0.567462220280856,1.18319105719758,0.570271857180921
-2.15658308378307,-1.45010343883546,-1.18853840684371,-0.322722114929367
-1.92694121073181,-1.22692248494633,0.611813135103549,1.39228177042092
-0.311464948089156,2.43050442489702,2.04872225326792,1.45282602319954
-1.91750584752671,-2.06166314989892,0.26528223241439,-0.00597892494954355
-0.785410023700964,0.0409694175641413,-1.03793566854823,-0.128976391791195
-2.64487550567067,-4.35814565055347,-6.03247112366352,-3.62140440414627
-1.13443936754347,-0.858827823306507,-0.616977346987111,-1.30943437158967
1.14666476881361,2.87783430779497,3.0193307531934,4.56126508513903
-2.51457540056904,-3.29947087110998,-1.40448173441134,-1.18385600591138
-1.95756232382277,-0.841723371782613,-0.803436211119727,0.148910478261436
-1.19395446202629,0.865817732936564,0.0366862363661672,-0.927493209733536
-0.574262334962284,-2.6400565518663,-0.24549244530199,-4.14407679515614
-1.09584139073244,0.362870327414842,-0.200239580156289,0.835291434162884
-0.284649203372975,0.0667919716320495,1.28865507323037,3.55923706413551
-0.602903476453806,1.56123664352475,-0.158549446026556,-1.62529131135869
-1.19590276606727,0.657776448696259,3.30883663582735,1.79321226430512
-2.71814985112163,-1.06044212653615,2.76191588770919,1.34491623808315
-1.64039385675028,-2.68189549424909,1.48652126985454,-2.53791585085433
-0.900296988102735,-0.997562306780438,-1.65375210648989,-1.36823019709395
-1.66272028593174,-0.124288508038492,0.59200728211817,0.602661939586639
-1.4332531469846,1.17621340780848,3.13656836816328,0.31090642211718
-3.50790425794145,-3.10710137168145,-0.212038727752152,-0.550517790796378
-3.35944138711404,-2.6119752303394,-1.47810079011805,-0.686574433955741
-1.18225582786405,0.0579144321475771,1.93264013803654,1.20710028600844
1.87228854704972,-0.262450851156753,2.09782753486189,-1.3833132298758
-1.08740817239212,0.177199440512168,0.633081705626442,-1.54060883803706
-3.4864097354449,-4.99264512182036,-4.2875026252927,-1.66363897017989
-3.27105239005642,-4.11535665501277,-3.8912669293526,-2.26671703989952
-0.0454924002368462,1.08503534677673,0.821561730593036,-0.476641721112672
-0.589846009741289,0.393549415025221,-1.37259601062357,0.538916367262136
-4.29292446208771,-4.82437783090697,-3.28642831478792,-0.86180115426815
-3.50659825964758,-4.11283004223703,-2.7024879838683,-2.70481860070864
-1.81157060060448,1.56195314154061,0.185940808472464,-1.19595843451631
-3.01667014088816,-1.54445417354821,0.235076417472097,1.20172268535099
-0.506352177987034,1.45053973196721,1.05261583233711,-0.797748138565119
-1.28074759288244,-1.56278059656014,-0.837247917149276,-1.33204120403507
-0.764420378941709,-1.57173494746696,-1.0496971819968,-2.43045366705082
-2.91994729824406,-3.15569910236487,-2.51252018348281,-3.00059115699279
-2.39603530494471,-0.576542882240626,-0.809430784612081,-2.43276815356642
-2.92269294282559,-3.89254677173697,-1.70179473412707,0.204746678008999
-1.24885592084027,-0.918348605914714,-1.17879677225218,0.548150636548162
-1.73082690680197,-1.66637463243454,-0.589590900713743,2.33320865599684
-0.109910533212269,-2.25266936349097,-0.336771487807917,-1.40778167237816
-1.12094894664967,0.567953542366371,1.10498523050779,-0.428338534721328
0.462103352306399,-1.57483943566503,0.918385214048079,1.59761251995581
0.0515781511896,-0.311109169231835,2.39255881775606,3.77351034044816
0.802692712378524,0.984807187320979,1.64259701102374,1.25159153515436
-2.71173511313606,-0.452450147603576,-1.90671242821659,0.453440054171792
-2.40561318660348,-1.8944368767451,-1.9216450562482,0.297127260216879
-1.03917727522331,-3.03217503617484,-0.250323632557739,-0.368185780262926
-1.5841572047251,-0.314863844362397,-1.63372887869082,-0.356324729729848
0.53398708982173,1.29365503850472,1.56096556617093,0.7221146744473
1.91029861477904,-0.583499122668934,0.361092392535973,-0.306424907265885
-0.775795751109006,-0.525776854127634,0.741025617781896,0.6928952785585
-2.54706880148317,-0.37798352820378,2.45166038757553,1.19977569832555
-2.50062854781135,-1.04934423130333,-0.583971157379471,-2.19573849788701
-3.59639910522432,-2.69272543064849,-2.07729093420859,-1.63743229281885
-1.16876257843107,-0.86011290029483,1.99069207173613,0.621835819121847
-1.22470238077046,-1.7099319636422,-1.42795593815082,-1.84972001774534
-1.27832321542175,0.547099898109589,2.72876929089307,1.77933847818142
0.550358851469668,-0.537761892823559,-0.188609632046682,0.610204477463186
-2.22265522242152,-2.20870576893666,-3.94552880610377,1.48011791398848
-1.79938703539136,-2.16893391134748,-0.502578417789783,-1.00374120019379
-0.0548720838090595,-1.10945722717979,-0.994748022365693,-1.71452947145512
0.0654171890018636,2.97519696721464,3.41221818887727,2.93218218298624
-3.36731086222504,-0.853958390913225,0.0382449519875371,0.697449024412064
-2.65130692584604,-0.491969807266959,0.378847251462942,0.565558536831445
-0.470982839015457,1.02239380285207,-0.556174105463859,0.513953689536881
-3.11783775327786,-1.64561926460453,-0.513237498999385,-0.868758870146129
-2.23144499346002,-0.518513053201564,1.28731736200501,-1.09621233112761
-1.1118778658328,-1.66156169587649,-2.82617236486705,-1.4319863975415
-0.76923915117253,1.05506329427147,0.421165139735597,-1.83056281318403
-2.22766483906926,-2.12859678089175,-3.17151824708533,-0.681364164567472
-2.1732460060349,0.241981954105402,0.274612044120187,0.429325941926319
-2.77458542084878,-2.35409875173283,-2.68294600058091,-3.35167480716858
-0.319436693198802,-1.86705577181769,-0.560495128929969,-1.23881663973366
-1.72073288983351,-1.08383067124804,-4.37905136430951,-1.73224302538031
-2.56799372082833,-3.17139831420874,-1.75285246247595,-1.59870034029497
-1.69768965800336,-0.21806218565937,-2.78614362641848,-3.36002267344815
-1.1356197235335,-0.2209613263372,-0.160696170603634,-1.72009755786801
-1.21360131773128,-1.71797971001312,-2.16572608850409,-2.30913043966062
-1.6821401191877,-0.286566497136634,-1.46896153920415,-0.966094424735074
-1.41644906188249,1.20649682943023,1.04016766714366,1.94565069718696
-0.896958207819393,0.488944865508688,0.0137098320675893,-0.768936001033549
-1.60685270951365,-0.0715761335727096,-1.87960104661758,0.610344755845607
0.0538923486167049,-0.985461165999203,-0.703594792435481,-1.07153898287689
-3.23876106019592,-1.28220089402331,-2.3391568655518,-0.522822359534684
-2.04321355089546,-0.18278833739839,1.24057563581142,-0.209865765125013
-3.24526297991621,-1.08105829289517,-1.73252402398899,0.258787335509646
-2.29290228154788,0.993809277967965,-0.679371355460835,-4.57128750353878
-1.22737919423506,-0.295173100772519,-3.12190034032282,-1.72644509370003
0.220741670515346,-0.0107413821582869,-3.69369537157408,-0.955065886875125
1.39076551608551,2.05424671045305,1.63371710984368,1.42329959737747
-0.497404116071673,-0.0783367639002446,-2.19797743213633,-1.33038331209995
-1.20332207103007,-1.69411899375115,-0.995926869591065,-0.189983535357818
-1.80379693774323,-2.25899015078979,-2.58885856554905,-0.0227528244130757
-2.26560209836393,-0.770669578799039,0.698543077875434,-0.83127171117818
-0.566861488280446,2.13110516954733,1.681441901674,1.12252944238358
0.0252717234022877,-0.0991942437148232,-1.04232503073364,-2.76986959226989
-1.57355969727124,-0.961535299837908,1.71496218895633,1.16115791585467
-2.13238222253357,-0.64456914780354,1.838518236161,-1.24472559320389
-3.60943218111013,-1.74485753834807,-2.63001153139277,-0.0572978912565669
0.715536987044208,-1.67783100585157,-2.11134549430037,0.712144502818523
-3.36633523843586,-2.06711700075176,-0.07777911534,-2.03540879024797
-2.51693373806189,-3.47359498767804,-1.42710533193386,-1.16631591264557
-1.89139199035803,1.4241203400613,0.815198690664749,-0.241185821612757
-1.61075807838269,1.16156044395861,-0.579446015744975,0.473174384238248
-0.541306933931767,-1.48047521232898,-0.342841720356473,-0.29922004167838
-3.32043137774412,-2.80198318773095,-2.9964840886251,-2.65735394636793
-1.32228783372347,1.00935161002562,2.69247641248145,1.46917806494144
-2.29651816715887,-2.01758123263907,-1.99585249167002,-0.675548011264113
1.53476047567427,0.0270732068716258,1.02639541639786,-0.658569221842306
-1.17991381075481,-0.391024538761246,-1.6580688894129,-0.316501384348024
-2.29607754518655,0.0437432103243546,-1.58438734228439,0.495415234849612
-2.73470341626645,-2.01056702748443,-1.86825297269252,-0.950854359795732
0.495416048301513,0.0701576860636089,2.1021605699719,2.76831266120769
-0.906187024651068,0.345325608267752,2.22646068038814,1.14603461020605
-1.24974864665048,0.403680374150577,2.6300743228629,2.2104180131472
-1.67456005732858,-1.00126893269781,-0.884039571152668,-0.0660230065260708
-3.12116084170733,-1.55908186193836,-0.547379359152586,-0.784937619192797
0.202684417888616,-0.0226759058043865,-0.00742583578322475,0.914783445663589
-3.82853979337426,-4.30367480705449,-2.23540170797889,-2.60647707991261
-1.75490691464087,-1.03029741955912,1.60270972510143,-1.64110956666939
0.212463174684194,-0.21629730479613,0.984873773945772,0.135470870002554
-2.46359138270148,-0.501638528485607,1.34530053493559,-0.441487655023899
-2.44933153902484,-0.693046386466316,-1.53142263994885,0.161012506669077
-2.73866418293541,0.0475581154963123,-1.31351666407758,-0.387467392249458
-2.03734587752006,-2.63860583798966,-2.22083566215,-2.63376075274615
-2.80755062069884,0.473468274904112,0.541685559257599,-1.35707915086303
-1.17530793924085,0.625186537122794,-0.148247652593837,-1.22716113798462
-3.63249305785185,-4.41356447134474,-2.50860620304611,-0.288695709780233
-0.224154688076637,-0.0652298755740507,2.17601501219332,1.05612959492326
-3.24331532903551,-3.55185761772883,-3.62300117084803,-3.10297066272028
-1.43736994799565,-2.32585421483158,-2.12724552204196,-1.61676860311064
-0.520106499586476,1.04046238501725,2.44234480934197,-0.589449906512636
-0.488963453431307,2.00138240460933,2.99047123224783,2.09078293822198
-0.998106052491219,-1.44492935414433,-0.89107773860962,1.48825447930589
-2.25343110775283,-1.50315561056923,0.211659075512516,-1.74921636308466
-2.67286104758526,-1.03519559780355,-0.644737921962899,-1.51452714236379
-1.24031405774241,1.22178579684469,1.05855738542118,0.504218259811604
-3.57432590301552,-3.34752906137105,0.035406034914613,0.47150119135612
-1.87837337725852,-1.59942552908186,-0.69125308116874,-2.09569490119981
0.702557435400295,3.15454923464055,1.13816686785168,-0.142365469985066
-2.51626755764787,-1.12514076033222,0.197468279500669,-0.592498811819513
-3.13601362038334,-2.54609999630208,-1.92845214295004,-2.11541299576751
-0.120836181899036,-0.836553678993809,1.39248732032592,2.4372216333792
-0.624078291457245,-0.342071460100086,0.611990665158959,-0.559530990123473
-3.35838358181003,-1.28638906362793,-0.161173156048072,0.0991944551756474
-5.28561407273383,-4.62767825012463,-5.37649316784111,-5.58317380520997
-3.35485913290927,-0.838545256633451,0.492273014907981,0.912627134630342
-0.183492822613729,-0.0644745782465123,0.774151452798632,2.92418662254959
0.40456016933295,-0.344701862019063,0.557470248517082,1.28286848169722
0.242566030068655,0.524421749684957,1.90799467070173,3.87365653180414
-1.88414581109136,-1.98438650354728,-1.8235833913372,-1.95221613788617
-4.41444914323039,-3.42353709092031,-4.1465373276177,-1.64957056357604
-1.13278361622439,0.641565721315661,0.280732667804995,1.53623889965141
-2.18285779450434,0.863824467358504,-0.182356658378224,0.668072279934862
-1.11547297392549,0.725587440195918,-3.44852229475085,-3.67166238895675
-1.28219562599694,-3.32430523518282,-3.98173901702346,-3.72785987377482
-0.543285122350622,-0.82467593354163,-0.760199972489493,1.1806258798804
-4.12861728177042,-4.38818111346943,-2.4872141543392,-2.22281086911666
-1.47192636849871,-4.12547469386501,-1.60186006963996,0.951563505015583
-0.485214855522079,-0.561212187807919,0.780000282410716,2.53932364184125
-2.99876708817505,-1.05573523862396,0.576337333554826,0.471809975493091
-0.449405561235353,-1.6686133972727,-2.64994305663413,-2.40336764230182
-2.25979075229573,-2.88250504982937,-3.13695506961812,-1.23459667033932
-1.51853226919856,-0.845756242631142,1.09048479460448,0.613253041109561
1.37330028359123,-0.96789618130922,-1.51820653782845,-1.16032231011537
-2.2866740114465,-2.48247477921328,-1.82344003682933,-1.68516750826429
-4.81271892146727,-4.5399589133244,-3.24454764752297,-1.60087832697815
0.135148004675356,1.97844593383974,-0.714938918923447,1.90418623551419
-1.31728517695794,-3.13451130414243,0.102325193154292,1.46968257609164
-0.45492117679207,-0.315069723205849,1.71976673024055,-0.0720521457425176
-2.56139557511014,-2.42468331516468,-3.34114445099525,-3.61630568376637
-0.324313285581399,1.42907454265316,0.729068904704079,0.650302353816574
-1.1472437454524,-1.47489165777381,0.126675929315642,-3.46850270738445
-4.14133942667048,0.0302625492252614,0.81811470189891,2.03476856918943
-2.86254901331963,-1.66147564900878,-0.130992761996226,-1.4886271548791
-1.6730993152194,-1.9719419104982,-0.11648621990409,0.289651600462227
-1.12808060789122,0.0931937126038706,0.944473546821348,-0.0571267067625754
-4.72601748228695,-1.48121571774693,-3.39390860381976,-3.60385260103155
-2.64276022030739,-3.51880785140736,-2.10429230055599,2.48113310713744
-0.203404218573138,-0.188258551597822,2.06890857375208,4.25340297783255
-1.65108209414466,0.821990813865409,0.871092195951348,-2.57814296190482
-3.20037326041585,-4.69875889420212,-4.05786882986704,-3.58750426193458
-0.494411012905288,0.239564959071095,-2.78979751340445,-4.4572178124235
-3.11333381060582,0.290122258375572,1.47411998351078,0.110123334518473
-1.65330676756728,-1.35396100489348,-0.675542427472283,-0.614372294256504
-1.30950371950681,0.559505930250709,1.56707663076485,1.94802279126171
-0.938171166371887,-0.180252317960845,-0.456378079134947,-1.83418278809642
-0.801246040349644,-0.429018862196597,-1.05775377524309,2.40481979875363
-0.800689809491952,-0.94466061955175,0.151661688860717,0.398570429318778
-2.16640064636053,-0.239412819888653,-0.356242919295247,-1.33648919308537
1.1856339377274,1.15751917650021,-0.506112095975974,-0.117039948017611
-1.96043370628082,-1.10478412401731,0.374183432006746,-1.05465856311116
-2.54632896569292,-1.7767160005807,-0.877104792389062,-2.915811679832
-3.19649001368914,0.337591798240761,-0.271514439747913,-0.802372977008448
-4.59369970941648,-2.40330451748063,-0.110367760875338,-1.20197107595752
-1.26427763942975,-0.720909107824091,0.142022169813938,-0.522930450826762
-0.605228813314862,0.01751220878685,1.10831503947119,0.710403404672192
-1.71919101389677,-2.96100032073082,-1.83684158754106,0.206144967038517
-1.31612200804394,-0.451104721486266,-0.269234185321961,-0.26647809272756
1.26932792130172,1.55876963317244,-0.550266323553149,-3.30044954842991
-0.00317615373743085,0.348292984314587,-1.16068907920066,-1.53396088208823
-0.454542546298133,-0.934940997302758,-0.432561946344403,0.887799524217488
-0.659451637095663,0.911497617028287,0.454872807896586,-0.8575314795716
-2.11096365138746,-0.954633313200588,2.63670187473454,0.135453235186291
-1.90676527551885,1.13927718302315,0.838212978271065,0.102445915419542
-2.7704408611303,-3.66064555492761,-4.28525011647907,-0.090056028700301
-1.8529222454934,-3.15600196497928,-2.22882433506033,-4.00574933167654
-1.94852551407053,1.58933524296175,1.5526278893717,2.44504010147628
1.40012321173264,1.18111422773411,-0.0637576173880735,1.23122804412217
-2.55440639081307,-1.40214081849874,-2.16739217693425,-2.36670645940378
-0.0152896874415751,-1.32027112638918,-0.723238024192084,-0.944497308225454
-1.64903574410922,1.69893249337458,0.742438703977213,-0.761080370173636
-2.00613187975743,-1.77259970399423,0.2994717171526,0.563916485168571
-2.62172036724544,-2.69085781189233,-1.76058652867312,-0.243902400617707
-2.40834377795287,-0.529932386378282,-0.855575426411506,-2.23057930564847
-1.03784038116604,-0.593973438249974,-0.253679909659708,1.45255757953294
-0.79395148575389,-0.965219469155354,2.43431602579522,1.1024948245815
-3.26003382232131,-1.72083826213997,-4.17178042022653,-3.5337484342907
-1.13901157307922,-0.0289881505507477,1.3862596131702,1.20025214455672
-1.23839798739278,-1.12161827519635,0.900858379797106,0.573013730210192
-2.65222036602164,-1.92092571265899,-0.267186559186856,3.50031358244998
-1.1314781039205,-0.390906258088302,-0.620329514808124,1.48381982020991
-3.31690370399031,-1.63667787098693,0.686004329049394,-0.612830253183842
-0.566548488964638,-1.11641900744428,-2.71896596884157,-3.48286597635469
-2.16673323308892,-0.294722693645956,-0.655767259116673,1.13785593009513
-2.16722837767117,-1.04959640578635,-1.12984266551164,0.693814285926822
-3.12774356054489,-3.70941767902937,-4.36647325486694,-3.2138453377701
-3.08101091286691,-1.332412507423,0.540545779241633,-1.66234004339162
-0.0992289623612683,-0.70606212605657,-2.09967179391684,-2.28303613692098
-0.819158024105364,-1.73672771808064,-1.744723426364,-0.93880653677464
-2.83032480781553,-2.28541096432367,-1.61739060688566,1.00198990998667
-0.796881527392762,-1.46076869595507,0.546133283063182,1.35132160558483
-0.888925510818742,0.0850123535004238,1.64108768879703,0.179305639802321
-2.44623904799037,0.599495993441739,1.61568030991188,1.08082131937736
-3.6491672741991,-2.33163984844785,0.380189589397539,1.98715683307365
-1.43953899772636,-0.959041849295298,-2.23494919977884,-2.55094058040676
-2.06174932628615,0.902326227550019,3.12428287233388,1.95589933623375
-3.14965574985403,-0.208137369217493,-0.0792372738217991,-2.07023225824476
-1.0811951637283,0.344155637341257,2.10301012987988,2.95433765088666
-2.48244396103224,-1.0590211766944,-3.36147092366085,-1.52080301127618
-2.30199947196436,-2.83081212543243,-1.17030234012848,-1.18313103536228
-0.968460257666154,-1.71084401205771,-1.60989755858907,-3.70260282500408
-1.12568165715119,-0.506352233276223,-3.01418870372737,-3.13231260185206
-1.77282324190027,-0.668975578142088,-0.339860793749305,1.65277394867181
-2.77981757739237,-3.6990043045335,-1.06412947357033,-1.7291199897889
-1.36380410663382,-2.75039872066043,-2.43305173764648,0.705061135174883
-2.47263857739846,-4.74695943649353,-3.69142909608779,-5.65699517391389
-2.63356414836325,-1.00502285988442,-1.14579164146364,-0.867060333715511
-1.66656495580226,-0.712784677016884,-3.04795363149581,-3.59858337815941
-0.77217759951547,-2.95776549709765,-3.82521344751281,-2.57972881694604
-2.67031789280071,-3.09603618962526,-3.09295824982298,-3.27022095104986
-0.0376738109271517,2.12483471536002,0.964390859671634,0.559802949772032
-1.46191867913338,-3.71619731231388,-1.64277067182662,0.0882580432465513
-3.33142746858485,-1.50491575409997,-0.774621663760421,1.51169199768398
0.704305251713463,-0.860714220221303,-0.373038571895101,-0.408958437357469
-2.23032437060568,-3.21270621182258,1.03076562650193,0.0471400434907909
0.475286148708166,-0.344459650740326,-1.9911300725956,-1.54574267730384
-2.26923462688837,-1.89292842345144,0.209900964927091,0.984087395311078
-1.52545918383687,-0.836504470742087,1.69049349675834,-0.48815052854685
-1.99387307569461,0.598964139857717,0.236162056873787,-0.553170872813026
-0.32622022474202,0.190687053389426,-1.42191717743517,-1.2820483881587
-1.62109209465225,0.0734298557199077,0.134625713490575,-0.72254241355353
-0.520813633932629,2.26013651470276,2.72020260933467,1.04737675159594
-0.524643858846561,-1.28784496007395,-1.85590565804745,-4.58468773583746
-1.05556929189523,-0.596789336995438,-2.33076534064126,-3.16841203646292
-2.18800808518265,-2.63142338349288,-2.35577258126684,-3.20723434706649
-3.32783550628128,-3.44686418995276,-0.477726117912137,-0.662747427935863
-3.07984352893221,-2.47966972160941,-2.79327692688014,-3.62943989140474
0.771700412695708,3.61354986291876,5.8860483088136,3.6887000993739
-1.31334389042598,-0.896235522499701,-1.09558581897313,-0.970424611029506
-0.191303562058011,-0.0166331184023738,-1.75459501791012,-3.20536705105351
-2.25798521934608,-0.683976594470514,-1.42643754260991,-2.19231702166414
-0.608132629412386,0.924049565787286,0.598723920551387,-2.51655479685249
-1.05848738994961,-1.60624549864336,-0.34257878239586,-0.57123202404136
-2.13503433824305,-1.22784711057632,-2.01223598276634,-2.15177182777446
-1.6850406815997,-2.95148578778456,0.630909159057991,3.40338722151043
-0.318547853335032,1.42776883194576,0.898913734864431,1.08105540721513
-1.27828462768885,0.238966351350414,0.802273241244785,1.08897848342384
-3.85076684269042,-4.01849206726246,-0.818419837023151,0.665598314129681
0.0320349344422239,0.0266142880968628,1.78131809597306,1.06611580361063
-1.8179097696448,-1.83137717125691,-1.05611379461325,-2.87703605940331
2.2526139147555,1.45778314554118,1.91153296428717,1.32022357393374
-4.27141347247017,-2.90921066829056,-4.58328283942105,-3.60373019010647
-6.38217742885584,-2.25410756176661,-0.902193070059467,1.9108773498401
-1.62106728028674,1.39078055161371,0.149322787605907,-0.646610983749221
0.97591531188071,2.33491625002845,1.7393765346822,0.976684184096905
-2.02315558734046,-2.30685520042126,-1.33902707810638,1.35916699209958
-5.32374463963651,-2.87277056825064,-2.28455530084705,0.190119499015418
-2.57893592282492,-1.68133227066909,0.95408122839109,2.04938444955052
-1.74942190594242,0.668626492673854,-1.3676085454703,0.647321507298868
-3.39329642595861,-2.45347709263178,-0.605864954606776,-1.19287203238737
-1.04189870750733,0.478457364632251,4.04321185750311,2.25395672400605
-1.74732213442571,-2.34350844965855,-1.05092335456106,-0.582209965141733
-0.679159960187383,-2.29652627338134,-2.95415294700205,-1.31608916003164
-2.80306989798237,-0.0622168162126917,0.152066787571002,0.467193057109017
0.16308177579734,-1.04349623699133,-2.46108550267529,-3.45995147866127
-1.91138697611966,-3.72746203780977,-1.72814457135538,-0.5361354860252
-2.63497936883695,-1.61299990348227,-0.52276291713,2.22519938725032
-2.41638164519421,1.07177685438735,0.469144770003699,1.01099115559855
-2.40920581127191,-2.31484820338526,-1.97294895394107,-0.349548950759365
-4.1947750687203,-6.17615639902103,-6.13889026547505,-3.40099163415402
-4.57042906971415,-4.35310220371174,-3.14128706289341,-1.44268337087578
-1.99924034749449,-2.76696199032678,-0.623335711915656,1.46675768342328
-2.02240281451482,-0.596622491611582,1.46002518500671,0.115554622361271
-0.277359792056994,-1.27355490544737,-1.10225960700551,-1.99955877544091
-2.55455252260731,-1.95969888549852,0.464407470205394,-0.181778407787653
-0.34102571984314,0.144611029271293,0.438364364346311,0.845365922323151
-3.4571691634554,-4.34281507709396,-1.13983830851444,1.97489574274595
-2.23450183334781,-4.63375573227655,-1.45907033345286,-0.169784029488023
-1.22727260322123,-0.475505792313471,-1.47180567313329,-1.53837577029743
-2.83296088760025,-1.49843977408847,-2.10868083761337,-3.77866967683849
-1.02559257033357,0.50081560879335,0.185945266146137,-1.48927049588919
-1.30189986726621,-1.08718515353393,0.379773052137948,-2.27280637935004
-2.84347011725131,-0.881433704393916,-0.295829386100093,-1.92754295391799
1.23441945985243,0.574699820298343,2.73305567577359,2.38116183036206
-2.1949301013043,-2.68588019007955,-3.81412418745379,-2.17093876059844
-0.260697575847966,0.468714891513926,1.39812270771951,1.14305983431984
-2.90702580820006,-4.06693187264691,-3.57920233011314,-3.57031780992634
-1.43855646711322,-3.10419654862956,-2.15852614827075,-1.02903418264012
-5.02528861600471,-5.73582671943326,-2.40043625738978,-1.76193751314371
-1.55918819118837,-3.46159053534633,-3.70841698526903,-0.264846631558026
0.780997090038174,1.56224014209336,3.05372058859088,1.19569839083493
-1.63686628791858,-3.4075196841419,-3.92721637128882,-1.57618878158585
-1.48073077455454,1.64171715154357,1.79825212874497,-2.12475800060195
-2.47114058830359,-4.29150102056264,-2.48350098538631,-3.59245013978029
-2.16591653934374,-1.22124008829228,0.57042428113143,-1.09146337479559
-0.772904586600994,0.336665755266564,0.753024211581979,-0.880671641648993
-0.519332641251403,-0.614047893998085,0.345369908356616,1.46608533541725
-0.369461739197545,1.35258518105155,2.16746828665874,0.412576615877437
-0.924387382418522,0.414677522788195,1.26701037251802,2.53178448087191
-0.808157119473354,-1.3292093103764,-1.50257232257741,-2.49849299080775
-1.62471462829062,0.45805636723928,1.07134238315184,0.480147432350519
-2.33496636928871,-2.4167841622476,-2.21500984257718,0.319845005838874
-0.251587399265295,-0.390714402796576,1.03433210076009,2.43392011151388
-2.32803922634815,-1.65075233133737,-1.16479526400491,0.319087866696024
-2.28029113445979,-1.06875901043565,-0.400003506460136,2.09626286333563
-1.87867779240147,-0.731269791866047,0.0781639037714381,-0.834172021227925
-1.54186243296701,-3.11211092373026,-3.12768029768682,-0.820963851415259
-1.79713464622589,-0.968222804624334,0.842963184760214,0.0680120917681906
-2.58828148191705,-0.989040565845065,-1.0340905373713,-0.991522267194701
-1.68621770766487,0.514595956590061,0.408502188060833,-3.32635606584441
-1.52067660897618,-2.2719059146972,-2.34085613608813,-3.59553224962316
-2.85609229423702,-3.21919995006915,-2.82011684290812,-1.73853747839543
-2.13381115850006,0.346401112158169,1.30845478902316,0.177417247131369
-1.56390775721891,2.36092962838606,2.58701385221716,0.969849982521926
-3.54131930651561,-3.82491559127036,-1.78279712170459,0.265155241611114
-4.82240855033688,-3.2119572498694,-3.19994499270148,-0.234218219849519
-0.356117817919504,-1.02168485667371,0.693183855185202,0.417601583429123
-2.76779442131824,-1.91565434900334,0.257571632899415,-0.721181963381657
-2.41063433034291,-3.79770154080851,-1.07179456166477,-2.7745772254449
-0.704707292383339,-0.210721651494018,0.493271209287689,1.00059397863182
-2.5375539117212,-1.56372058093565,-0.247810466620453,-2.23488488807724
-1.26673450581006,-1.54029233829372,-1.43326282675792,-1.68384793456235
-3.23434341890404,-2.80446661940612,-2.87500135741616,-3.33436438054466
-0.735494265384539,-1.67551076413849,0.705034825782404,-0.93716904035168
-1.51083967308161,-1.56084983542293,-3.32561624846836,0.216929488593487
-1.7965506499391,-2.21208990490684,-1.36354428449247,0.836189975497823
-2.5022697650991,-1.32673776654287,-2.48787129526343,-3.14803310393021
-3.58752301404513,-1.57713189880447,-0.0525870419295504,1.67376425314915
-1.68109098708382,-0.532076511907948,-0.35856246121536,0.727959536821814
-2.13424318562587,-1.05258354332374,-0.0582450543075554,-0.391739248137154
-0.503005505561964,-2.8413561032704,-0.459517094926349,-1.51621412341126
-2.42994314040192,-2.32378495650053,-1.6321776623848,-2.61924904578829
-1.02812385726362,-0.0699157722022261,-0.703708571650987,0.21991426300108
-2.50267138498143,-1.08642555218623,0.0442991208416481,-0.507702412517865
1.47479897173869,1.25574387003256,-1.60344618961684,-0.628151201037644
-3.98528351731114,-2.69785471356532,-1.41756743056648,0.133644820257541
0.517716173277073,1.94715182228181,0.718813797035227,-0.566855370427726
-2.11901730555446,-0.830824727628237,3.25072416959038,1.27013434482757
-1.83665518596129,0.859041929644031,1.58691144671828,1.87572749305985
0.452006364040809,1.65615182124752,3.7410714326487,1.7730079247824
-0.130007694512142,0.143940121992155,-0.00447799527694448,-1.46222995580996
-3.76088400431051,-0.752623172623509,-0.980136578356358,-1.80625834655053
-3.39462885778175,-2.41026783244634,-3.11340342161091,-2.36378762603417
-0.543951497744896,-0.060969918670959,-1.06165578100354,-1.52101183343691
-3.21549137413398,-4.24754444651477,-3.40728807284492,-2.5478480440299
0.256725315721212,0.422475634949727,-0.67620927845445,0.602802824979982
-2.60394873576937,-1.34584078752585,-2.17228894434394,-0.768486959610357
-4.27677816610307,-2.94124254075548,-1.47239533170508,-2.38545826398262
-3.57167067180917,-1.89198235072801,-3.12064616327107,-2.95992554545217
-3.37972262956678,-0.338474315900981,0.157547776385049,-0.909619432759526
-3.999904268127,-0.874032049612869,1.99331798629935,0.196386052862405
-2.77120291550293,-2.85810794679272,0.104915144066164,-1.28939980873827
-2.44288361431266,-3.99126813314946,-4.76967386979242,-3.25433502502246
-2.34181039923232,-0.789868492869886,0.204653012831073,0.98295524511219
-2.11336335734811,-2.16274041418111,-1.35075556585049,-0.879904537107059
-2.18254451248803,-1.29993542655939,-0.0516618547273233,-0.386448765874485
-1.55413906967077,-0.956378340390483,-0.0963292700676599,-1.84364274994358
0.194218898447973,0.218463333269759,-1.74235164448509,-1.87465495676716
-2.6746186978241,-2.03407623807499,-1.66096288560977,-2.77199303672187
-2.70650035667505,-3.55937413046482,-0.664377291710802,1.46169214311497
-0.630587285144311,-2.64484037186592,1.02143293607378,-0.367844996531584
-1.32781384200362,-2.1101849898302,-1.42817678079784,-0.296367855643254
-0.974440353050313,0.465345747314466,1.19502851443775,1.92699877563204
0.29041681579268,-1.71233313658847,-0.824712859874447,-1.70217314991428
-2.37440375476459,-0.627890843512635,-2.22551737753657,-3.08040923336
-2.13643873548898,-1.25396937791414,-0.993873704732275,-2.1983376676744
0.328409416602675,2.06129468348363,1.65007956684872,-0.444659445101512
-4.37036674822642,-3.50354146106876,-2.89915772582316,-0.383627272823762
-1.1165147211414,-0.759614596628625,-2.00310575480723,-2.92344477092737
-2.85555780014042,-1.74680665624714,-2.00035590630415,-1.83943702451659
-1.51528173508479,-0.70512615078701,-0.878003077437825,-1.16349011713373
-1.37917406940819,0.0338277674873247,-0.937407053860122,-2.64064821466733
-2.56041061812241,-2.30329226971404,-1.91808105821151,-1.56652299634766
-0.204961055927091,2.64331716865662,3.91841785862634,1.28786672447079
0.27102971865554,0.608730547135223,1.34225685076299,-0.9140716344248
-0.836328232677109,-0.705687055279117,-1.46440720831024,-0.116546008623875
-1.90965092030299,-1.11547872749925,0.967948943597658,-1.78642346926358
-2.1722780635222,-2.17374945299174,1.37935697803406,0.1155799757143
-1.93186296441315,-0.183729542028373,1.76649948464633,2.57680921259676
-2.1937435447408,-1.52391838527982,1.49688707723562,0.379215669294963
-1.98946538091594,0.209428037397743,1.59099497640683,-1.96620314360891
-0.517369646864776,1.28921994851736,0.541231083530272,0.65058160555097
-1.46912813075974,0.278374090254277,-1.44287297906432,-2.23846343963273
-2.89172020560605,-1.51582228021349,0.628170504682521,2.76577593334675
-2.40243231269645,-3.40719694082685,-2.86428664623333,-2.98082154081303
-2.06540617107993,-2.8038882853362,-3.66573142149564,-1.6710812780294
-2.51670756050802,-2.69726427959844,-1.47990795968249,1.53962498513917
-2.07230970313211,1.71342697013766,1.73159075797264,0.74783054108031
-1.87640127389585,0.0547520576483,-0.505055937250764,-0.0540745029235644
-0.889539512485874,-0.444545754855671,-1.78256942651279,-0.396638323029966
-0.760563850003694,1.46275579797664,-1.42761142535464,0.552524085267945
-2.72900896226436,-0.953968644105629,1.3631154659826,0.017398478526248
-3.49458260089241,-1.66978907131295,-0.279462056475092,-1.93056332611635
-0.367336530398599,2.06777195120737,-1.21954433923899,3.9859217550323
-4.87225512032995,-4.69565523452017,-2.24590895327943,-1.61983172808738
-1.63701802629609,0.982983790756473,-0.287953641749819,2.54332497599138
-2.35515315426048,-2.16382603414174,0.822734522179268,-0.952110190393337
-3.29679530736123,-1.23991458251238,-0.588179400536348,-0.559872137616732
-1.15911994754433,0.709153724319547,2.13352299331106,1.06704178238045
-0.966063216303235,0.654039989094987,0.791886208791896,0.00392795020580089
-2.00964467560077,-0.616574885918402,-1.26953170661574,1.13667134656242
-3.69115523841561,-1.67103136036478,-1.30948344757217,-0.94387648362206
-2.64855485268331,-3.15253182975169,-4.2984969880745,-4.21052147759203
-1.64969074281806,-0.581649849033428,0.487205214804003,1.86493467619121
-1.53788056320203,-0.444594193086947,-0.0588672256888161,-1.55045579836215
-1.92555463094396,-3.72386466719184,-2.56943254978172,0.159958718553129
-4.65275481880638,0.390162787613988,1.29588138282519,-2.92547350497162
-4.47593542502853,-2.49524105662695,-1.6828185634232,-2.99917749174252
-2.53225669824637,-3.4275847407356,-2.06652252119348,-0.140944511364463
-2.97324141984106,-3.15247815322441,-1.85378924928482,-2.65721811960058
-0.889616447958458,-1.59413568592735,-3.93925573655464,-3.49979419765414
0.445378991047947,-0.271709677035629,0.441741950330282,0.719252678087588
-1.10541183085095,0.595604287157857,2.4576940657786,0.676618556725373
-1.40439644693905,-0.726455468049529,-1.96869667272066,0.604013260596624
-1.76061435837104,-1.8091312144541,-1.7182076584293,-5.68034891583611
1.45810841504861,2.09724519721656,2.08012648585613,-0.805116795181951
-2.77082763311091,-2.03666347586632,-2.09332135254649,-2.80620250047674
-2.36192503101161,-3.38044823918211,-1.02100580002876,-1.72172280372849
0.105276252520793,-0.918405469083202,0.473830543283858,3.6305486848983
-0.0136715799460467,-0.106466501701101,-1.27513845932418,-3.15213151182609
-2.26910925223401,-1.12110121070372,2.16701094665672,1.44771362196182
-1.00319639768447,-1.09166872637925,-0.663414411398007,-1.18791430306031
-4.56877759500406,-4.1198611832858,-3.92947760690818,-6.37243663444371
-2.21065162934219,0.671138880848323,4.15796776313803,2.44032524777877
-2.18237078804023,-1.48529412593292,0.450780223699597,-3.02394481462066
-2.30181247145161,-2.71962993842058,-0.997668789673603,1.48609724993369
-2.37121750721952,-3.2301029504477,-2.14227778321532,-3.06183923374825
-1.10728237875514,-0.608151055836633,0.74936177003937,-0.96317188569164
-1.79023759258932,1.60177137585776,0.0677203655005396,0.53011665188821
-0.976468258212915,1.59807528016888,-0.632089215254403,-1.33793289113226
-1.88652412932858,-0.777995926503952,-0.79056956100352,0.242304511335245
-1.64244343599908,-4.48104335887511,-4.45348070265956,-2.3992172282741
-4.04005671762126,-2.30145559841353,-0.232277666947753,-1.36722502943536
-2.74282880370325,-1.94598672496916,-2.02913527144856,-1.81830619585491
-3.41796433386993,0.249419169076985,-0.780877738311504,1.16075463039544
-2.71627082802704,-2.07826057078825,-0.12157022361531,0.0662065085223282
-2.62708521406332,-0.965493710624261,-2.30265697974569,-0.654996136403436
-1.96929234042142,-2.4383593088226,-1.0060700975481,-0.583389533236557
-2.07650645845465,-0.603534787918048,0.586021330900697,-1.10202239255211
-4.17844830628694,-3.95195992045589,-3.71779614416874,-5.43270473192959
-0.578294322667078,-0.520361195840565,1.76962734949442,0.402991816279553
-0.801207839215276,-0.207774012722104,1.44740921554808,-3.76625935845673
-2.27734394842713,-3.26778338624182,-2.88280734138226,-5.15939151543902
-2.00815179383155,-1.71417998111917,-0.920062518036172,-2.43761091895615
-1.63243781463688,-2.35460193917095,-1.37621466853355,-1.46178370681203
-1.61671785016999,0.68062582305208,-0.00596672104528517,-0.793195006693597
0.48373426732762,0.212230065791394,-0.842477563471705,-2.04825782150658
0.198223691284807,-2.70720142092407,-2.80467649911285,-1.34650050148718
1.86397466375818,0.787765104876666,-0.0579880958990223,1.31658353596618
-4.51701720779201,-4.03452074990098,0.527313426143336,0.213157869053075
-2.01086039453241,-2.94155807460829,-3.27673682437463,-1.88714620920886
-1.62354059573244,0.668996178906872,1.75318724694663,1.39157274629444
-3.6630966012652,-0.943051984032242,-1.96781365406161,-2.16530553879065
-0.998630924746773,-0.810986498410349,1.71038901730148,1.10895462580367
-3.5025819206017,-2.078574296946,-0.17334964438137,-2.3791963560734
-5.10962278562333,-3.40126210132918,-3.34355444077155,-2.73704118177794
-3.49119233294718,-3.69442722776563,-4.05210370772532,-4.88954677469302
-1.54220554240458,-0.409373238407215,-0.508854793612036,-0.0176167187711103
-0.0154474961508966,1.46911164812692,1.96350299174704,2.05232286836699
1.69582017344738,0.130135757889665,0.373502968769147,2.08542126475373
-1.17993095739798,-2.03669177748012,-1.13362354177889,-0.678115228267318
-1.35827399682408,-0.358766887628719,-0.420070831066283,-1.32567626503474
-2.58893064269257,-2.31445851545477,-2.56820425376735,-2.56526787113881
-2.53514491646982,-2.66712989946557,-0.0854510203686676,1.75119688809263
-2.45347380963698,-0.570791768182953,-2.6399524205075,-1.93589771628026
-1.80915727639135,-0.47598433203314,1.59642383957011,-0.397553100343835
-0.391834684792212,-0.00593290303825877,0.00739147150883618,0.43365883547316
-0.369581946328525,-2.82530435008848,-3.00451495563504,-4.60359194909124
0.0631131147966242,1.98005888559126,2.56343743431598,0.382475806658363
2.19367100482326,1.81231952688915,2.10343137942631,0.415833994342451
-5.01405133454086,-0.935609276545262,-0.384936912662311,-0.135080143328035
-2.91081132958598,-1.20749396632081,-1.89699968737925,1.36670686797249
0.192763496479547,1.75094156445258,2.00758340431307,-0.534882514606333
-0.614640215791383,1.32924988412818,-0.361023002343357,0.659410857842386
-0.936087880305387,-1.49259964733313,-0.839807688987866,0.996309429666439
-3.56904462905199,-1.79646479925292,-0.512371579035603,1.75076895573655
-0.902965806834961,-2.88739712845928,-2.86682396739004,-1.9034382965819
-4.09279491650116,-4.23166837849845,-2.19372484181101,-0.15822842310513
-2.15507112872455,-1.29200481558498,1.6584511697071,2.1154401800996
-3.0955609044683,-1.79625960610158,-0.730681849503063,-2.00192461910889
-0.643314127935965,-0.878368895831495,-2.16903033529838,-2.50941830427517
-1.62584628269244,-1.84949992148654,0.229809348757757,0.227326813906602
-1.14357919514405,-1.73696978049405,-0.153743774462632,0.422406119169844
-2.48480285913129,0.43493933187839,1.19617816693531,-1.39736343498066
-1.08253856009356,-1.89567846847536,0.10795450936893,-5.22254324335914
-2.54080481822647,-0.319962346317299,1.16703665711703,2.08521445499635
-4.78545853513709,-4.75252288381043,-0.759497291455397,-1.38538306366829
-1.86844072130129,-1.814982584585,0.768577872951961,0.401964369671861
-5.59902351286457,-4.28938645583597,-3.74345203283051,-2.66634806847291
-1.00705786014742,-1.34731458940784,-0.811197152968236,1.12615214485151
-1.01896279109903,-0.393233035038509,-0.39096347844416,-2.45279600950162
-2.22046045523897,-2.74006971384945,-2.06722805275083,-1.57122553158413
-3.16870174960448,-1.62238943890644,-1.84541191598882,2.77657752313224
-0.290338398754288,-0.429303758867549,-1.68430477235119,-0.613357402633078
-2.7268307355649,-3.8348029326549,-1.96328432784774,1.07670177766093
-1.85068100455208,-1.12956314325127,-2.00545505118874,-2.11494466313872
-2.52587437162698,-1.24352248893091,-2.41889059887875,1.16227945305791
-2.11390369830647,-0.0471543225976667,-1.13059875939335,1.39746814822588
-2.85762974142381,-0.576267289043921,-0.196195484450068,0.994594223455151
-3.21090600780174,-3.40989476325782,-1.46614757900922,-0.481148217158449
-0.136213642332175,1.26447592066181,-1.2094440906012,-1.94640060183328
-2.09598560645561,-0.0734391450438701,-0.99739594904482,-1.145728094486
-3.34081902539775,-3.68469541857389,-0.979734074080069,0.1615239990115
0.603377223712461,0.600623108854037,0.543465637264506,0.466543969935629
-2.87102609148638,-1.9600430013682,-1.02363190363432,-1.19173776830644
-2.80285689417245,-1.87871466904434,0.453729270201937,0.319478352828691
-0.851884928526564,0.319942915445317,1.54167862064855,0.0920189998996691
-1.62448788121686,1.19915178200826,0.750120632918791,-1.26798851160669
1.21903961965925,0.835423409098875,1.33251485780411,2.8547434873243
-4.17882463126098,-3.20780089559353,-2.69238938536615,-1.26388176586647
-3.38423517545469,-1.55645222751794,-0.798149916333045,-1.18433351675328
-5.4148841647471,-2.68343984762203,-2.20795844240503,-2.31833371573178
-0.703322447070782,0.889516659277619,-0.225799004614134,-1.13421985611733
-1.37495849489802,1.76789922877556,1.09578940959612,0.298324681662298
-0.286879622780599,0.0690979547526242,2.87152647320297,2.64299558058284
-1.27891131000786,2.30570248082744,0.757850946140235,0.784306210912692
-1.26242520703169,1.56559351029124,-0.037907019643546,1.43639517241383
0.549765680663777,-1.92361828202626,0.642916967698382,0.463572047537621
-0.653237598713799,-0.307894140139838,0.992719349247879,2.20799772093338
-1.75042439209483,-1.16101886198593,-0.146874461255982,-1.94331171700411
-1.35802744986848,-0.11660994494926,-1.74981853017435,2.95219573096163
-4.02448480944684,-2.51622521256336,-0.814680231800059,-0.575675115217736
-1.02820308544822,2.66914830168739,0.49627845681635,-1.38966269466745
0.830708182287062,1.58960115167661,0.185001381122305,1.47576326988729
-1.62319159517874,0.670639121079237,0.918329550178812,3.0415379060642
-1.09897040203728,-1.97679749733801,-3.37650616812948,-2.44984951258388
-0.203694391855377,-0.480527367305981,-0.294625916589163,0.874955431095918
-2.911499981161,-1.87865031401393,-0.149278482379005,0.296461370110875
-2.54505764460523,-3.07890405288509,-0.221884308022035,0.0629660521070688
-1.36652679202626,-1.20597197804756,-2.09285173385592,-0.863559091663193
-1.79187434693256,0.0562208029943894,-0.720426741983871,0.459534734297203
-4.16722099169991,-5.66936729332494,-1.44793212079214,0.168996333383797
-4.32136760329743,-3.93812697408662,-0.685737094579119,1.23505051379329
-1.84138844626749,-1.75339558781295,-1.19228256534258,-1.85292062934734
-0.51783522217838,-1.58921406296473,-1.31305871716605,-0.519044473992152
-1.70732102076724,-1.72115908054382,-1.79337980890833,-0.461091769034266
-0.427482808297174,-0.810761553697109,-1.55700330076335,0.136002367818926
-3.19781112786736,-3.3071520452098,-1.06828907137956,-1.17298736503891
0.055949153185358,-0.457667079465307,0.797694781273184,0.0474126642045773
0.610007828680874,1.39618261660557,-0.00427059431420956,0.0193790296456863
-0.699992356370648,-1.61600793033937,-1.73641028379308,-2.61354137806007
-1.018065750184,-0.294546472367837,0.809290330424371,-0.228941999875675
-3.53897353414961,-2.16702475256458,1.61559320020686,3.1014814963823
0.245795569626887,-0.504357584201018,0.391902102884116,-1.37065286465655
-0.351642652013073,2.60987032675574,0.174379110842225,2.40948417670066
-4.08954593881179,-2.48108731107133,-3.17636091151338,-3.52739335467197
-3.16569658643144,-4.24159987222903,-3.42397435978165,-2.8373567932554
-2.55468839900436,-0.234658124072377,-1.17957374010328,-2.06240619090259
0.235198533992653,1.5499711341203,1.47123348025905,0.934307944258835
1.35801610333962,-0.276611056104231,0.650507673131363,-1.19013137398915
0.139288941914085,1.39212792778245,1.92576011558161,1.7233999115297
-0.695696043228793,-2.29766291960311,-3.74247463584212,0.0178092341102305
-2.30890576100563,-2.0479904686421,-0.742008546946093,-2.3836780498778
-1.66745004693649,-2.39065967755444,-0.9553379142841,-1.39533214550965
-0.575365020951091,1.73077677498625,-1.28986329695702,0.508019247744741
-5.38541507638126,-2.67970466532291,-1.24232956357522,-0.179857074943747
-1.82277144806283,2.09609865853845,2.02434627726639,-0.385890140140083
-5.04881381670372,-0.851275773118941,0.616557196952796,0.936294459075897
-2.43642468990581,0.0171146422869125,0.201617999750203,1.01547918130202
-1.56429136185649,-1.85295770916954,-1.13683411807263,1.70272196468109
-1.5193673294741,-0.996546047769937,0.0544202166700467,-0.105569164923988
-1.89954409561957,-1.80951599074011,0.141175655278921,-0.741157534495938
-3.46628669349618,-3.14063132232203,-2.61618842024278,-1.11729983773229
-0.692037910302804,1.98969093471326,1.38726882469581,0.595200650137819
-2.79938635604371,-1.8469314505633,-1.29588510592619,0.329683208566503
-0.0438340842224285,-0.13415917393504,-0.50635856291648,-0.849612948967172
-0.811121321474686,-2.21991568306943,-1.71732252111048,-2.36058813102034
-2.02979787270544,-2.19165828228158,0.827881331585418,0.826281420666084
-2.08391741726482,-2.30918616275946,-1.48551055259586,-0.656442146949635
0.722266083195618,-0.444796794904948,0.235733977230951,1.5758361999149
-0.550897799004714,-0.153017578299518,2.31260094092569,0.0224693371584388
-0.301762289022741,-0.311377372688319,-0.545974882578956,-0.989122072740377
1.61278861138886,0.841425290949397,2.06643333668769,4.42965883891469
-2.63538140861874,-3.20411310294659,0.34678547926162,-1.02486251461947
-2.43585219169167,-2.43877638622492,-0.264815385810489,0.218723933093438
-1.88039254427983,-2.37405225249176,-1.60738401300577,-0.364426450254816
-2.79256179412691,-1.02681067257083,-2.3083053212926,-0.85540484125875
-1.11749053862462,-1.13629310899717,-0.655815803028801,-0.363201485074197
-1.98710804833326,-0.16545477065303,-0.261354041065383,-1.3149994286302
-0.372980600622277,-0.287755010242818,-0.511161594145551,-2.88155315662389
-1.03560853316763,-1.53918455000678,-1.33511576063605,-0.980710795358467
-0.888575013367008,-1.50826080924101,-0.969240421853509,0.115482748603122
-0.243356322653443,-0.949233577918135,-0.937904863346277,-0.17970802726118
-3.79904817027586,-0.545185372555951,-0.999722742626302,0.491119497794381
0.669072221029008,0.0258221828742887,0.748767358123309,0.099135688239608
1.321764641346,2.38872982303128,-0.496883058099035,0.672356653857382
-2.92236553596861,-1.49222056603777,2.72863018358794,2.42470215406715
-0.809141888378735,-0.325380129796039,1.63261682413372,1.2471063544853
0.612099384227656,-0.0774624783490842,1.21402881201312,2.98230835457694
-0.912513749527781,1.10830844843688,-0.856775842537661,-1.83063549718812
-3.07880897544345,-2.13915122750948,-2.08574743126781,-1.07058254664076
-0.0697671721796441,-0.254749409168738,1.45989850085805,0.611366934212048
-2.39144572779553,-1.40568883880967,-0.078852959827849,0.446309496662924
0.459629755611456,0.397547862271901,-2.06440091907631,-1.46577706935356
-2.7376225443378,0.243755897578738,0.426150050413879,-0.412809545018533
-1.59803166475397,-1.40637417735323,0.0170597548829823,2.54741561244012
-2.60665014709397,-0.607885701682472,-0.461348341447795,-0.702146740338197
-0.606970409106115,-0.266211546007763,-0.630202540681684,2.8430206988663
1.64540615143753,0.484419027449245,-1.07557161863743,-0.616921108748468
-2.48179342006198,-2.95568626335416,-2.38484768732829,-0.240311844082956
1.06408803396416,0.455276466492417,1.26183801295192,0.748424652738083
-2.01552356462885,-0.750532280601664,-0.307748425614881,-1.94725197672968
0.802702496883991,-0.397937346372955,3.15516018108609,0.307994462874049
-0.265548588016234,-2.86144855564905,-2.92307900623557,-2.41459574695944
-3.84786586506721,-3.55102177727177,-2.07376173993176,-0.776785526922984
-1.05843319831509,0.245552003450678,-0.132130842366911,-0.81033988069816
-0.264505224135092,2.86312423347706,0.519535206042058,0.987326220610323
3.85936829274745,1.93536076234683,1.51582352042089,0.511455434160429
-0.136078714094233,-1.34375795870179,1.12760480504715,1.4196594235584
-3.90745621149338,-2.12210816611345,-0.405639701171316,1.55750471123755
-4.66515137702616,-2.14764609617086,-2.8706270025274,-0.482095671513515
-2.10158610085799,-2.77842670367424,-0.886198542243081,0.816286264676978
-1.82784252968133,-2.34046206038003,-0.525616391311855,-0.687941888618143
-2.79218178523773,-1.44105256519439,0.26633907887427,-0.00465815901923022
-3.7052501563343,-1.75226981778375,1.67637067725185,3.31550038538832
-3.17885977684944,-2.92257938024427,-3.28346862843501,0.846317876761185
0.49729610396153,0.200247174652588,-0.870074228480993,-0.0671438763965464
-2.33356589716424,0.580439790559336,0.720216528557761,3.60132444806534
-0.0343141128282162,1.91678459572513,3.92902942459691,4.71447926067922
1.46583802020628,-1.33268085752132,-0.483267417856613,-0.20179954343419
-3.5465690839521,-2.78525944907388,-1.36434954910635,-1.32200212584532
-2.02672570158172,-4.4880650890264,-2.92258921865994,-2.06135168056718
-4.00985303434731,-2.10463001359195,-0.987553756078131,-0.661461421770496
-1.82873585924121,-3.1578582585022,-1.51294805433491,-1.57803915525602
-1.38595904759203,-1.33315256688013,-0.471987636202514,1.7741260641682
0.158617068305888,-0.999119503193865,0.283480966305909,-0.473459305252812
-0.642677848548336,-0.237767108620868,-0.0717923053659585,0.193911949288437
-2.05358237521921,-1.92432855108585,-0.0950943348058835,1.23667385655778
-3.56179744931367,-4.07866102448077,-0.270772885323681,-0.135864398893928
-2.46850802888763,-2.12408706274562,-0.716298988887152,0.668690750580935
-1.75131944856968,-1.96643587424947,-0.615126949782453,-1.16325623326638
-3.6955176034863,-2.97338624575457,-3.85203717055105,-3.40918186975747
-1.49430854895378,-2.29324988520198,-2.78230136205283,-2.24302060652088
-1.2250650151967,-1.46426498488247,-4.09044497981396,-4.30464414963992
-1.10409586681209,-0.104669046915442,2.34495911578954,0.200219043129699
-1.36124433360423,0.319256108242669,0.1003292837294,-2.17563878371182
-3.11892683349391,-1.97468176997423,-0.488192804778305,-0.751953135424678
-1.42534201794923,-2.33619657635833,-3.39745014364068,-2.13312349381517
-2.99966834494721,-1.73828350365013,-1.85317247217373,-0.374601781432872
-1.68869960172027,-2.88660073065469,-3.11101591568046,-1.65798615433912
-1.77757916848287,0.371129312918963,0.104247817711638,2.59777431567631
-1.50789984175023,-1.28252547343739,0.0144451033785262,-1.49888332651008
-0.0729456863714986,0.879793495206792,-0.0866231048238848,-0.0949339800416276
-3.95864297451309,-4.42041499531313,-0.262967766693459,0.37613315675615
-1.31097194476087,1.24101680873305,2.50717149145043,0.795663404031339
-4.49524277929594,-6.27556465133523,-0.736816256594289,0.494909838394985
-1.05688869571604,-1.20382388179103,-1.42674666692624,-0.877932499676205
-1.13901552742621,-4.29382795200667,-4.09536484557842,-0.875289769885137
-2.11146675841437,-2.61016694780765,-0.98987679569882,1.65582620740241
-3.49951184957669,-2.65540086201892,-4.39545949957926,-1.51399746105548
-1.87678191252362,-1.37338401517257,-4.2742155516228,-1.93330410306212
-0.516950552718831,-1.83683960471965,-1.93306907232423,-1.62449950459173
-0.342858746280388,1.3434808261886,1.73619012189213,0.064354048170589
-1.66089664493585,0.354842490188844,1.95847995138489,4.1245771867522
-3.1399672742017,-2.03700554920742,0.860474909396281,-1.06344401489238
-1.68143379645635,-1.75555068257954,-0.143570515362617,-0.310454649940899
-2.68109002035858,-3.42852575550533,0.386648647927127,-1.81540448494543
-2.83955611150567,-2.56962494133951,-3.72171865936198,-3.26606162858976
-4.00110832000651,-4.70052887237005,-5.37871786170035,-1.921334512782
-4.57193635033832,-4.42570051894544,-5.06907125489102,-5.02342224401141
-3.57837946023437,-3.134309809054,-2.21813954426511,-0.622678731229137
-2.96785900663339,-0.496142199408766,1.46820478355942,1.41852780529717
-2.76838274831854,-0.466536966086694,0.0617979775932021,-0.41885734504359
-1.57488301890086,-1.24370311780017,0.610563283300149,-0.0961758993611508
-4.17287332381984,0.847058400826852,-0.417949454705159,-2.11491919252457
-2.93033800039151,-2.8113337826088,-3.41701138328717,-3.06750069680608
-2.55981909226644,-3.37747431228839,-2.6062924637073,-0.66072370016086
-1.85047824534126,-1.85199207613226,-3.39999685051625,1.70238853512531
-2.74568096328999,-0.558934717133442,-1.1572202333079,-1.434050880068
-1.21858103317576,-2.50900202861622,-0.646474433088764,-2.20173946707438
-1.98132487140722,-0.673707897695933,-1.35271623554837,-2.37421521392941
-0.565148615262458,-1.90200847307922,-0.141608652049633,1.76284889905026
-3.03034551751389,-2.46797548924581,-2.73262748185625,-0.939968424175677
0.814723712501722,0.00324921471530037,2.04992963901864,1.40993711439388
-2.23176968445964,-0.197445535298421,-2.06975587634312,-2.20373024363136
-3.42532649967931,-1.9629563351921,-2.51683649060905,-2.15704884027949
0.291375138715003,-0.369439451660033,-0.643949195267858,-0.920913012932709
-0.918360446512484,-1.9601903260356,1.44482755045305,-1.64336541210593
-1.27940674361612,-0.774499123893132,-2.89068174151235,-3.23187261540181
-2.65641959471261,-3.43316082596759,-1.95672389552672,-2.35749154632256
-1.52995220231371,-0.786998938787613,-0.244208689752872,-1.18967013097373
0.987794151203195,2.25228223142657,1.14313413469705,2.25970084171229
-1.72491910957104,-2.60047825626188,-2.53520149484424,2.03218325361832
-3.04462093297946,-2.04856292117309,0.00817155291082183,1.71535512581735
-0.138718671291768,-1.83989220333102,-0.920748321104968,-3.59001615464055
0.762000945526236,0.591653140492789,1.80821644224674,0.640219942158465
-3.62936449405693,-2.0536954853877,-2.04397952858725,-2.41418159244829
-1.33730671238365,-1.81411518925673,0.0930547480005317,-0.794040325628858
-2.15403140784329,-1.96531718295792,-1.56555609887066,-1.47482685730014
-3.64348521030086,-4.38775582563009,-4.17179043637844,-2.42272014944889
-0.880035140743181,-1.43296257846044,-2.80765023519564,1.65130393498694
-1.49374683328832,-1.26795474966016,0.297573446100909,-0.278293445633834
-1.8626273131459,-1.96982565905127,-3.61779087197424,-2.69665982303897
-2.81473492491857,-1.46932978640665,-2.30063326231002,-2.33454155046253
-3.36854517576175,-2.28280983387306,0.80403280334083,1.04628867027987
-0.230049812834081,0.728267592649482,-0.760259591563743,-2.6236935752617
-1.77559061506802,-1.3176895670985,2.01582266416349,1.7741362141098
-4.75033970756965,-6.73198351858787,-6.43001589210216,-2.30412489033185
-0.387885419836093,-0.924925387320233,-0.530599671623011,1.69416797360168
-2.17819848502966,-2.12709775753414,-3.68602473878957,-1.62033372984662
-1.63015845644303,1.39113145271711,0.368440671128806,-0.350331175441252
-2.80594538019977,-2.06894883352361,-1.80391384899153,0.825579485774764
-3.06504203420619,0.165255841148672,-1.79336686336366,-1.86851415620669
0.0929155788921736,1.70174141947527,2.24281092927162,2.07392564661641
-2.53317027966061,-1.95905970784853,-2.42647504628078,-2.90210446919257
-0.635089221347962,-3.43656648411343,-3.86233495163952,-2.83829705023143
-0.954725356441779,1.38290593726884,1.01197901879097,1.80687400787218
-2.11768154770982,-1.39786117621995,1.63627995524809,0.600456551893129
-0.574586823779193,-2.17992632385164,-1.49939084108695,-0.836665944553359
-4.51896486844166,-2.32128846318124,-1.01822572415407,0.0497234435774389
-2.12983356565562,-2.18594532189281,0.91025017185374,0.144139830758408
-0.814724179255097,-2.45434202110416,-0.373294134095143,-0.839781055758879
-3.35898164816143,-3.7301716617309,-1.77294554017742,-1.62452697612527
-1.89247762657951,-0.556430658068469,-0.74886532187923,-0.806917179492477
-0.261732881024736,0.466057998725038,1.46410417567289,2.57563178676213
-1.85474682150343,-0.667953787421651,-0.324445836698938,0.734806672423468
-2.09516607410457,-3.39415725200906,0.0624496327218063,2.3163968374688
-0.333007388997354,1.72021177701749,0.713403095308227,-2.94030975374346
-0.363088665128771,-0.250063681109703,1.02748707564461,0.206393678895715
-2.09759937997664,-1.37207147313943,0.0208014532053931,-1.04312377441182
-0.144741109262586,1.95228457710024,1.91853302923227,0.477509844474447
-1.11084932710924,0.245130921522979,0.276772271910742,-0.757321218454965
-2.2917422958663,0.272325707297386,1.78810437743872,0.348418978777032
-1.69910466512219,0.804502552280603,1.47004048734794,-0.77416542597491
-0.399929141343032,-0.699946924943607,-0.860586638793377,-0.148456785676704
-1.50921071670588,-1.05382533742731,-2.84420232575868,-4.45822883446225
-0.476480933753404,0.0134161086643807,1.58063252659043,-1.14948220704674
-2.54928667125211,-2.26586867530719,-2.43060887078795,-6.30218783371766
-1.15182176969036,-0.418549478253276,0.659747436515308,-0.666717248282488
-1.58461854245917,-0.942936889310899,0.548778254094084,-0.198256687547285
-4.18794405926733,-4.17321688064279,-3.4527743616623,-1.62595620837885
-1.14432738925942,-2.20293056022594,-1.84390836356158,1.6595737895663
-1.64366582624806,-0.373668954575576,0.383915977480874,-1.5298415372429
-1.25599060420813,1.41968577923842,1.1078542118901,1.2617717230687
-2.15988914267524,-3.72244886505748,1.44785456295549,2.0496227866694
-1.82248881404722,-3.13443580654627,-4.02092721494379,-1.93602542183092
-2.75670768231033,-1.60556471495715,-1.72350551578569,-0.8037346789944
-1.23441694127712,0.121259183020002,1.22938317978419,1.41886040684274
-1.47517251685568,-1.05382109943579,-1.0513711515922,-0.970017884834588
-4.27116346066671,-1.68677975848331,-1.35143419741826,0.370801271931631
-3.40359868625602,0.371173345355403,1.56375587269396,1.95958026979677
-1.22758528130832,-1.42935239023476,-1.18818641332304,0.758636743126826
-1.9951403893665,-1.08176851402339,3.64427565672676,3.79348885269506
-0.0904980221814362,-0.686199660589908,0.505975946400792,0.256010524598686
-3.0196138500955,-1.01257483210143,0.0112688048134315,0.810708403607862
-2.37982545775651,-1.57405744411745,-3.18344861752233,-1.38266000831363
-0.445265163832693,-1.03531247397874,1.06852770217329,-0.18014654513371
-1.46633440077148,-4.03058773530418,-3.83214102532462,-1.13606092717644
-2.73471466693933,-1.51737902003696,0.153971275266853,1.00740089542093
-1.77266942321211,0.184349983378553,0.428550017216094,-1.75536210242272
-1.7165322456742,-1.29026982588758,-2.58960336218436,-3.63709690606874
-4.06880088910033,-2.29475219440249,-0.956607747525554,-1.37350485437331
-0.0961373353542987,0.527446329085586,0.909984128566643,-0.321410052566176
-2.73924679626056,-0.774233548473413,0.0213751484309881,0.376566848394883
-3.24535698444414,-3.43859225761583,-0.943555839105787,-0.386264693070653
-3.00797139065432,-1.80834661811269,-0.858733331818004,1.37217041569907
-0.979117268937951,-0.655229838991609,2.14357573534467,-0.341558740954457
0.0593004992280111,1.03639023966549,2.38302117886591,0.329981153595989
-0.565585494141837,-1.18496240817635,-1.40084324574975,-0.260921042063584
-4.21595388042194,-2.90350875612622,-0.974221600142751,0.823538720322858
-1.05861135439758,-1.92245824492946,0.13847207886975,-1.9090703141434
-0.70168470285763,-0.317731855449256,-0.34315258790458,-0.707232932821798
-1.40532249109262,-0.107458473025848,0.827759339422197,-0.938048178031546
-1.2460223477905,-0.727961029372096,1.73645280060796,1.75420011087024
-0.446939228360058,0.100099693335772,-0.401958537445074,0.748866225128329
-0.92290710452877,0.393339533384146,-0.384903253104718,1.61259122762818
-1.58483921997147,-1.65706022811579,-0.615231196902799,0.527855045238381
-3.36238109766964,-2.33234282972062,-0.707146214442463,2.03788977962011
-3.03882756625435,-3.15648819216934,-3.29320177467694,-0.20000316127734
-2.37088195266728,-0.900184303282685,-1.69983145768145,-3.57109207375947
-3.6139559308272,-4.16980356447584,-2.96732620088281,-2.02672316400537
0.205559143403908,-1.84717834388663,-2.68767018770175,-3.68857418897715
-1.20532475436577,-2.14086789579103,-4.00740385915233,-1.28907000243072
-0.657403300314763,1.35209245285362,3.46230041959831,2.01275085724672
-4.04875635198386,0.532542301424684,1.77029734227922,1.44307468045343
-1.64509104712098,-0.253111017586005,1.29922673747952,1.38752383465408
-1.38589451252532,-0.00300781494580468,0.949392273786092,0.497219003889924
-3.26154977629193,-4.16615474904715,-3.19338830890287,-4.39779935025827
-1.24670827212496,-0.414162563120262,2.14415606225125,0.589138437060171
0.762162948121551,1.3290708526818,0.573163548612056,0.559763576640478
-2.93335552708387,-3.23343417185128,-2.87527885077674,-3.21632901823673
-1.90635947170524,-1.9454450362983,-1.33968283113676,-3.52395460297601
-4.59480935389514,-1.82575927246063,-1.09229808419745,-1.32809043872292
-0.451516720028948,0.333168772192555,1.42627675203446,3.12859589411193
-2.36883719845075,-1.17404322912833,0.912828181982448,-1.61838471950243
-0.608039637509143,0.225667186518705,0.90745710535084,-0.0256764790352291
-1.51934202392841,0.114695374972114,1.91044444084822,1.51530934739721
-0.700525920542788,-0.554673202561237,-0.982198597403926,-1.93923823089396
-2.35562086826083,1.00290682375993,0.895733864811542,1.97901449104991
-3.8484882510182,-3.19724999787303,-3.72611463323473,-1.64497116646758
-3.24642477114971,-3.06772580287803,-2.35233246008936,-1.50302276813184
-2.35433085834398,-4.24805779743908,-3.1110002955868,-3.31172708254362
-2.0727913557725,-0.514329482765239,0.564850664011519,2.6381545923702
-1.97394015414325,-0.355501494588862,1.07682544286656,0.471023687227938
-2.07531248911919,0.282760566718806,-0.728883742890688,0.0718715709669675
-2.17384794839741,-2.16534036876408,-2.04265279443472,1.06038860612565
-4.49235230374641,-3.19780793275959,-0.287947695096777,-0.10114032656178
2.03960283959747,0.203857164665342,1.95092362036313,1.65789550963637
-0.976406664247236,-1.4346065905175,-2.10070084206966,-0.909844946026795
-1.44407627251279,-1.75655260868909,-2.71227041537713,-1.92728923504548
-3.76995937229058,-2.1723022863978,0.408030476437077,-0.439971228336653
-0.441715307111129,-1.6444575624473,-1.84263287328234,-0.780088851622837
-4.70039428301893,-3.91643288347268,-0.796969758064093,-2.17642401930308
-3.54713334788274,-2.49247187510794,-1.12831375471618,-0.305355077925588
-1.16864978117389,0.917966527537119,0.00228396504734152,0.315620106844252
0.389982501369174,-0.148070570921727,-0.251892208507136,0.0808739574916481
-2.70489815581126,-0.208625707993243,-0.687718539735133,0.518095361628011
-1.43046930466866,-1.22766930685874,-2.92614304968395,-0.48987913852803
-2.1012829452664,-2.43869866244362,1.02431311610953,0.388357871744951
-3.87984633758212,-2.35536120437232,-2.05427922075951,-3.78619666541224
-2.48880012973398,-0.909656471115903,0.555124441417468,-1.67477994458605
-2.56026831449243,-1.98406163155131,-1.91378254032088,-2.86093747083855
-1.69160578830134,-1.84642609527376,-0.456354625933422,-1.0792030934215
-0.845194605891252,-1.71437703745039,-1.1134983752124,-2.18442642509618
-2.09002485327266,-0.431807316675275,-0.996001542129786,1.02538890776721
-0.233682488009582,-2.67819971430514,-3.86617649735803,-2.75998760822358
-0.811174909102958,-2.0627104531762,-1.33644558078936,-0.197165693867645
0.47044324094795,0.923395673921151,0.0380632274703392,-0.0464076636112336
-1.29600393252141,1.1166489301876,-0.43898550391217,-1.1044095397894
-2.16739808112253,-2.07605283896738,-1.0312782128097,-0.524103271158457
0.364340806446937,-0.558745876322703,1.80196928672981,0.884197129794648
-1.07671615683762,1.55049842178558,2.47526119468713,2.26223819614101
0.377463740822326,0.330738525974654,-1.18834901221421,0.274574357520005
-2.4114202407266,-1.10977002089953,0.524767261841396,-0.602666352669135
-1.60681798202705,-2.81507490735114,-4.31131151250912,-2.78317366355574
-3.68961847977851,-1.0998873670823,-1.51076670385752,-1.56854965658315
-4.12337783502397,-2.96254418046595,-1.77363069759266,-2.13232547487885
0.299065053947903,-0.0757479499670793,-1.21716342547421,-1.54033887317277
-0.714511078830822,0.363917854460499,0.777754952945601,-1.38382637932089
-3.84029621652434,-0.688097924267741,0.636574286991622,2.49600556694289
0.946336087024449,-1.64853060190332,-4.21084690234911,-1.7071718038599
-2.84738541330801,-0.518592059694866,-2.96443902032213,-0.925161067326595
-1.70577270093274,-0.588037237570877,-1.69406076220772,-0.675222625104254
-1.67415107163107,-1.60586590235253,-0.303984063889186,-0.163081929165327
-3.16309694077333,-4.4315731673182,-5.6283986038379,-3.71010550426973
-0.837055391992838,1.0538471165279,-1.01907380225217,-0.6381398038024
-2.90079621566037,-1.56483666307128,-0.292570278425828,2.32209931444433
-0.570198821064245,-2.70449856834518,-1.83528941458672,0.520658524203284
0.525230090655252,-0.857841565962245,-4.14356254864656,-3.62725734198921
-2.90612217524205,-1.8779184364507,1.47135235515196,1.43811391180899
-0.717301866645089,-0.388597399703802,-1.40874863881038,-1.89450791407561
1.49963425189169,0.220048846055071,-0.877906115361407,0.455725021441504
-2.58368696615332,-2.39973941389622,-1.09604096939145,0.212514084316261
-3.1692312492665,-1.38628222887646,-0.814052806226043,0.329764874291011
-2.10996307320157,-1.38230437603012,1.53386717257083,1.44610212278702
-0.977862503643785,0.440454172628487,-1.81146524838007,-0.745464676215294
-1.5522546582012,-0.757219955923947,-0.752539129766087,-1.8388618013511
0.289156224122297,0.821093247505142,-1.37214054989587,-1.60333067618959
-1.60317015665464,0.823447193827113,2.12743831567023,1.32795331266643
0.801967055365843,1.3401101128277,-1.66643927100424,0.958757169022037
-1.30565277727165,-1.09140521693497,-1.48022487929351,-2.78502919564211
-0.720859827757411,-2.17668413900554,-3.14561742670808,-2.86318142607758
-3.00562987717971,-0.401149821833639,-1.29300626178931,0.0266000097466006
-1.92388555242732,-1.07642729934882,-2.13980338989579,-2.53613129152032
-3.29240069128176,-1.95582487915075,-1.43129390097774,0.118234490152041
-3.60309709771585,-1.49340554944549,-1.34364516554411,-0.648528637711416
-0.183922677467817,-0.0722721499442969,0.14506450335624,-1.93701090514939
-4.05697444380628,-2.98367559608444,-3.70808937131686,-0.858690055537886
-1.86942698142352,-2.3317148809589,-3.51866850961941,-1.04266666678862
1.12534318570441,1.01551554696927,-0.681974548931104,-1.07266433770701
-3.48791987562943,-5.23423833381626,-3.78651858867742,-1.31115036627219
-0.698528667178707,-1.40890985245193,-1.5475432320646,-3.13453088925899
-1.29491454180701,-2.73338243291224,-0.757999818998325,1.33672163033589
-1.94132512607821,-1.90230867200818,-0.286199483299324,-0.603533276662751
-2.10618581059665,-3.74433723753112,-4.38515355930167,-2.79275098615129
-1.69019313286907,-0.739109813751845,2.28347280630533,2.87706255879077
-2.6062192941028,-0.108918907712678,-1.29074458723297,-0.0389624951765857
-1.14764495193652,-1.42771572549064,-1.3219975853373,-0.879270931102566
-0.496694404963578,0.307488056857934,1.91082780119382,0.218656436503279
-1.34904979129196,-2.4365040909098,-1.84962576726001,-1.16174357487687
-1.04178912108025,-0.14577375032846,0.991784596494397,0.0287904231151142
1.17133740778796,-1.16364639020122,-0.138041638005037,2.11186431857276
0.332486331211741,-0.44290362820122,1.10734832357928,-1.03402696950404
-2.04003967300023,-0.509594608415258,0.00240833951201669,0.934212362329259
-0.301642762761171,0.19020553614078,0.02634092445531,1.30839588800453
-2.30034773720606,-2.15391953314052,-1.48261588802685,-0.436874356188323
-3.32987136371985,-3.86130111637623,-2.20338942294417,0.119330505119543
-1.75303067115742,0.419891409322633,-1.7826320938185,-1.169612568331
-2.08796876681612,-0.31654356746376,-2.31475771121504,0.179600971203115
0.0379813319323535,-2.21840911262464,0.816644665893006,1.24041441649558
0.311144403448267,1.88613508134672,1.80947144161663,1.20689532798382
-0.0308190386601351,0.612274932086204,0.0218260983549539,0.499623442617294
-2.00824110325151,-0.856011584737925,0.108549888073082,1.19085951645078
-1.4956120641041,-1.80593944936729,-2.25007631109562,-0.919871293483925
-1.38496924533838,0.0147804641489672,0.154311751032324,1.97982304089274
-2.13733740631563,-3.31074156006481,-3.11444672141993,-1.18550844088511
-0.182978790045342,2.59574985760383,1.20786513078611,2.91436850321006
-0.998597974577291,-4.371800397526,-4.570979341269,-3.85205487738516
0.423018420099905,-0.688702133862154,-0.505533062938319,-0.355751387282962
-1.62478320058762,-0.890618172310826,-1.25259703104148,-0.752575395074685
-2.32501311865914,-0.96390683965651,-0.654152594146687,-1.71376170481836
-0.658173824038948,0.568654335892847,-0.586855614832588,0.332211414183172
-2.21686655726889,0.513802570379793,2.1251981992626,1.90600447926621
-2.81006903107051,-2.28857205348084,-1.47806296234283,-2.30812708206204
-0.489470275384815,-0.133734514556045,-1.21527085740806,-1.81425083620601
-3.28555891374311,-2.32781611072286,-0.0479199613910322,2.4203617680531
-0.478629272932135,0.427085858882257,1.74514877510935,2.12655080507153
-0.443086463177952,-1.19858584135385,1.12656426560972,1.89123254353591
-1.14739337028959,-0.302084869633826,-1.44112975475543,-1.38390144696181
-2.21374536723115,0.043684825620714,0.126417856443205,1.74664139905988
-2.26354011747485,-1.89959295384569,-1.01708663028224,0.641464050853469
0.165223546327422,2.10372094536019,1.6695293591306,-1.98065004076155
-2.18879357619441,-0.193443167002591,-1.03412198305652,0.185922970198371
-0.970350609867801,0.655882815746879,0.760064655884048,-1.76483188639902
-1.09913587951394,-2.53206686157228,-3.41436482246049,-4.93797880492078
-2.07462461476183,-2.28969413956127,-2.55196691523885,-1.0598594554472
1.20124913408531,0.956927245061692,2.22339893241246,0.0635747329987066
-4.07196363530791,-4.17369978035084,-2.5890719038687,-1.73371524439756
-2.14728470278369,-3.35356697540457,-2.33141150198811,-2.13313556958165
-4.30037298974805,-1.57224883847443,-1.68119670410073,-3.15711196910307
-1.48322129173901,-1.06274731597457,0.752608487595167,-0.574268173771481
-3.7836516307468,-2.79339583557303,-3.31275245300201,-0.344682442615305
-3.04091341246179,-3.63051036508317,-2.65872994482405,-1.33846922759761
-2.79867974936692,-3.25945506825526,-4.01570757150377,-4.87253344265724
-1.51453992643277,-0.776053696902003,0.468723512953046,2.30482204704399
-1.98003845532542,1.05934310281522,2.93416352400164,3.44709007716778
-1.26673842006682,-0.753063660742358,-1.085267809879,-0.337850711241028
-1.85534674534577,-2.06833850728206,-0.783027042694351,-0.569944531600539
1.87287236570595,-0.101457028902016,1.50944472260851,-1.6545180209438
-2.59523602643101,-2.98543516747983,-2.48620907888156,-2.34164211628562
-0.319788196681161,-0.310529045189805,-3.13461211897517,-2.49770223678115
1.49920894655662,1.04276841285324,0.257954204200521,0.721888120156485
-2.30476665238633,0.542414508663256,0.439435896188409,0.439699087573898
1.00693152699324,3.39268912641608,3.38697547452908,2.31782847571501
-0.76981486304967,-1.04525078259067,0.239682066074415,-0.940189480715497
-2.89371953962187,0.0690744117199376,1.01743523363591,-1.51977608865502
-2.08281138828122,1.27770577502098,-0.115952977020203,-0.690487617330078
-1.27675511093072,0.144901154899192,0.356000167922189,1.79205256262323
1.70798452960126,1.85014024420748,2.6412773346753,3.55877138543446
-2.96267608437249,-0.547822095665055,0.582379040715655,2.61123096440179
-2.70233024024683,-0.290021646125493,-0.914280757462424,-0.313075705488071
-1.46302532700114,3.51836910813624,1.38154589682575,2.61138099062486
-2.29679987778539,-2.12030128522138,-1.1601030088397,1.25049875034372
-2.55470638744472,-0.915964516103855,-0.292958742768557,-1.15945370231252
-2.04972737995235,-0.620837699137028,0.489793526779207,-0.743390421041566
-1.82035083782494,-0.896972564090883,-1.43331735449579,-0.510361878955958
-1.05628534086507,-0.738936937263562,-0.222798354689937,3.92202059100065
-3.47437988327725,-2.91109302025416,-0.335839481971888,0.39543935456873
-1.89269870251405,-0.392552106276613,2.32450303907984,1.71614747383616
-2.02858391303854,-1.90519184599197,0.395194141102622,2.95775505161297
-0.341807245550067,-0.718389736036041,0.0655406083574745,2.47058569676097
-1.81553509506307,-0.712506260682284,-1.22132351575261,-1.22558353464492
1.24481026697258,0.445065743489606,1.79214400509078,0.807595678716304
-4.08707540293396,-1.13613507285296,1.37011648333979,-1.455557760213
-1.0286748978149,-1.26828795572926,-1.33862079032591,-0.76464493051982
-0.89257388810219,1.82505214526422,-1.48272647208174,0.593759658609443
-0.645167168810405,-2.19354498741692,-4.58547139618224,-0.914752471475032
1.2973903036293,1.57748125336075,-1.32913573174303,-1.48561742798569
-2.25674147318727,-1.48040972219583,-1.92100991626563,-1.24105694789032
-2.85967433421693,-1.3403153061714,-1.19835648385902,-0.28101543990378
-0.32941504433387,-1.27760765692188,-0.433836100812106,0.101176399373319
-0.32472944575524,-0.577480244657925,-1.85111576202192,-2.74262782126234
-2.48266088289043,-1.08913332803722,0.264934249069024,0.381688330055237
0.209654883993546,0.785647073567015,-0.873973273911038,-0.968011999048816
-1.26689729793119,0.128166560540955,0.666685045196675,1.13811939265765
-1.90881970515728,1.91233764616141,1.24393253464333,0.114519152722312
0.1641602905296,0.0693805869215385,-2.38575379778715,-1.57244047684646
-0.907886760647107,-1.321953199236,-2.80734199102822,-0.0374141562105605
-0.448485881536259,-2.87511161709653,-1.69958614546563,0.334797539942634
-3.27563494255107,-0.974540054418251,0.451541658832993,-1.23359224397266
-1.85064305899745,0.0123589936703791,-2.12557660935415,-2.3242159831814
0.79006934346,-0.21556670789415,-1.90648975457271,-1.34107942427555
-3.29228761572867,-2.09970755825754,-2.36465334328334,-1.80426529069623
0.978602233377984,-3.12214495526589,-1.55160297132945,-3.13377874706974
-2.63911612834725,-1.83597091908809,-3.65574883513956,-2.96661570647328
0.606296215322059,-0.603221852497947,-0.0633071196435611,-2.5259324442241
-2.83974599760791,-1.5366151099505,1.06515432020364,0.902156074210366
-0.640553734441911,-1.78134289820599,-2.36908902290772,-0.0604827456390191
-2.05176225072254,-2.3443732387215,-1.56304023523296,-2.5960931346893
-1.93619496964536,-1.02610422048563,0.545472038569128,-0.982625158068404
0.685018107247919,-0.373146290829287,0.177217141623452,-0.645812362444116
3.08462471112916,2.94827840037846,5.93080043747272,3.14590030558724
0.553440874285123,0.773865797863702,0.711944358639079,0.78322845297788
0.571075191434587,1.4841553946246,0.558648106307265,0.912195587998694
-2.75792890521296,-2.1788373032799,-1.92246443246249,-3.40470438583627
0.713718552090688,2.78152757645438,2.47342048839315,0.316557043998572
-4.25466038105119,-2.00884390605281,-2.17609166762089,-2.01883629722396
-3.03437732231268,-1.01374891199368,-3.67800918368678,-2.76432735890876
-3.7266527874002,-2.00137731335421,0.143815660307333,-0.943659110122283
-3.4391831382872,-3.24820122408709,-0.554484925107628,2.97751323971248
-2.50444172943118,-1.2064099683317,1.29686413596158,0.967025761591788
-2.39715789480947,-2.58889283653011,-2.78551861756749,-1.36305686510373
0.152660472846631,1.45617448259991,1.28142528926569,-0.140639959841996
0.0497560767890689,0.852514484254859,0.475533224738081,1.64815355692112
-2.40760441471143,-0.887258139327279,-2.12153215263757,-1.51269460551479
-1.33964918723025,-0.664181787257059,-1.18758801456313,1.33165636836129
3.5042259853126,3.50573068033971,1.09194594863649,1.43500482036094
0.501891077937178,0.349566394682583,-0.318748746216155,0.514920733902432
0.719489666504832,0.923048412260848,-1.77034895140858,-2.78414778313933
-3.19690910757272,-3.37066459639969,-2.56988064454639,-5.76441332463421
1.2206463227756,-0.629167770305957,-1.32588345574124,-1.02554521197168
-3.71889356253077,-3.22783316136962,-2.00998836802974,-1.77481214600918
-0.669979887351404,0.165311999665578,1.99899747907458,2.37873272150384
-2.04880671169478,0.712672633113521,-1.28489423786885,-3.60070242099234
-4.34359331975849,-5.41677667702187,-4.12831342801859,0.24943564161929
-1.04410020304272,1.00047757371081,1.22482184919918,-1.06495957411038
0.535661165888773,-0.265414724359999,-1.14583839088155,0.232670144645082
-0.885399265543361,-2.06279497960781,-0.882542280118255,-0.226217177414133
-3.41134473894144,-2.19369609613253,-2.47811101172714,-1.91014197298719
-1.07932075148559,1.34145827022088,4.16177614903334,2.81245084120913
-0.842699093384107,0.323860221696492,-0.383565531389199,1.37334228068708
0.00820633200827103,-0.915725753038642,-1.80242729142249,-2.57013731489203
-2.28339623666688,0.794807717432907,0.0638625262660539,3.16021642613047
-2.11685553550896,-1.22770828880445,-1.63115207620922,1.93922694391617
-0.406716590008372,-1.134665878426,-2.77402421844037,-2.70400557701355
-3.31680259519849,-4.19115761296972,-1.35169581518423,-2.99927629306338
-1.0086298670545,-0.496069414435278,-0.75114716514877,-1.82324167691675
-0.87545525114801,-3.73682415698746,-4.07012875981867,-3.20571031898142
-0.618441504489597,0.0479387376230228,2.25282494397043,3.37846414471697
-1.77001964783468,0.495328545944347,1.56501488961069,-2.62277795809962
0.423207514156699,1.06425863559246,0.945114092682082,0.91745898610724
-1.09041558298152,1.97424706652663,0.158242878304659,-0.881166456631561
-1.28324940743594,-1.75407225480998,-0.413950692564354,-2.4652306724016
-3.51059535490624,-0.411607852133424,-0.0365478839631664,-0.0474771241024845
-3.42531755349166,-1.03683766267023,-1.16357697283852,-1.62616150313157
-2.76572615309575,-1.23045052340326,-1.86337302953974,-1.48291534430199
-2.14744870491733,-2.40733609737195,-4.69261173214697,-0.841546298550058
-4.60029682224559,-5.04160910094856,-4.29764800188266,-3.39362054742909
-4.57830483566569,-4.27090717628769,-1.42040296928328,-0.0489247082354123
-2.14728495581702,-1.9899885652575,0.589733704386881,0.367014197622726
-5.70869193722894,-1.91051160568922,-1.68530023604672,-2.76270509672471
-2.92249455951833,-0.890245694442154,-2.97517081876381,-1.56866234188579
-1.62284638824909,-0.16486333616114,1.32531066913222,0.00432943987976575
-2.83253253995129,-3.36038607033091,-2.6961616880211,-0.93899785393375
-0.27851881216814,-2.03107461529214,0.701806992810139,-2.1971633447936
-0.714525265091306,1.92534553630982,1.56925190489287,0.103521119308794
-1.81613251098043,-1.80095989784481,-1.12230221038483,-0.0730844190512577
-1.06682485286638,-0.415899545441582,-0.885883571981337,0.0759853612463449
-2.37373084676346,-5.26038980775164,-2.35946325232989,-0.10084370718522
-2.19004285981455,-0.839596769892409,0.765652712529919,-1.03290158771093
-2.22826349845784,-1.37008890931497,-0.712626979047492,0.00468200439724831
-2.65671091045904,0.87877837122726,-0.946670825205893,-1.66830544428976
-0.240222936837346,1.80509344745573,1.84150781964464,1.20061896018713
-0.0857508850576134,0.657265481105314,1.41239476368467,0.933806267925598
-2.57441824961256,-0.562025722894923,-2.46736341375633,-1.39548490980356
-1.11848035505255,-0.321939365838021,-0.774601372476624,0.955728094573771
0.348644241783735,1.01980155919867,3.04748287395859,0.876583502967666
0.828408407852432,1.23874432942346,0.361904181174199,0.534450397640802
0.259804070848842,1.7079890424884,1.62162473378936,-0.0635451029621069
-3.28902739206328,-1.0013654279689,-1.658680677549,-2.60114028569193
-2.52110074840467,-5.24397488909425,-2.63725379837036,-3.63808166055031
-3.10899177284157,-3.81386448407864,-2.40681084490874,-0.945567144245383
-3.36320548773179,-2.9608267828,-0.202082274666909,0.309226409298186
-0.896052996156349,-0.726681714389373,-0.656360423715829,0.167315085638835
-1.18373431778552,0.024547699364087,2.82991833841853,2.16819416292455
-1.77841601318915,-0.194141471329822,0.00723351053139556,0.554561095896998
-0.801216894894917,-0.3413096894356,-0.483322168499609,-0.332862326701762
-1.07875820585475,0.696952589097642,0.355228879187323,1.08433110913796
-0.392705315749527,-0.0379250023853997,2.42534388115382,2.32652358492852
-0.948537721452014,0.815325277522407,1.37915832724501,0.826039309778618
-1.36850643311786,1.18484236749837,1.71603777048433,2.69040012858993
-0.599979615822958,-1.9295768919246,-1.27042520005245,-0.926020395989056
-1.95174021340003,-1.70763408420014,0.118915716378851,-2.31042091483428
0.321097368254694,-2.01653235758728,0.850381628371211,2.38106414148221
-1.70503791663757,-0.359553578342068,0.285865922411086,1.02884014214347
-4.08697181673433,-0.0686737990089388,-1.09371960209711,-0.869889669117287
-3.28434889236134,-0.681293712230336,-0.486174057104613,-0.634488879700014
-2.17273437404128,-0.746734732441852,-0.539320772120541,0.841694618415049
-0.276048390663758,0.314280791125622,1.67573329173655,-0.859582301165749
-2.95222011735573,-1.57110297671356,1.28744778940177,0.972192019986541
0.528520344875575,-1.09624697910708,0.195270599882671,-0.979212473687822
-1.13845174347922,-0.0265975049449318,0.408910620443353,1.68919825706223
-1.58140495668371,2.24269233717349,2.75236120013689,1.64379947550684
-2.58953999704612,-1.64398546643138,0.228800295899235,0.117103716613238
-1.56301538924161,-1.80032488853193,1.01459415292342,-0.097315353603765
-2.81335803936089,-1.87417788351222,-3.12481806144072,-1.94813564165764
-2.7382023659806,-1.1651389457507,-3.99309155751392,-3.33906860164029
-1.21856222837895,0.921967190436489,-0.00186867294163928,-1.15189820518809
-4.16372870468686,-1.59039159008061,-3.98646473456974,-2.40354499781811
-2.90342346309258,-2.25729213772203,-2.26313900535649,-2.23344814826551
-1.77390144624337,-2.88959637339402,-3.58581845409112,-0.786131092692695
-1.7342243494858,-3.08483638919956,-2.48130046071617,-2.34171500300285
0.0641555916990422,0.726992619050641,-0.513608287140103,-1.5358737780781
-2.17230865837738,-1.47284722364939,-0.133384818827534,1.41709737482981
-1.9345405720999,-3.12070744426243,-3.55125344871894,-0.775721284689598
0.28324096377452,-0.523573740299358,0.0839492133911723,-1.80525665913679
-4.31211778514338,-1.68180086550593,-3.4247116466284,-2.03394384045803
-3.86430247612211,-5.0593480749179,-3.87946530306569,-1.36418625417951
-2.18967692461034,-0.521292650960135,1.07509912487712,0.813594501610926
-0.904623485908809,0.710753148007654,2.39699366300976,-1.55494377313416
-2.03230345313279,-0.0089619892515949,-0.939274581758336,-1.75206607420982
-4.60370847194776,-3.47879583153004,-4.89715722613691,-6.36455818720109
-0.197003950667044,-2.02644945043193,-1.34705287119608,-0.438376861797274
-1.71143986394999,-0.931409791905372,-0.953460650502111,-1.10503333888357
-2.87364211330816,0.514085042620557,3.05037598246314,1.04559994426966
-3.35805042134741,-4.64367911512364,-3.35036851562452,-4.98899479059144
-2.65702634628551,-1.65716668568763,-3.15180770134366,-2.31925843298388
-2.2398665443733,0.501474002701166,-0.70745501673429,0.116348281613449
-0.883947326428143,-0.558059344001909,0.59726378015441,1.62440556183208
-3.04205306287802,0.520478241272232,0.121028815824804,2.0810315063657
-3.06995739404875,-2.1655834908916,-1.46024745508715,-1.55119581261368
-1.49971201656329,-0.316696747669199,-1.03149206986529,1.1325891754434
-1.5665302359875,-1.93575322966853,0.336309280984131,0.190190322218727
-2.66176665776836,0.722780157473046,1.82297137092437,0.465257901170135
-1.18387399367049,0.154000372200073,-0.0127951241216382,0.573986663723005
-1.51020585717532,-2.00888230343809,-2.54354379977845,-3.19280641823096
0.137894581658391,-2.43938931615182,-1.18406162052212,0.696172127712519
-0.146398501966661,-0.188018320476576,-0.885187051361075,-2.77829101001379
-2.88017505698373,0.478312148041586,3.34874560405225,3.37048089941125
0.416614030701968,2.47912114437447,-0.4742954490242,1.84894617674998
2.57713231675204,-0.656268632371454,-0.237299778916095,-0.84226030543639
1.28813695362448,0.274945575641014,2.60753472746869,-0.590892302179311
-1.54418152509899,-0.849054966158387,0.841111317383173,-0.135273373870741
-3.16241184557394,-0.150403964408832,0.363386594083652,-0.0317479312195231
-1.77854428731844,-0.961172392217318,-1.54553731412627,-2.60515095605184
-3.36419298768024,-1.07265477015983,-3.36905500133596,-4.22609620061195
-0.962266163286748,-0.704604118897993,-2.36533581196566,-0.551410403030722
-0.700629369915466,-0.268662601235978,0.609746356507774,0.28017465914138
-2.3339911057384,-1.78264748966419,-0.853650150309898,1.04881398712574
-1.10718973701339,0.489363371662765,1.2043175529271,-0.427804018314004
-1.79646250206985,-0.199463381717836,0.645941227167294,1.11967553566218
-0.584294476812897,-0.350721930636201,0.754098070367871,0.214253187920279
-0.342556396585035,-2.0587597653997,-0.223206795846234,-3.34469452372164
-3.14873702358736,-2.8739210167927,-2.24081924260459,0.137289090718375
-3.7098910613029,-2.6267560379031,-2.03872319268164,-1.1411528244111
-2.5839566239386,-1.95605440027535,1.47262628978853,0.859727750795252
-2.20117439260077,-1.33290207505148,-0.707936916607024,-2.50873428959603
-0.99740091708427,-0.357301581092609,1.25630150926876,0.344050286246872
-1.91881337966522,-0.368024112081626,1.03736391053123,1.40041314989107
-2.13573839205515,1.06154315634947,0.896529973677852,-0.481176155376698
0.237823058380963,-1.13862516274462,-1.43621269680308,-3.35268899073567
-4.09607819666315,-1.70599673464128,-2.9428619168037,0.916041611324687
-1.60069007686735,-1.43522170058479,0.698037562657849,-0.863844394969357
0.852823099363197,-4.36131249023782,-1.03441387805788,-0.588034979675187
-1.7634492702295,-2.36763514905852,-1.06037675231916,-1.55852956919288
-0.633309124274393,0.86894791711516,-0.329428603888054,0.503798883744398
-1.59433093277053,-2.56650404483607,-2.55516560438921,-1.67961171168322
-0.495675933984996,0.562282168233903,1.81600043134302,0.887193768264796
0.710131711971371,-1.15665238528632,-1.40321507800839,-0.524874473711663
-1.61129313405725,-3.43397213027203,-3.68323620793113,-1.95751765344387
-2.09424126406173,-1.15264332065133,-0.28441680149749,0.551114633144993
-3.50213763506325,-5.02086683211726,-4.83549664007074,-4.99513536185581
-1.59269639615935,-2.35764031470998,-1.78394221794963,0.0205607917501233
-0.321250986302758,0.0415770783233264,2.25386189361184,0.66020711986217
-2.43346076792173,-1.99134649014189,-2.11007126726007,-0.213346280894412
-2.60123619933692,-2.49886162459376,-1.34819668839684,-1.7590975596364
-1.90066669644772,0.208890062614395,-1.02307668184069,-0.0942113012715568
-1.75180249428908,-0.083712094838357,-0.946463842219694,-0.742681578552713
-3.75576900845392,-0.426269387848254,-1.23916381070641,-1.08773367954734
-1.76579394976014,0.0435728931994,-0.343767453820205,1.73929603259997
-0.204572872529207,1.22233375821823,-0.539339302827122,0.738534538329993
-1.41598526730126,-1.73784233762296,-2.40456052434407,-1.54091204996718
-0.304300698167061,-0.249911408432036,2.11988841409116,1.4767192303985
-1.26866776737712,0.789399361113107,1.18586395810256,0.905631958754366
-1.82249581189594,-0.780812683127804,-1.0067063158103,-0.858054661817447
-0.451192348253731,1.07324962341221,-1.29169770667873,-1.02792556280673
-3.38600090656999,0.405324677132391,-0.191452811864676,0.0417204620863223
-1.46316507675006,-2.11456161515294,-1.90709298579428,-1.09161802973985
-0.950622422918963,-0.784297887687726,-0.493033241281395,-3.01824462212148
-4.38126216808092,-3.40067088461287,-2.24753849056573,-1.95158080107477
-2.45442696414515,-0.37484434210626,-0.799851372401603,1.4332315088362
-2.74260073890846,-2.6365059663846,-0.947496294761049,-1.25085127541211
-0.662386726348243,-1.92539555969898,-1.77611992324014,-1.22554812864595
-3.06956220381828,-3.61210078515648,-0.31037064744259,-0.972411949715287
-2.30836411269983,-2.1570223503927,-0.957610725145439,0.0775382922481241
-4.02329285135688,-4.27692546155854,-3.02133787135807,-3.23581477709508
-1.34578504035149,-1.12792551273685,0.776285247279197,-1.1170032319507
-2.43904233935188,-1.24113036721292,-1.41278371656046,-0.885950539090335
-1.20671998505855,-0.956763263879961,-1.6463572461518,-1.77249029445083
-0.43030496839421,-0.417552016805797,-0.040378152278205,-1.64737817722443
-3.02522143442001,-1.68312651815702,-2.06446848018952,-1.46296716531194
-1.1302300475507,0.211237308961983,-0.378394898184006,-1.06152695436696
-0.63796733453451,-1.17794895140088,-2.57322745275994,-0.188694825860985
-0.0239339920806498,-0.323623196971654,0.529187569143289,1.32255234879649
-1.75762320262942,2.84324906514844,2.4632102972769,1.83226282933955
-0.460673062913316,-4.23723019779537,-1.79571126254458,-0.880475246595549
-0.511308196941705,-1.17257344903815,-0.00514403500280092,-0.859277122842798
-5.53396720152246,-0.0965606309216158,0.548566122675134,3.22208791211146
-1.47734115073971,-1.22352097529455,-0.196349732139187,-1.25093458547412
-3.04460570896332,-1.74462310813138,0.702959948359601,0.328570532495699
-5.68453783061135,-0.922773508437046,1.74188351562633,2.55660845756961
-3.99274877526351,0.435253701296488,-0.291298346569781,-0.732270138659125
-2.1035331771692,-2.93675140963088,-2.40832233340521,-1.80626493043449
-3.68811318873352,-1.32843542170572,-1.45780070794276,-3.01448191388473
-2.87755597849905,-0.712332840985739,-0.318587439579026,0.952275468354437
0.441976533869378,-2.14508917832815,0.43194360348672,0.61068564759189
-2.62030594908386,-1.87493263361226,-3.55797357997988,-2.45796851995859
-1.43656304669188,-0.473661507817721,-0.94213736574526,-0.234291978006574
-2.16976566704417,-2.71523571380927,-4.27034016263423,-4.24061549901194
1.33434263406477,-0.790904337892461,-2.14209954641069,-2.95748950870396
-2.89644454913494,-4.75651416066777,-1.82248280298376,-2.53612956161823
-2.15566430084871,-1.10874746901499,-3.80685410339728,-3.84173771156513
-1.19677400778022,0.366750703190958,0.921509282822254,-0.830399993294657
-2.872199356484,-2.52317150715878,-1.57502693171387,-1.04830322334815
-2.28214586215929,-3.1751007553081,-1.81762819990409,-1.95646599695281
-1.1445179976591,-0.751961736495391,0.774568910461866,-0.5895310090279
-0.891350492589099,-1.38377052530851,-2.24422558937697,-0.218471582013503
-0.202487160214915,-0.36005213915893,0.0959351919820784,0.782454500610584
-4.76186565656051,-4.37890252195821,-1.86717260108154,0.382371594620007
0.315606686808134,1.23293943009984,0.317377404077635,0.250085486729256
-3.18231343962591,-0.198606370492236,-0.523279005104429,-0.69998800651464
-1.08527650536214,-0.732001266031326,-0.454432389283969,2.31765830237385
-4.22605585795656,-3.50973744014609,-4.42377346782188,-2.28317807330284
-0.994383319865958,-2.01630137561928,-1.25772389713619,-2.56151556694927
-4.45045797532794,-1.67979352915888,0.695702144005366,-1.54971531424321
0.160727403261913,1.85381779811203,1.67184993323993,0.953069987408362
1.727031505602,-0.55368867818524,0.39786943288976,1.33644352743293
-1.1134536155523,-0.78760513252153,-1.00836824964371,-1.10669250994399
-0.493540983187149,-0.328236373250664,0.835537131357745,-0.135074019383598
-2.07384983100123,-4.10000734069231,-2.29113280388065,-0.477400106745343
-1.37740641841956,0.752633929411933,-0.562913744756035,-0.963991756428222
-3.47618566487784,-6.03363403397149,-4.36825689788648,-3.28899408457971
-1.07923589250937,-1.2975560444198,-1.32934952911832,0.173760108424099
-1.49846981561451,-4.39143274387824,-2.77660332744427,-0.627896942031377
-1.61375510984135,-0.91173384796537,-1.08360751988476,-0.043497418773359
-1.07197533548709,2.84211424698127,1.88693764938376,1.94643785803853
-2.87228821800773,-0.692178089311999,-0.158135941564629,-1.52281797625148
-2.86118323213138,-2.69814522463766,-0.376227437966625,0.284998169603117
-1.49664680568654,-3.02476147541807,-3.29606258484681,-2.76316247773341
-0.556648324261105,0.673195129302662,-0.430558437680836,-0.559950821084879
-1.20837789149214,-2.00636210759914,0.419101072880323,1.16226094788037
-0.478234639164052,1.65838260788599,-0.312763096241765,0.216711416832194
-1.35191084904231,0.159742861831937,-0.3995248825811,-0.716741265922533
-3.33048458541585,-0.0419819989129995,0.034104119454376,-2.42749779033413
-2.03563561048226,-2.27648543884437,2.12074723940228,2.57037488854188
-3.75524382211977,-2.2514863363013,-3.07227329503708,-3.27450216992204
-1.86628065735475,-1.87463253682917,-1.32985663184578,-0.94782872075419
-2.04287151893245,0.331736670259337,0.304456056699557,-0.755019977605454
-1.68624749471703,-1.49506101002586,-2.33593740118252,-2.75463317555806
-3.18877179828366,-1.0384754887236,-0.652103281516702,-2.57309320465623
-1.57246748573965,-1.38240015776772,-2.13176082634453,0.586482691501199
-0.0515132546815714,0.233831033662264,1.52265848259063,2.16818445126873
-0.96107248543321,1.37354707020018,2.93884417939307,4.30895964394932
-3.84470818946791,0.0465320675716983,0.262376534795669,0.430194726409891
-2.11571170461827,0.0137659757022337,0.490974951859974,-0.973381179254494
-0.561215582264654,-2.82206376342874,-3.67570096433896,-1.46484877606189
-3.44727333403335,-2.2189852755519,-2.80229236758185,-2.94845494015615
-0.00558029229649037,1.42006620219701,3.07839711343055,2.95131490282189
-2.17033903098847,-0.137923141888816,2.7764440676695,2.27361488098693
-3.01092037732766,-2.31588642374171,-1.45712245968903,-0.0359442563734071
-1.98901795553194,-1.74502638292477,-1.840430257134,-1.22964024101133
-1.28396757606107,-2.5678143274463,-3.59533597007953,-0.362687149389329
0.884487235558313,0.80269205481465,1.60720679744888,1.6346225815114
-2.28787843655981,1.27482070572425,3.0996174597478,0.8017673985432
-0.424659368518984,0.502350754558307,0.750366299037786,0.495545897718012
-3.41732316545256,-2.83298202472886,-2.12676495193818,0.866265421381391
-2.96249988324318,0.163376917313556,3.15133856599142,5.794291225281
0.634979709066036,0.234910920086291,2.54118809967732,2.97551602718949
0.0796012236363883,-3.6939937397726,-4.15534874317621,-4.02194381531519
1.3014246301174,1.59189603218986,2.10308878711175,4.38425955462541
-2.39737346558682,-0.634930361966675,-0.825995055587739,-1.69637415138564
-0.267785575055227,2.13874419121027,2.06181587307559,2.5434034158711
-0.844165153466783,0.601432173515419,0.0373903484795151,-0.80819496527296
-2.50612917250161,-1.59513962441791,-3.07005133562912,-0.87280686881597
1.22644093821462,0.66804643655542,0.46631749102046,-3.05679254191711
-0.941541744297747,-1.09577063033412,1.43471586441744,-0.249284669380529
-1.87656877204235,-2.22948577353023,-1.14465681701835,-1.90121007962453
-1.42454412877784,-1.25970170408838,0.223479389134725,-1.08977135569176
-1.22654885552935,-1.52430244082628,-1.30265676576624,1.08920811975573
0.125185965016492,-0.0430716335801069,0.435496526454597,1.30445159563624
-0.39377914786032,-0.39637282618677,-1.26363006771026,0.648635128922837
-1.68246787797658,0.0184244281824038,2.09787576568478,2.47610544827856
-2.56141857363103,0.371176743292787,1.71236200581181,-0.172569492198254
-4.70137906689615,-1.36842672521079,1.76452599544825,0.400021469317042
1.29702699148295,-1.12923333632809,1.07474589188467,2.26403145853016
-4.55555784653515,-4.13348005206924,-3.61837163045655,-0.524396143806557
-3.67496696339409,-2.6027320899851,-2.7809997836795,-1.26953749302435
-2.49836803270801,-3.62602037608703,-2.62640645635158,-1.91634296130099
-2.35464450715901,-0.236283207605032,1.46453167931735,0.635051221482566
-0.0174775770625722,-1.12670972794839,-0.408243375743116,-2.54559527859031
-0.671829625991301,-1.72926732634948,-2.38677356813478,-3.32667267173366
0.227621063229074,0.273671438554118,-2.07271698424415,-3.08644581828196
-2.74918490607037,-1.44388295579289,-3.06744746817558,-1.29861974917598
0.449798493192246,-0.493721348942773,0.0974787368958895,-1.50448517755712
1.60254964425627,1.44526999981076,1.27461830544509,-2.73096654622245
-1.2911985615457,-2.75738007547495,-1.77887471138421,-0.212186873153607
-2.39835928643856,-3.95940588902214,-2.15681068396256,-2.30777597424998
-2.21342740486205,-2.54117737311356,-1.05852624335106,-1.44678998126797
-3.00263989805141,-1.93407183500061,-2.34508491841895,-1.56388134967521
0.991753310452356,0.635493361894887,1.35646800028998,-1.534878352353
1.17007473510159,3.46381043558112,1.80230041428417,2.90262558464206
-0.487732951287299,0.419932498926532,0.323406042234098,2.22001075792227
-3.48620046792048,-3.60977980327592,-2.99496080004264,-1.84988819981855
-3.65988549906243,-2.80200074649399,-1.375383615766,-0.820474442466016
-3.86234048336037,-1.59367322602088,-0.104044935054644,0.381239545822488
-0.971884805367095,-1.52159599030055,-0.505205791148731,-0.999659087892003
-0.488684034660587,-1.06956705526976,-1.83111082441395,0.970710704480984
-1.46327192927703,-2.86844712849279,-1.93928400474952,-2.12495269005066
-2.07225631916912,-0.471212993064892,0.0449384333451555,0.639036601391031
-0.654850361850574,-0.623732541680245,3.97660305714151,1.23696295004716
0.94233901532247,-0.297811450869779,-0.574376087112069,1.19069972227631
-1.15564049766627,-2.14546832562744,-1.57199684583207,-1.44027057575139
-0.117742148024968,0.417320406246467,2.75899337174235,4.45472667401386
-1.10650891185245,0.330911741349175,-2.92076184273156,-1.97055264517615
-1.36683733254868,-2.17552164046461,0.170455120016039,-0.66195983620984
-2.46499747238181,-1.22458554111577,-1.48115748347128,-0.281550107912945
-3.63877880890303,-1.91621644837986,0.0426621152267829,-1.76128956391883
-1.86062154314043,-0.193551099563988,2.29269337668961,1.47758597967148
1.35229803161368,-0.720429750630479,-0.990916007194453,0.25371732045036
0.393459533925671,-1.88102270176102,-0.697813882959671,-1.1811411115024
-2.70838687383018,-0.544379743581228,-0.230765852805711,-2.71825319547252
-2.59520652544762,-3.05822327719027,-2.53519602608504,-0.0251116483013245
-2.64708678243307,-1.93252489080575,-0.51562051086405,-0.476101694815075
-1.92868199596198,0.000706449485928795,0.42373475030894,-0.17164881247502
-1.70645331817916,-2.51334807978438,0.570104187375664,0.141974062547454
-1.94554985014811,0.543888240572238,-0.65287593574356,-0.816658406261221
-1.83448441333404,0.984613182614673,4.49170166666823,2.54680430865271
-2.72833954964913,-2.09298188561397,-0.329293521673316,0.955736950069872
-0.357481819177041,-0.303537386480535,1.75439093622282,1.77958762475579
-1.90222758620752,-1.63272067208329,-0.342661638235737,-1.64801819303687
-3.8899825727433,-4.6846150146502,-2.71422775936519,0.30995623961741
-2.20005208127,-3.79191383725883,-4.8836643879401,-3.60317824058534
-2.13001843961267,-0.376611023136858,0.550418429795603,-0.07273840031718
-3.11317656799314,-3.4511937188573,-0.318442287011299,-0.418034472421931
-3.56278705582547,-2.34510142556779,-2.14577747715289,-0.610586357496593
-1.92813671606629,-1.06933553792182,0.333588342316514,-1.42209161120532
-4.41290049141779,-2.33565762736092,0.536055555157191,-0.67793882272461
-2.24126243292041,-0.951574515465494,0.161969524702054,0.446418603879377
-2.40666358059658,-1.83988571838989,-0.416470459304457,-1.75939776107536
-3.43188600516624,-1.78480214014389,1.31425762475804,2.49532739062562
-0.910398156621566,0.444926025718918,0.167099798397664,1.45032464663434
-1.37020981563405,-0.137658327799975,-0.964161465378288,-1.90659959496604
-3.31031537787292,-2.77220244303968,-2.25553271458729,-2.46132635240425
-3.38595121890728,-3.6213681992034,-3.72477597631153,-0.347868703620863
-3.21328709638536,-2.53137382442356,-1.60079459600972,-3.51422591045128
-2.54468116847037,-0.278255848530947,-0.438655755435721,0.472172188191971
-2.46848806294636,0.1763325082635,0.370098969988472,-1.21392037728304
-3.1330759326357,-3.43736591999986,-1.99772814269016,-1.31866754360801
-0.256423784829618,-0.366150098110614,-1.6265624808491,-1.49210529344267
-2.0097985079048,0.371227093068409,-1.06407931794858,-1.35916139101841
-2.61040490466833,0.198530464227069,-1.30583755839817,-1.26708595190115
-1.40685645274029,-0.69153492740336,-0.774374656955689,-2.33907297841847
-0.842771172833869,-1.15978787440964,0.55026359685577,0.748867756029379
-2.74174849104805,-0.740569813677552,-0.165581992140673,-1.2349768220954
-0.976211246291397,-1.53599447366417,-0.695159822357698,0.35483251384546
-2.93816739075393,0.655762688968785,-0.533206420079611,-0.246482294525867
-0.423307440595788,-4.47055129651456,-3.40122114697487,-1.85707771220894
-3.19418748566158,-3.68902404743731,-2.68100277551215,-3.17387586447727
-1.03844072323288,-1.47680827319279,-2.04916375343823,-0.0691485903107438
-1.76997970560961,0.648682053266837,-0.757583691800016,0.372590913059428
-3.72610953236825,-3.60717174478591,-1.29293653098132,-2.44984437046323
-1.89065061019817,-1.45567558973535,-1.90804488750794,0.176950038605469
-2.03298186663756,-1.59677226420126,-1.19317909810218,-1.11249206360674
-1.34687149140344,-0.682811493486624,-0.80158895141156,0.0235750865387958
-3.18418641028443,-2.06007743095535,-1.34250981973005,-3.05052689273309
-1.16747930565444,1.7799004969144,1.57014688429566,-0.227289317479546
0.213887226796091,-0.0195261467472574,0.511144089568575,0.34863159095764
-4.12064067156992,-1.73842036313181,-1.42362302140735,-1.43062487814375
-0.345857048271065,0.922730432731539,3.28612911578862,-0.194554857320474
-0.928257117378862,0.217200270880224,1.31416071758805,-2.75397121224994
-3.7037403454021,-0.576267279639155,0.438452111297873,1.55924943334079
-2.18915567411972,-6.43791083246568,-2.82672169951557,1.07001891204747
-4.94294891043025,-2.35768776900443,-3.65723199327328,-1.34619276634982
-3.04383664883881,-3.02825956362065,-3.64586679293669,-5.42183338935956
-2.35027430803635,-2.06200113256839,0.023274763801731,-0.658981439311565
-0.505004443804703,0.49341604839497,-0.782323360722505,-0.0757771171136855
-0.603691530167189,-1.10392928096635,-0.67741553247004,1.62462415558245
0.450446075602173,0.779013794338162,0.892819388475791,-1.23624825159373
-3.80200363697185,-2.34985754172344,-0.22911080222863,-0.575413130494316
-0.564746206421076,-0.145044905103018,0.27954469750578,-2.77055374547858
0.512671261047585,-1.28795620914016,-0.233764460080564,1.48834593488347
-1.72478778061121,-1.77555848288343,-1.31128726292454,-0.161153492532271
-2.99419554579993,-1.49734514607066,-1.08633325923476,0.500001803575884
-4.00912028167165,-3.43541775530262,-3.78904322600319,-1.27122131310343
1.28447633778397,0.777484746239001,-1.10643632257407,-1.28526161874403
-3.79582361894027,-2.15049480031171,-0.487093194288279,0.104480258901473
-3.6752911883451,-2.81399324588425,-1.32430483651823,-2.11725854426366
-0.960840245362896,0.995116915289156,1.14870311057759,0.927703316969315
-1.84597227139183,-3.58462752441681,-2.35375721026606,-0.466514854737315
-3.04133336418826,0.884852167764768,-0.935561507971536,-1.11434528367339
-3.11067971800216,-1.04661135730797,-2.68563649024755,-1.55714583744941
0.352021263098743,-1.47762222220036,-1.64972223212079,-2.85854487692869
-0.587787022681877,-1.55326975978865,0.38386428233153,-0.883806146329121
-2.21406507930407,-0.90505376160211,-1.31219934959263,-3.40059143443768
-2.95723149985057,-2.03882181963919,-1.16734966426034,-0.92660320704296
0.240474245792753,-0.360812065675712,-1.93110517135581,-1.19535151463549
-0.442694350841437,0.238483637424506,-1.10681633677744,-0.812405707780616
-2.05638560594944,1.15432233076937,0.702117271251341,1.40404057803474
-3.48885667392314,-3.63393967185217,-0.369988717813986,0.677313885949818
-2.61516008256533,-0.0578749272179258,-1.1853054650287,-2.94937000550146
-1.85799439487046,2.25842106543641,1.17638966047175,0.0631114052076842
-2.55729350259683,-2.13991047499004,-2.10823389251215,-4.71036143371089
-2.14694124789063,-1.92786221864753,2.06401401484851,0.766944907424947
-2.33053426196777,-0.657983942930431,-1.02936475602437,-0.738549467906523
-0.323191077166966,-0.351215198955816,-0.886816046366167,-2.69694985571582
-1.55212536521815,-1.83471864351818,0.589509861702585,-1.65404735246921
-5.3143954766996,-2.3543733912889,-1.78309927451111,-2.55934175345981
-2.05936988628543,-0.449340816482884,1.17661596318116,-0.265430150128325
-0.287991639789557,1.6519316676414,0.508476745641508,-1.43048293781695
-2.53719742538364,-4.61844230151995,-2.77005976173987,-2.35669350556678
-2.4930337047796,-0.119133062607712,-0.0949734260895448,0.701276576271651
-4.43375231002794,-1.34549974883701,-2.10251017452403,-2.43862585094838
-1.70176979384887,0.587855047369174,-1.14287410105445,1.8141808026155
0.649049017659791,-1.66141528721273,2.99536248240339,2.34326376113447
-1.91052404784834,0.122638119414285,0.182758068211785,-1.65176038595744
-0.61373320207,0.787613177577482,0.415668163385804,0.788341900194719
-1.18998076892863,-1.70355923359722,-0.319023411768033,0.434564702990664
1.08310383715204,-0.230022855821719,-1.74027218147303,-0.0882947120512249
-0.113974708853672,-1.85510959036299,-0.247913891165085,-0.792037516948866
-2.34417470400322,-1.30077947008504,-0.955864326249196,-0.932965848569889
-4.3985509300647,-2.86725750320276,-1.22973709616,-0.240902950743477
-2.0879474548727,-0.89886451791053,-0.623761600671001,-1.06853638919143
-1.78773593490356,-0.373455491118904,-0.802584070898898,0.792055655944512
-1.61163119923502,-0.874801724001473,-0.333984976832828,-1.03806377237267
-0.791084055222433,0.944320607724304,1.78784320842715,-1.51505587364411
1.99623249056765,3.44433743800644,2.90194459309738,2.33017677284954
-1.75929610708938,-0.683840263346982,-1.69944883839604,1.54007918668355
-1.29107665640141,2.09799328065637,2.14991984846774,2.73016466632637
-2.96359845816264,-0.596953927967857,-1.21336000591427,-2.57554838953554
-1.00375184499834,-0.176702669272862,-1.09125803722483,-0.51816193805377
-2.81478594014312,-1.55923233713403,0.376525802715929,-1.56043293874324
0.416260967666894,2.47829232694892,1.87078044359066,1.63551897573839
-1.29901501748838,-0.293528712890192,-1.0129701912082,1.19026760969105
-1.17390099292188,-3.79122856251195,-1.79422385481103,0.317883990601415
-2.27160239367812,0.436645953967416,-0.207984129172233,-2.9266942358468
-2.93468114211055,-4.32500085039571,0.639622358717479,1.43824280381797
-3.76769092818215,-2.83924798864392,-2.42854115864288,-1.37161768259447
-0.0105019057812612,-0.833362623254777,-0.993469125900834,-0.786376149534359
-1.53862983706642,-2.34302187332602,-0.842107217230819,-1.65525616405669
0.982208472051633,-0.0118091316041327,-0.507052565333709,-0.80456378625899
-0.0376046948440569,-1.29228501470268,-1.80957338563716,-2.57900810604228
-3.51870695659308,-3.55358683075367,-2.51368676771142,-1.20373348299768
-1.09068495819557,-0.100116991269712,-1.51863008179188,-2.96001934782219
-1.45480906355091,-2.96683193129542,-1.17460256930905,-0.386357145452391
-2.7677504900954,-1.48849106833153,-1.92603807742584,-1.86263760744067
-1.52438027696982,-3.0190865802367,-3.72851520683388,-1.51324655507853
1.19424438368018,-1.06359879723681,0.332286379004092,0.871791177444045
-2.36950647414657,-3.87921322849481,-0.53738651614106,-0.797469659891846
-1.68718777964645,-2.98377550588981,-0.916100188410429,-1.66877643923958
-2.43289413592449,-1.72730243731851,-0.972515383418329,-2.6203080122585
-0.496804582943331,-1.33641802077201,0.399993705158769,1.09346014467559
-0.227825023851597,1.06841106282814,1.34028482740603,0.509581211775145
-2.1515548368759,-2.63517947883415,-3.77801859484213,-3.67523345041332
-3.55949941101017,-2.27905740511374,-2.88146886415341,-0.460410583995367
-0.726127723815812,-1.27582569681087,-1.04358874192743,-0.937964593138416
-1.67583881174694,-1.39611759421402,0.587362657509751,3.64161192695885
-4.06881348904628,-0.278471626720185,-2.4010058496968,-1.04835449123406
0.0178024491219959,-1.33199696106785,0.85909459392436,-0.25203147971534
-1.83973537959963,-0.4357540818812,0.233053428571818,1.67906534822815
-1.24567045685458,-0.148023266880228,-0.147320832403421,1.45663091831933
0.531065901727979,2.00495399481817,2.22388020617472,4.30467506341408
-2.83609067743819,-5.64192459227391,-3.16651064894059,-0.436204405538906
-2.84377391907772,-1.239619767661,0.234749392550005,-0.209271606150971
-0.987862995339149,-2.18571865509685,0.269706513478408,0.756715392738912
-0.955575538215682,-1.16506466165897,-0.833039084386118,-1.10999899725312
-0.740030838855701,-0.101118609506039,0.645604076044009,-0.0764234390132282
-1.01068815068793,0.987954149241015,-0.632627864944491,1.47135500144285
-1.25459814366801,-1.79930999065928,0.995039422636376,-0.621181833493583
-2.88381773712401,-0.294280725497993,-2.32242122166484,-1.13075524636665
-1.00319636663574,-0.868987087079047,-1.86450127246265,-2.88731670459535
-3.93434582334318,-2.87368169518715,-2.05632023722505,-0.870251631458775
-1.68805730451813,1.50373681223019,-0.421541276033827,-0.665190561720227
-1.81309194026233,-2.49648228030449,-1.14345644275831,0.0859217364158305
-0.949278602228079,-1.43384863732488,-0.204881143432884,-1.0183491114649
-2.18006061291731,-2.92985215099693,-0.777621353938052,-1.82848919599069
-0.414153967416912,-1.65682487998313,-1.52181881358765,-2.35795832138122
-0.679890208901231,-0.0566644552893104,0.115107445471473,-1.13908932775244
-3.32526945599026,-1.69652948168843,-1.67109805797445,-0.58402935325594
0.0691306324986058,1.5370922933696,1.65142770303627,1.08942465593611
-2.60439092664467,-3.51368987309524,-5.29623572153507,-4.17578650457084
-1.19894627965365,-0.230046129497722,1.46216233638257,1.78511971558116
-1.05928432896025,-1.80022864051854,-1.37871963227952,-3.77559615869749
0.450487292845287,0.933815407892837,0.67452457191349,1.77867614096265
-3.32219156011127,-2.2719084150112,-1.57385549635311,-1.15536050407352
0.197639259962845,1.17296201813718,1.02468819170381,-0.988492237627656
-2.92430871081579,-1.06235153661153,0.662756025539557,2.15072681513973
-3.44583040283579,-2.67777439292712,-1.39486539730269,-0.0616091576269227
-1.77097134978082,-1.13905744168251,1.80792263229304,1.11640835906551
-2.35710807550123,-1.17563292925003,0.949697356024978,-1.26055950285525
-1.33058432000956,-0.488516142195942,-2.21963137377961,-0.134800828723852
-0.207689675544039,1.77794572373767,-0.252765724650071,0.409912960989962
0.286435329630389,1.25514777165231,1.3629337002307,-0.158702649706072
-1.70324297289397,-1.64360504513342,-1.63224745396124,0.336940072974668
-3.18359860193164,-2.33904655338554,-2.65144448128208,1.72525299281102
-1.09753111326633,-0.433242670090801,-0.987846190463434,0.383547078141107
-3.84716254784215,-2.41417300177942,-0.807239219417581,-2.75106995526765
-1.3330444122519,-1.44223185923858,0.884642031791347,-0.128620017897924
-0.0689151314593619,0.291010605589086,-0.515876458268285,-1.56170589851647
-3.64917317143486,-1.76408488237612,-1.87632498867698,-1.41365914474646
0.228130941028734,0.439078565784937,0.072735322584917,1.42553962055229
-0.0612207917824852,0.337897261162853,1.13889913081739,0.877599564010742
-3.08228678732225,0.124117186546767,0.377407309000048,0.516384617918805
-1.74929510186168,-2.84233710001701,-3.89606012735096,-3.13133858608002
-1.14988097893065,0.0589287031328649,-3.41606387652795,-4.54051048330605
-2.67461004273873,-3.74562144593283,-1.67405429211297,-1.77432491441893
-2.61753320201492,-2.94757806560695,-0.693004292252159,-0.863091008380227
-2.31920973944771,-0.696069553482842,0.194980639774647,-0.199844406671583
-0.0280324014885605,0.581678789273449,-1.10599418546901,-3.04083467457024
-3.91382265791902,-0.60333301875997,-1.16752953298027,0.675211683375453
-2.37786597803017,-1.35960583956051,-0.228301966242377,0.933114259426394
-5.30611236606829,-5.06232780348692,-2.90275725114036,-3.77092933046221
-0.128209764812516,-1.07537111310128,1.31573142017591,-0.954532384768539
-3.22329049996801,-1.37886735488703,-0.851562878170888,-2.80081479675189
-2.94902099603124,-3.69056285002975,-2.46717867964579,0.319387765104221
-2.52710889050901,-2.81804315144748,-2.82978694631023,-1.08136742003401
-1.59634361969866,-2.61243025806663,-1.7096638236866,0.0717306127926216
-1.86413185761476,0.317392448183309,-0.339561644411868,1.12209722375257
0.585699425554418,-0.0891499431438358,0.876752582886602,0.849858352018958
-1.34661428062274,-2.32649872447786,0.598623646624389,-0.975913543232784
-3.96785318940124,-3.73338194402668,-1.29104241949906,-1.79038395290137
-0.501913903604112,-1.60465323425404,-0.173790395651373,-2.87676274906175
-3.01398582942675,-1.86868966050874,-1.98803028316129,-0.942788526907568
-0.993901912408547,-1.13336159662897,-0.789400233600611,2.15473226959308
0.283982918141885,2.09372680937562,2.42350889629724,-0.303100825526088
-1.16751085456522,-0.167843507463349,-2.05724287627799,-3.61952804112799
-2.73824559157997,-0.440353218504559,0.374977007960354,0.945826263931697
-3.4323706590034,-3.35132827695895,-2.1616612185232,-2.33340547820038
-0.940878672853429,0.103248515585794,-0.526344197443135,0.182539407720779
-0.896906872134412,-2.52261450488179,-4.73028397266771,-0.991932878980462
-0.864073742609676,-0.355857207514326,0.701063895340479,2.79969992778931
-1.27417768970166,0.700069107277901,1.98788309119149,1.11070850961783
-2.08704911081015,0.799152204969142,0.298792291774293,-0.897189722143924
-0.151893835190077,-0.694595904386514,1.06563631412345,2.21827264956869
-1.58784006269824,-4.30798215414476,1.38067501408265,0.203539847378801
2.73092057869945,1.31427765691736,0.971322604811987,-0.253062813349476
-0.945527602264149,0.780923840181318,-0.770985141533752,-3.92734435004216
-0.895208372342544,-0.366497138268834,-0.587291565309019,-0.0852448949040752
-1.19425888930446,0.850416825542448,0.0544073372344981,-2.11803295966344
-1.48229835799485,-0.737769105799994,-0.651900953538952,-0.952610287320229
-1.33374763023165,0.632166012297589,-0.27060687802536,1.15073914420982
-4.04542652189105,-4.58862694765124,-4.94134552906419,-4.65148162751418
-0.408653192727294,2.52312223650751,1.27429532790707,0.478516816940679
-0.527056611628984,0.830364376302445,1.80132599681779,2.56489404960188
0.108856266702979,1.71482234162577,2.45739766296466,2.17244158709953
-0.370498468568367,-0.572992216476117,2.49871872124097,1.05895514633659
0.453268726278521,0.686124340514587,3.21997107259108,0.00624709833264711
-0.123705979519539,1.59096151002323,0.689966306365403,0.846315027725525
0.143320048640505,0.399796658842359,0.324414608127693,0.953841361520792
-1.29424198429442,-1.74927436712063,-2.59933871466671,-3.65608572786369
-0.570683781695097,-1.11387856016613,0.890876324062218,0.423279624932999
-1.4936219706294,-1.85335472703759,-6.39121044986275,-5.38795155163371
-2.67860177102066,-1.40298186846879,-2.16926985540147,-4.7219812133778
-1.98857981101524,-4.47067471694842,-1.47284196189565,-3.22166723683083
-2.32778463008168,0.464955027986367,1.68211985013777,0.395363546123789
-2.36272718814689,-1.72990866069032,-2.22491763183413,-2.59313156328808
0.569526359944557,-0.0742633124740041,1.81209569457695,2.04815556006096
-1.99449249448192,-0.362303199533468,1.02671462381941,1.11370543142611
-1.29790597911668,-3.5599647393319,-0.720901708371531,-0.663216082862436
-1.92016168634226,-3.38653293176224,-4.34058969676605,-4.84899196451352
-2.22953548989002,-4.01487692875399,-4.58751597337168,-1.61934013923814
-2.84609947685416,-0.368504160039807,0.55821212126366,-1.73513717911442
-2.2846244472515,-3.84958962184342,-4.31863615863696,-3.54094319220858
-0.689911840132866,0.259610682384626,1.30061065102903,1.65740456381785
-3.20792359409486,-2.0362864457318,-1.13612060742129,0.465283088702848
-1.50643752971389,1.49847745948159,-1.33555839172842,-0.852019631922488
0.268777410959288,1.80414987719128,2.59431047076842,5.00134112815728
-1.94563294523552,-0.637060029814354,-1.82331597661379,3.2175078527749
-0.0101409455818331,-0.513459125055547,-0.864555624366209,0.746682738433689
-0.878855606799811,0.393727184846884,-1.22503282464357,-0.544023061902495
-2.3843143756605,-0.0144535263437888,0.152346371439193,-0.939244923638123
-1.63852613456644,0.859779172065489,-0.48986846014526,-2.58410787192414
-2.3626928018233,0.314017322480318,1.39861388058827,1.07267442539755
-0.481698541161954,1.05076220884904,-0.47914796830275,-0.0589290412069169
-3.62980319768107,-1.23136204743753,-2.21118012457453,-0.659684348366431
-1.06892819498681,-3.06704226544257,-2.73998913690667,-0.155556606376549
0.590887318965992,0.327036248642123,-0.0905263977263335,1.13256378393343
-2.16098066636965,-2.69280785237646,1.01921220562039,0.680662100181705
-2.35346477581949,-2.67706674017041,-3.56194402402278,-4.02053190864776
-0.459547767367145,0.415675993524904,0.479065133330154,-1.42015704666444
-1.76147131213197,-0.384457707203879,1.14688306575134,0.279511629233417
-3.37968629216,-3.05362909649499,-0.330515354069401,0.307706827595716
-0.922025067629982,-1.21299016760232,-3.22909007192491,-1.655609865977
-0.856691144167917,-0.255065333894106,0.587255631315494,-1.37455944751682
0.508662999598584,2.35473209366805,2.18024190860543,2.71074747315397
-2.99551784249739,-3.02154504325941,-1.18159145526027,0.0452516612425421
-0.830258283330851,-2.51344724564694,-1.37142505973557,1.10892041201841
-2.26159219300315,-1.38964454198286,-3.65951923475635,-4.12275663064179
-1.34970869790734,-2.15240096453209,0.59778982747812,-0.108810996284335
-2.53409592354621,-1.53278712566089,-1.15270883297679,1.75807721959392
0.583191568263941,2.49041063974385,1.70004281264342,2.40569671877769
-5.48955806410203,-5.70061312819432,-4.26793777655859,-5.27990811783009
-2.3147211221321,-4.23050462553228,-3.77536539928895,-4.08034227015369
-2.15134414450916,-0.388765284084952,-0.361357677991831,-1.65602265884079
0.0911887562023543,-1.8824786600485,0.576752400573675,-1.72506537266221
-2.47357715653582,-1.92028876333451,-2.14215214707518,-0.636939547135794
-1.76419791635632,-1.85951975148606,0.398011578475402,-0.154011339158842
-3.75318643077849,0.0348846593104164,0.364565311721387,0.521153895850967
-0.63866130920876,-1.0656625096135,-0.190928801851182,-0.116543149224593
-0.650317111692343,-2.79098125819227,-0.354022000488106,-1.92077596990368
-0.765309779533041,-0.624361099335908,0.0434632983259166,0.124379662407055
-0.731854092713275,-2.92974826179436,-1.78742323333009,-0.870343068893552
-2.28975653664662,-4.13994002419672,-2.84471441606113,-0.406694002650416
-1.89086445864655,-1.10170258758397,-0.353292854600072,-2.34282078582007
-0.783994954026325,0.426786546731295,3.06307306696835,1.9320662263723
-1.43352263131267,1.08523651358328,-1.89330438977582,-1.0453394895751
-1.2029388889731,-1.34904515356812,3.24457688787809,1.62919793307153
-5.07124348789599,-5.80215043426874,-4.00375988270885,-3.371269933135
-1.45855600436722,1.031247953136,2.40039626801052,-1.01831275522852
-2.77276210679675,-2.26554978726805,-1.57387550920608,-0.447752717339657
-0.587078220118918,-0.193513408717528,-2.33198579519659,-0.461429904000091
-0.887183117809442,-1.29230188365592,0.885519927397505,-0.108436945738402
-1.1532930758693,-2.04891166578366,-2.07834476111943,-0.875610996912534
-2.36218678655966,-3.02880832626343,-0.564339524592645,-3.43920744548996
-0.972915850462185,-2.39323763811527,-2.74072671322686,-2.08874355543176
-4.76139379885382,-0.788583164382268,0.876624780067486,-0.636503555491206
-2.14256766580434,-2.25144358712243,-1.44972755071846,-0.904272005846643
-0.657504505404739,-0.293491021961199,-0.146786736113669,-0.211206848394308
-0.0669236751064488,-0.508133426715148,0.145822773928566,-1.19526654846853
-2.20148217495549,-0.427981289007546,0.377931269498014,0.855657768683814
-1.11413408223567,-0.675729226484431,1.24823604484917,0.95071424307184
-0.162745471101018,1.70354800832342,-0.480372337130434,-1.58651411661062
-3.92367593162275,-2.97496761487645,1.36994396571006,-1.2438545638542
-2.70281332788937,-0.0373249511716143,0.0325212158724986,0.770985728977291
-0.205731348077175,-1.76010053553161,-1.35181334195328,-2.12070655263394
-0.656876043329175,-0.94647529315247,-1.11709335376384,-0.00656171181863541
-0.251019238798038,-0.939268372643196,-0.514997698944506,-1.30745317459167
0.0895459305367242,-0.056711937445348,2.16696457902477,0.423125261499816
-1.3288236524179,-1.42902460251073,-1.28372526236505,-1.8942112550355
-2.52208389392823,-0.998809667769779,-1.80370408484939,-0.399633617286778
-2.15993345360921,1.68129150994373,0.978790055926528,1.73613692021699
1.23849702259161,3.16966400642167,3.15911308130256,3.40614542320066
-2.37596073866685,-0.618869650944557,-4.52807397783616,-2.45307083364538
-1.58421868286098,-1.97418156038386,-0.26494010769704,0.85274153937892
-0.437912213814846,-0.432565400596452,-1.62358193070691,-1.92595143629389
-2.17631987950489,-0.591494058020683,0.766913586056332,-1.40362864763426
-2.67563178273253,-1.50437313226732,1.52327458364267,1.53877646779402
-0.670699733366139,-0.967403091744193,-2.99656728226946,0.383160091103468
1.11774985602046,1.48557857025658,1.315258599664,0.168267560610694
-2.07686405203363,-1.18490843504993,-1.31094697406931,-2.25718533824257
-4.39264120343874,-1.99020174577463,-2.83034055004896,0.106794802094899
-0.841804437113623,0.882928279700497,1.90977573497424,-0.416286569587828
-2.02521755464354,-0.441554223688031,-1.10615195417684,-2.33322076240803
-1.95164203144323,-0.95113655598864,-0.616784284251025,2.07726424377202
-2.53664577166006,-2.75669688613783,1.08201567131527,-0.724608050278091
-3.0232955077867,-3.62390377207311,-3.92754890344393,0.710510981138629
-2.51314313197319,0.723151031469487,-0.565476479163216,0.494731756445651
-1.54222991758873,-2.31732063869034,-1.10418313782465,-0.3710301114652
-2.17730321629207,-0.15815755714087,1.22701568624687,3.04947839056107
-1.37405176171819,-0.458162895837636,1.18419602998535,2.34500178891949
-3.00214970050302,-0.832770214864419,2.82501287542248,2.55962512104684
-1.84549190614157,1.20420628047796,-0.047621108823537,-1.32600488598197
-3.01140848380446,-1.62839765340718,1.06263915347499,0.788364768760931
-1.40811604730305,-2.94057283385301,1.31560765635503,0.314925790952729
-2.26535193876565,-0.801065003110926,0.0420788666657507,-1.6016111255105
-1.05529964629362,-1.51463508021667,-2.09329343234156,0.972870552519017
-1.48489198436084,-1.06345874387098,-0.0465657948444087,-0.884575048047707
-0.443770926085066,0.0525703152385917,-0.0366895004424039,1.34823085208919
-2.79253558839524,-2.33778737294919,0.674375615602564,-0.35591169416093
-1.84837587505859,0.264532713223027,-0.180011532238973,-0.123364381797721
0.537775666074262,1.93239450688416,2.02877592774125,1.3953535251761
-2.52861030792803,-1.0242495643264,-2.0713030743306,-1.23923770373374
-3.01478637895522,-3.74027009643406,-1.90094132947166,-2.0013619212596
-1.2725914232369,-3.62199974398902,-2.1911626791396,-1.05695312053846
0.30122719204251,0.446571661541988,0.807780677121893,-0.731738797728368
-1.96497301453677,-1.4423751857493,-0.399177687163231,-1.48680286473583
-3.85916676201556,-0.853573238283113,4.25307014561813,1.49495763198533
-1.4926447864715,1.09641978998553,2.37240018734864,2.86454125948086
-1.06702320335332,2.62292320287813,3.6647217770819,2.48216719070138
-2.28282309767355,-1.16876693558247,-0.0594756855365989,-0.27658296346408
-1.80053415721763,-0.155195101420251,-1.37026637665696,-0.665159924118214
-2.90036496931644,-1.62942577149749,-0.58604956675783,0.230370533475362
-2.51607262643729,-3.51342193009945,-1.09646171138934,-0.563541439192382
-6.12626542422045,-2.70258586089316,-2.88311156011292,-4.16291513801327
-1.31213077029594,-0.00211408298783911,-1.71887776021728,-0.407461480160019
-0.84943212035513,-1.80033771777663,1.37519783988321,-1.17712044902003
-4.26226074885889,-2.46573018937121,-0.192529734534155,-0.536206662489262
-3.35173252378077,2.26304205389815,-0.533602988132011,-3.93755202476818
-2.94923477329531,-2.39105562596574,-0.359534076559162,3.00846677407796
-1.9333740265332,-0.414612234283195,-0.616041187974771,0.928396167218071
-2.07321564605286,-0.511028828119787,-1.13639957491133,0.129897125188444
-0.366106647718811,-2.71578335496303,0.620239775879355,-0.122484503639937
-2.27556157288473,0.0830489365735414,2.28493484374683,0.380096870757322
0.635891762890177,-0.513296570937074,-1.38297338861031,-1.93880248299652
-3.63388253156471,-1.46993354594765,-2.44532250562292,-1.52768557076307
-0.568111286492871,1.39272264998788,-1.9577449506165,-2.47356525715407
-0.294624439954056,-2.39420714854325,-2.39960944697237,-1.37603379162806
-1.39741529095078,-2.208887262338,-0.0557444458280808,-0.486506524352727
-1.91931926430412,-0.771875420775444,-1.39781199668671,-0.747531600751677
-2.59062998760764,-3.08339488832249,-2.49931590435349,-3.23851716466793
1.10059945938232,0.737727957015331,0.717917790035995,0.534209577923427
-0.214550046263556,0.563221333858912,-0.850270766725767,0.323078370278549
-2.85340419912314,-2.51085134562894,0.887957060154712,0.25486431216831
-2.50262287306658,-1.15413559984319,0.973921173317097,1.51710928342056
-3.44219624103201,-3.2969967658935,-2.13818179756705,-1.24284670266375
-0.279121071270301,-1.06542672013173,-0.953774234914829,-1.75707010211561
-2.50515861914503,-1.78964293160791,-2.39084000258352,0.656463067801601
-2.21828896970087,-1.66741260308394,-2.11475544416198,-2.89991034813142
-0.940049451200515,0.876831262658928,-0.112295872946476,0.458993277971286
-1.92151566585543,-0.232104694981061,-0.413683937502783,-0.510464264602337
-2.43343255477328,-4.0698184869188,-4.1649626892751,2.21169037587974
-3.17024129501848,-3.74085508571022,-2.26763348130713,-0.00297282249495137
-1.06874018817444,-0.770643405291593,3.09470125195119,2.48908461966646
-1.52122433643828,0.176713929422983,-0.130962664863315,-1.12872903918017
-2.51077024339963,-1.57030827597668,-2.19733096175527,-1.98261466471501
-1.74420670741188,-0.315611511758213,0.483992436702253,-1.54409390168876
-0.164770759010397,-2.72113402670862,-1.38023981318686,-0.38149761621842
-4.28909449138344,-0.964458240528445,-0.718246968918287,-0.850087431790711
-1.73049473119536,1.3750709272773,2.18733000293999,2.12329698055244
-3.18464126751502,-0.923922706026606,-1.4747759062191,-2.17591142006929
-2.47623516883123,-0.145814940533405,-0.945371870555272,-1.87796567548709
-0.639867925824989,-0.853165132256738,-2.42930463412656,-1.70008490567486
-1.81679467978564,-2.03240408518567,-2.23545906157386,-2.39294876282091
-0.0931814655975463,1.85762772728566,-1.3853165115363,1.13472444254876
-0.971735323937042,-2.54378233142116,-0.275145821848715,-0.45769465360579
-2.43514582636531,-2.31063430843924,-1.35200829818252,-3.36096206698319
-0.285695315877629,1.51067848152083,1.67115900339458,0.797848738286177
-3.20107045622899,-1.64133557791715,-0.765413347938196,-0.171150644350878
-2.33255788347637,1.25212747482557,2.97009469275983,1.19332490411509
0.62700466270159,-1.06959585196135,-2.15210481471253,-1.01754906880878
1.11985330689748,1.55980208939047,0.376368070463292,0.242258760448721
-0.354738312131557,-0.468503763304401,0.882340282731115,0.497123645205929
-2.37798893433765,-4.33819689506411,-3.36915871030082,-1.45728987716279
-1.10624879378756,-1.59267238193366,-0.74977736268197,-2.10681474680626
-1.08291095123209,-2.09583958824259,-0.88540988964393,-1.54973170996598
-3.43085570001202,-1.0121080203483,-0.0489722039476925,-0.138252563520275
-1.48733168144587,-0.451906117757998,-1.271147348023,-0.597760687083678
-2.30417289175447,-0.766646170190519,1.39483646927221,0.38925107104887
-2.55257563054103,-0.447365396700177,1.83173447375124,0.338495405837027
-3.64133637076705,-3.75118278674872,-2.6862684797639,-2.01603001535438
-4.74742779365866,-5.1778571678213,-0.74046304224434,-0.479338387913834
-2.78952041854105,-2.76376386811266,-2.14611694225022,-2.54881158899242
-5.50419706523194,-3.2518148700272,-2.33993642236718,-2.99348706754282
-2.99086193956012,-1.98061189716018,-2.24292614023215,-1.80416847935106
-1.3760159547036,2.61812599805175,1.88730641560948,0.565496968968749
-0.0305909770961284,1.21018948931247,2.19917337535036,0.21302175721445
-1.40977033472997,-2.56547664107405,1.40993149532807,-0.711831463372934
-3.81491015506919,-4.4949338558766,-2.53673919912868,-1.5134040503745
-0.298128283965056,1.15485394780125,0.305409147027739,1.37849595507108
-1.87619834407302,-0.257815017782838,0.705011792030954,-0.927921715562709
0.561915434237618,4.52023353860449,-0.406827645434501,-0.497081727468415
-0.451128127111709,0.733701601949647,1.82090874733815,1.77601891062795
-3.28843313178953,-2.4369583571966,-1.73357476364787,-0.440667036144888
-4.15107348036944,-2.6409175870003,-0.840301595470627,-0.00776951812210647
-3.10473978649696,-0.907609183710552,-1.62079529627424,-0.712407897230352
-4.92471469404199,-5.68309441115841,-2.36481739448578,-0.406369443327789
-2.77413592620698,-2.65122640734955,-4.843513934195,-4.44255606046078
0.0971037555190716,-1.44942785236688,-0.813835358349514,1.58611892301301
-4.42761865257531,-3.08490285110941,-1.72134518383343,-0.0639612561763191
-1.91247882140878,-0.707563484462273,1.93434716926289,-0.28583798539172
-1.54154574087199,-1.65041626950915,0.437220171870658,1.55008120142754
-1.09487243159432,0.074070945218306,1.01424339378083,-1.41681152275946
-2.97501820089114,-3.34873653178734,-3.53075152335767,-3.21866438909868
-5.59132164755193,-4.42679285275877,-2.5376396675767,-1.33534781859618
-0.945773803684689,0.230600114058132,1.21868551895293,1.37870343095355
-0.104402724811254,-1.27327284451472,0.355566208324515,0.777522430309866
-0.995642144839575,0.00974522112884113,1.11937926841291,2.37759555718978
-2.39975251963515,-2.8538325964419,-0.386477069770404,-0.815719828589968
-2.09997922938286,-1.48308078780055,-1.19672657899603,0.589149581270786
-0.13389525364249,-0.704741548322141,0.525773462441766,0.689133212173656
-1.37003393428326,0.437433353192637,3.55417260101656,4.38976218251316
-0.540282750838714,-0.92420484501175,-0.698997762720516,-1.44724428605246
-0.693645985048328,-0.986851926585997,-0.741230513761121,0.816232572026508
-1.49710787656074,-3.53342243550658,-0.00313203154837693,-1.55002872751733
-0.260596901473406,-2.22223379816286,-0.228016200453412,0.865134786200865
-3.59949974462957,-1.77748820092238,0.259516446281471,-1.68704642352695
0.139063253753569,1.23718044070523,2.84714375241622,1.69340135183283
-0.778746844561877,-1.52348872533152,-2.56593962932118,-1.82302152137277
-2.78705017733088,-1.23797442077713,0.688571710712918,1.46502185791657
-2.94200903373861,-0.542061604391643,-0.875518224051906,-2.39372417464968
-1.53822818620719,-1.5801012113989,-4.07707843268991,-1.31117911462843
-2.78205592234097,-2.9194392906056,-1.84045849817826,-1.15424572037335
-2.63750269814071,-1.45806797707141,3.31802604519416,2.26744991225934
0.298272239388504,0.819991305662898,1.71400491815755,2.21930430282613
-1.85978342154776,0.161010697267823,0.830297946016137,2.1428664322583
-1.13065585227731,0.423714240469516,-0.275279017661424,1.23627335077175
-3.35800050203573,-4.1989777077082,-1.88730462565096,0.130807976561397
-4.75250049906181,-4.66157362414109,-3.94133609317778,0.478635001893349
0.58279045916778,1.20813754074054,-0.973037142900878,-0.643075546954793
-1.39821240341001,-1.72002743558303,-0.720760299649566,-0.204366996080904
-4.21362870588235,-3.10538894682591,-2.51631761312151,-2.37426982781091
-0.267292771949321,-2.02162156938748,-2.21786732288879,-1.81994175397447
-2.31427048960042,-1.18767860493831,-0.0887247363919579,-1.3964647752909
-1.14710039870312,1.35666643571505,2.69901164362936,0.762774710447576
-2.22651716883285,-1.83351583882691,0.250901877052476,1.20561760331015
1.6814289864114,1.52263156466162,-0.0765253827900864,-2.47227121527836
-2.25004728480171,0.349002779153156,0.817321261686888,-0.926459675197355
-2.71157325664533,-2.90436174379351,-2.39156956581106,-2.52359130756974
-1.94548770614256,-0.649379765665186,0.667259881234105,0.510761988133629
-0.319667350024994,1.30595003323229,-0.110461759099926,-1.55669652758216
-2.71933950444326,-0.960829195102438,1.13126433874626,2.11576389524395
-4.33021536315267,-2.29842512038189,-3.20945731627669,-1.91206913414466
-1.56557638144101,2.02382165685042,4.01888532372838,1.3094485585388
-3.44239573464775,0.0843924654846975,-1.19201669126128,-3.24287942821204
-0.465535400897032,-0.540577170813694,0.168583526570224,-1.06824359566193
-1.28888630260934,-1.08204850492316,-1.01355502685828,1.1128990605249
-2.3259589908327,-1.60394951649496,-1.32303861151082,-3.31023666287423
-0.128653959363959,-0.515056215762747,-1.04786463997436,-3.4993789369903
-1.39014364940469,-2.36847253493469,-0.338380728950178,-0.194539876944166
-2.81103813113357,-2.74886322114371,-3.02928479390499,-1.61288296288705
-4.14135196698927,-2.98010540512628,-1.4878423428383,-0.159685690874385
-2.23409458206115,-0.634782064585141,-1.52082378655254,0.688592682605943
-1.51971189670297,-1.00999005362329,0.835071811257354,-0.542536467268072
-1.26872629486077,1.97406405740149,0.77477695456644,2.7215984167307
-1.50515850915593,-0.187012703306888,0.114187041888382,-2.65951547787057
-0.993900656160954,0.787664226535273,0.674922744472353,-0.993360114141321
-1.78636908254285,-1.09376838987641,0.320809777247027,-1.01510782657806
-1.67749143375841,-0.321669447170436,1.23499706451702,0.234653751475312
-2.8720260764822,-1.32074271816317,1.04419350339364,1.7490240028093
-1.38154113895704,-1.00136882223985,-2.33630989771097,-2.22478064385711
1.49133535342121,1.84706486879952,0.887383441498665,2.77873336291214
-1.43656337142201,-1.1392619956322,0.666677327739464,1.45826156932291
-2.79826716459454,-2.75014868430312,-3.38990094235984,0.38040393905505
-1.90048491681137,-1.11851669413026,1.81567646785747,1.33039116302659
-3.06646085480031,-0.259500163654268,-0.15439246876917,1.19128556195988
-2.48438745103851,-2.05571532942892,0.389316537276623,-0.520210771503986
-1.45544458631363,-1.87138744133066,-1.45995999710726,-1.22744920772169
-0.46995123523303,0.129448100256808,3.04393213492312,0.969256788806334
-1.3801248376919,-5.00828064544148,-3.69532358659125,-0.578870718144165
-0.713671431610669,-2.58815042836208,-1.14005435027984,-0.0857686654600542
-3.6288860813378,-0.815534366857243,-2.98724745128855,-1.70368720356243
-2.41104031907664,-2.84180982363968,-3.32674829630871,-2.13327821193154
-0.172463166226157,-0.529398107793526,-1.60581171644594,-0.555771336587295
-0.488483086316122,2.13546623123083,0.126611157537996,-0.0675280317002142
0.337319539955572,-0.00583502169635841,0.386781634443594,0.110551678124806
-2.23544583204868,-4.16768882297515,-4.34239908536271,-4.19995558436954
-2.59259701625142,-1.22015045705092,-0.0121960522702476,-1.40525594129711
-1.83731176686894,-1.91931053514307,-0.323295818605871,0.424579390626853
-0.948323684879801,0.0634811138635026,-0.103252258406487,-1.24425880038785
-3.12480897632728,-2.20329886848714,-2.19235714798172,-4.26980078366588
-0.125602377016277,0.56352448317764,-0.808754685705579,-2.85283516147112
-4.53654654949492,-0.749316748608497,-2.27463055306919,-0.169217217135192
-2.10399872025381,1.22817914651036,2.00080058976527,2.07429768292978
-3.61327431356407,-3.79654483609156,-3.71448122051946,-2.45875905288217
-0.637935771705151,-1.02484963311559,1.04506467504815,1.18720636963388
0.494803726081162,-0.722352718774287,-2.8135941902419,-2.45416281907065
-2.59168314698163,-3.78644132614419,0.756687069865646,0.632988161967524
-0.285672728305132,-1.3423274933768,-0.612324758146973,-1.77690505090374
-1.40027536706712,0.117615564822234,2.11463159439969,1.07602472269209
-3.38515835687083,-1.77501211763712,-1.99377621119692,-0.719762108348851
-0.967535457119254,-1.79490636694334,-1.59436678986517,-0.465069632373842
-2.49844283751667,-1.75976501794318,1.193002921424,1.98154449042671
-1.2301304833156,1.63976529448586,1.80257876402791,2.5666614785643
-3.45228116674635,-1.58552202154399,-0.977033652940175,-1.59408167835182
-3.19487494974472,-1.12009987851974,-0.178278293687467,-0.546493200195991
-2.17000726313305,-2.09428448547677,-1.35363926502836,-1.06664419878792
-0.3674502356966,-1.2765640209629,2.1133530762528,1.94262772417509
-0.970206520099946,0.777158749039401,-1.14104099765204,0.790540314313778
-0.924092025657627,-0.398368992651398,0.309629429590036,-1.94591610109946
-2.52035812417728,-3.20111730344681,0.87755196731029,1.32973034694535
-1.32218176480332,-0.495415925900749,1.14360358946234,-0.589137459654254
-0.518623255037057,-0.272796105030508,-0.171094673812426,0.0255157438935885
0.148759559674158,-0.244992266866347,-0.720595514367343,-0.511422998567736
-0.559603052018015,-0.565631960562491,-2.22465606404742,-1.8662633602794
1.84914278588338,1.41123205881503,0.724614450043429,-0.812758920420796
-1.85702849878209,-1.86045422082376,-0.413295480950536,0.691987921644092
-2.41285219806512,-0.734752828540954,-1.66151099315873,-2.00152654657152
-2.08364030823119,0.168447873127408,-1.47717689596132,-2.79317799886261
-1.19527388729133,-0.791937166723897,-0.319387857267812,0.914208544216412
-3.00164636793029,-0.129026966989425,-1.03781416348956,1.97777591091736
-1.21219438646291,-2.38570390093744,-0.961596486053316,0.432816480509616
-2.93174979830951,-5.13645443418917,-4.61081109990379,-3.26793220936709
-0.567991027795425,-0.797145252413405,0.134990677712116,2.06043040414925
-3.9050506255301,-2.8163383074923,-1.62214301814631,-1.62992830357614
-0.401194935747059,1.27655300307775,-1.50922080159159,-1.49776491949615
2.21335646867694,-0.178429993421152,-0.920697124850202,-1.22210649923768
-2.09967237948017,0.543690767934191,0.830410154424944,-0.264592838728081
-2.41648971679512,-0.688004621194166,-0.845527958262515,-0.638966104627557
-2.00551381717314,-2.29300941726034,-4.41101112882993,-1.56134403407757
-1.27838990697528,-0.782348523531559,2.44185585776114,1.06835171118575
-1.16349234999428,0.814467541331574,1.09678506749467,-0.461353145915802
1.21240608547117,-0.0954123088241712,-0.579311060003729,-1.45741897335184
-1.02521686052855,-0.985634945896208,-1.0916429487505,-1.35550795993853
-0.973326989576787,-0.583583054025633,-0.659015111980596,-1.08958444780408
-1.80778600800026,-2.43842456424211,-3.25024859641582,-3.35835564429443
-1.40865412250137,-1.32696382597863,-0.378307948122085,-1.57023421005967
-1.26992903203015,-0.947335909737234,0.0426188021245553,0.186179701391792
-2.6840861166139,-0.908070928975613,0.305459057435233,0.763856369201863
-0.656804814881235,-2.76327978956281,-1.15626061016243,1.72105468112963
-2.05126479224163,0.546908472501058,-0.0254573347411385,-0.0508768707759926
-3.05629571283009,-2.47736680388818,-0.92122152349577,-3.2199371608877
-1.5822734243176,-2.5711210853,-1.72167310938487,-3.16168936833843
-4.50106388480086,-1.51281206499487,-2.95321633465539,-0.653786230765074
-0.349260964276914,-1.27079113966121,0.600516282480088,-0.303339210883845
-1.40923602922852,-2.15627642616395,-0.632940712829273,-1.68102031971149
-0.409667673895184,0.216683579316187,-0.0135725590394996,-2.15152869379644
-2.28857563835888,-0.359921560444969,0.243533387915093,0.0847376462842468
-2.12916960087929,0.0395113509463514,-0.810734966297281,-1.46822332705366
-2.59316689412545,-3.27686966000763,-0.998594866032872,-1.8321588244835
-1.30908067268123,-1.07348262839635,-3.51343238592651,-3.05974086414356
-1.60376441794157,-2.10599941259666,0.780996423232632,-0.0511488122092182
-2.86757798723849,-1.5910436958413,-0.56846095062379,1.71779539287465
0.293080734418862,-0.571983350037333,-0.915925049559852,-1.46368314855945
-4.14707127657054,-3.82012282560589,-2.50884914523435,-1.03005282855488
-0.326673993274646,-0.0241217746084942,1.34775123212438,2.27890925625406
-0.798402563260663,0.337187853418364,0.309820459340767,-4.6762284354036
-1.42297654375416,-1.02049409823677,-1.38039660593527,-1.53356001509638
-1.86741158838979,-1.88362177458088,-0.761329221418681,-1.12384471495763
-0.0434396264247882,0.515504844500964,1.94930736463601,1.08411061696389
-0.055917462173835,-4.61069849052388,-6.37065814942871,-3.47211448126149
-1.90092491036724,-0.966815344202163,-3.35462702781783,-0.321806181409516
-1.86985736973294,0.951864837090112,0.690893578436694,3.70775664014754
-2.09212424881767,-0.75851473209088,0.815800244122895,-1.40069420565857
-3.41184190030257,-1.47917185999412,-1.81350156341288,-1.97729656964777
-1.19580457913589,0.124315792061531,0.305274539214685,-2.04527315354845
-2.53429845405537,0.562330386314774,0.915167558359318,-0.804437845475149
-2.26142061226279,0.25824515484872,1.39386135983291,0.399556365376688
-0.319172534861013,-0.739331785596813,-1.39072326778352,-1.20119994879066
-3.49228249400898,-1.94233335783674,-0.0809435380526711,-0.875350864870573
0.881662372903918,0.128899099704929,1.35826491884855,1.98616233594529
-1.83790384084451,-1.74878225443231,-0.152600281137964,-0.728108948225063
-0.387330789481362,1.51501906713844,3.23125554464297,3.25349000950723
-0.0696825016722019,-0.0900417569103013,-0.471270779558992,2.2353917294885
-5.28517528507719,-4.31229836721962,-3.0800753657962,-0.853315482928418
-5.1207629998601,-2.6898231638318,-0.692540692042356,-0.894468937386002
-1.10089288539066,1.17381878819125,-0.00836589469384741,2.02926075022691
-3.78400421907449,-2.86843468351104,-2.25233592433784,-2.30420688184542
-0.949395419076642,-0.947638252983939,-0.834156953573807,-0.933783609531691
-2.89717558168547,0.734610479958384,-0.0130048607644972,1.7664070760954
-1.95893924558484,-0.54593589648943,0.190322151659103,0.877423602719973
-2.06513774528862,-2.36112524158766,-2.13431792904523,-1.49704044341631
-0.721961411562033,0.0955679443644659,0.939373709151014,1.80137215973935
2.05415815453979,1.12691351968211,0.855800852028077,-1.78647664084816
1.0228848217797,0.653969176496224,0.886551916270714,-1.33457494691451
-2.87253504965713,-1.02070834432124,-0.00914758253542547,0.160981404785872
-2.90022346817484,-1.84777859332984,-1.06863563330485,3.07278495117432
-1.01195778239502,-0.353760571781447,-0.804196747939143,0.466842204995542
-1.73590048286376,-2.01167395650197,0.501249250213808,-1.48872968631523
1.93805009648745,0.80946423177905,0.560124639406825,1.70094026295117
-2.5155362887868,-0.078119454192126,0.557333262120458,-1.22101268564965
-3.76234957557153,-3.17366986135205,-1.03189740087882,-0.832363421342964
-3.82322570519088,-2.72652501598854,-1.22340211099983,-2.81105873583511
-1.34351568988733,-0.655060550799126,0.321080393407234,-1.83820011352925
-1.7073145854123,-0.276632678528081,-1.18571078568903,-2.2985502142902
0.855969633473646,-0.881656112065346,2.34510041670755,-1.83853423531551
-3.20583180226596,-3.84811477738269,-2.98192008920601,-3.49199273518258
-3.95254733303658,-2.77826264764333,0.548584560343538,0.533694892093577
-2.20760026921391,-3.22802837192362,-4.73118731748337,-3.30189303192566
-1.86995822057103,-2.54127402225428,-1.44975791108053,-2.16672551370507
-3.81942978824464,-2.69470020348887,-2.12982774787212,-0.245241541712417
-0.484206162265428,1.18238248805272,-0.0993901690344078,-1.31622233611566
-0.526982049534169,-1.43371099117564,-1.03190606831417,0.94092091287147
-4.13653835930618,-2.85901710770513,-1.79660964714511,0.637483536477118
-2.96638043231224,-2.54323610655498,-2.6947350847515,-2.45359956472173
-4.03930786810184,-2.40749250138482,-4.7525117270873,-4.54414707823301
0.153652898216121,-3.18419437869484,-1.18291977905921,-1.32000185829823
-2.57410211339309,-3.45686612496219,-1.81646550441008,-0.23348038068885
-0.837447136120012,-1.60176163323735,0.33795111149698,0.853966428043761
-1.94460151684848,0.613164805316377,2.741092248739,1.95821710976931
-2.54452566379321,-1.5026949145813,0.701595891827096,0.865106914912034
-0.905359616299045,1.09102952582046,2.08749059949502,0.970953153623635
-0.669010406951657,-0.0259601761431949,-1.86008335623241,0.4764017255578
-3.0791899116335,-3.6976151312088,-1.41999287114256,-0.0972418944403153
-0.853304077558403,-0.335056269535973,-0.832590167995808,0.414832379748369
-3.10463312596832,-1.42764499201524,-0.883868089801276,-1.21557284622217
-1.67702788816296,-1.09681002351272,-1.87169725240301,-0.405536104280348
-1.63562201763874,-0.261023377901084,-1.06194856348221,0.376912828581805
-2.53526898046356,-0.177779613763993,-0.193599605281461,0.404571589056723
-2.53219740461597,0.54055683745861,-3.30609979959561,-4.06902201956211
2.65403336611697,2.68540881420369,1.02060930288604,3.01548502326541
-2.37543400914528,-0.927729982064324,-0.841990204383003,-0.170444817200298
0.439158798785974,0.978541575903065,2.61505669018929,2.46900226540673
-2.80378337907242,-1.88463443180489,-0.752026589012846,-1.6423703037333
-1.22959880992406,-0.943098150858815,-0.16766174670245,0.962185108641143
-4.59656000470199,-5.1968536875876,-4.51315774150538,-3.1885598079615
1.11138957209447,-0.703638224139628,-1.77788899331189,-0.716197298862594
-3.31867833809929,-1.99892186521789,-2.36162175790762,-3.20017863645191
-1.93723435613388,-1.94448070244288,-3.08973011376778,-3.51178753044034
-0.502564697356399,-0.694285972826172,-0.443186441366183,-1.25712984946888
-1.04123081977212,-1.31161854383388,-2.30379461069695,-1.51020563468263
-1.43475811580309,0.5738147132697,-0.765737442460502,0.245086784225492
-2.62244272329201,-0.843571931774422,1.85291438976214,0.510738891072866
-2.25369602797728,-1.55258057577497,1.6795438881685,4.67118793139706
-1.41265956510246,2.06893380531428,3.380006423987,1.4314612997544
-0.18539725220551,-0.671099905458683,-1.35741693644967,-0.0320602076692965
-2.05852815749568,-3.76635671821099,-1.78474338917044,1.53690752954526
-1.79412861506256,-1.17615588525071,-0.482510062822961,1.26537944806666
-2.25714127955707,-0.743267477306537,-0.777452710736228,0.306087467338626
-1.59570958235127,0.355291780378013,-1.09770305423796,0.137227769534376
-1.88740796933336,-1.7883872556835,-2.32080006340765,-1.7605934322796
-5.39406297310324,-3.38236786037162,-1.73063137904416,-1.92768426443852
0.120373088216091,1.13775330645543,1.76618250281411,0.100020748733024
-1.45250974459762,-1.60430116303496,0.23723956916733,-2.17353957901765
-2.92282294186158,-1.19066084404604,0.747153113530598,-0.701596023120932
0.0448265655108639,1.5188302353031,1.75610257958233,1.27736703944994
-1.51763027774409,-1.71318528104872,-0.0585637220944185,-1.07822708261122
-3.02101187832806,-2.4885104531541,-3.06052207771439,0.438937388686116
-0.919823435351365,-0.996569668298822,-1.20278578709307,-0.449378299044054
-1.66213985221105,-1.0582433039026,-0.64406354269521,-1.53017927788968
-0.44128829821471,-0.751041725572195,-0.695309057289232,-0.283106061453236
-2.38482951121177,-1.40532128656127,-1.35201316186528,-1.15061747455515
-1.43978543202209,-1.38555862288233,0.234524994754402,1.03487044627307
-2.29979016831823,-0.254174107338575,2.21076689291038,1.66790574586607
-3.5408571171462,-3.45254001426477,-2.37290845042763,-2.11145286260824
-1.89619686415287,-3.3687006084045,-1.4012021229149,1.63031542405045
-3.45616922250071,-4.61840481746231,-3.15711812869178,-0.362857199968938
0.311413371238475,1.35562511719636,0.106078050361088,-2.26012070653298
-2.1809486489994,0.127174992412097,-0.831787194196842,1.16432767965302
-3.03655832703676,-3.98930783720756,-2.46836865116235,-3.31892342536003
-2.6092860807748,-0.669101238344599,0.721607658946362,2.3279642593598
-2.59323716924273,-1.86776473734384,1.81966486303668,0.880970074695596
-1.77462294025871,-0.626558704076237,0.389096725454896,2.04189440287315
-2.46276649014117,-1.5441080382831,-0.653492728296601,-1.88936526122426
-2.5011991703896,0.332300102231693,0.330639669203136,0.294299047960988
-3.87212008172397,-5.72927687834177,-1.74317277531895,-1.77266256035651
-0.717945127689783,0.491301979155879,2.61812389294424,2.02503659249016
-0.0778737711601503,-0.142410660474961,-0.977248678405754,-0.385484009456221
-3.59796869391537,-2.23932726307051,-2.38604680201786,-2.82322208146701
-2.90057948017264,-3.7253458538761,-0.550451709537903,-0.635583655354522
-1.54241273029778,-2.81469259017035,-1.4865185696469,1.01348733992951
-1.66019459285921,0.456668792510625,1.04468299295042,2.39526636556745
-1.00929719503152,-1.25932875816862,-1.34101345745888,-2.40523153070932
-0.717757576695318,-1.88791635440942,-0.988353965248832,0.932652624661797
-2.94045055436979,-2.13028781339591,1.03558834286639,1.71235526811023
-2.02709103574002,0.679217438705132,1.90824955272817,-0.12719743678101
-2.11348323824115,1.0448117835907,-2.06243734787673,0.241632876800202
-0.9211577815772,0.0594242993159446,1.44589203505119,0.393036529910475
0.297758393902902,0.581438052835368,1.44147278823579,0.682762330140084
-2.78186350866337,-2.48951333972813,0.327920755562199,0.0711287913460221
0.653065434157172,0.436660677763647,1.9180008844493,2.3652168923805
-1.60111521379055,-5.00890504214392,-4.15442790351997,-2.64187020106324
-1.03159489678006,-3.04538249395383,-3.01233305728912,-0.951616680136239
-2.72603555657192,-0.41171845184316,1.10994992694705,-1.14509270077477
0.0190493725210312,2.55102036170501,0.824003203312002,1.01425872966386
-0.904670093850273,-0.0848147152529741,-0.492175552925792,-0.330039784949902
-1.10819547722452,-1.35523624613451,-2.00325088087419,-1.81586409473026
-1.98209938782473,-2.95699301629635,-2.12024232809384,-0.884792852707321
-3.55522517708285,-4.25583527586038,-1.71614643298845,-2.14656976085552
-3.31904631838341,-0.346365143452139,1.4844028988592,-0.484814054032393
-0.563808876993818,-2.31128931199191,0.108203441969845,1.0208574778685
-0.235702006027495,-2.21364459764831,-0.613329423997541,1.8798804059692
-2.11791866635979,-1.2690825938933,-2.89769071804447,-2.60340756381621
-2.315234013462,-0.265214435627425,1.47211597517729,-0.0256946549611735
-1.3073100034,0.836729958240487,1.72539603161003,1.44045380062887
0.323934827840665,-0.346240676391234,-0.500745611728332,-0.393475816576376
-2.00242332542273,-4.80258323009869,-3.14481739003178,-0.627443019042411
-5.1219355596406,-1.34488885418359,0.334454774039706,1.9652798434063
-0.178272214480835,0.422423858997001,-0.284065411496539,1.84113753019448
-2.03465362436928,-3.0308890801429,-4.00951403989255,-5.35105006663301
-2.54234494166091,-2.65900163934704,-0.0719680766031858,-1.00348722946517
-1.13651464815898,-0.348331527752912,-2.0940950584548,1.78054849786231
-3.35089859233594,-0.660487388711058,-0.18132993740277,-0.062859099497827
-0.168668863899138,-0.145360716035499,-2.20574473074584,-0.195833792666598
-1.69294004171452,-1.56218060974541,-2.11841529547895,-3.62529394346376
-3.02723333573434,-1.41103694583462,-0.26833872984961,-0.323806784831961
-1.69763353860338,0.462811097094515,-2.64471221993662,-1.87225424340113
-1.28713829700327,-1.50535201281853,-1.43393948818967,0.604777197150709
-2.70429385370142,-2.14721022056602,-0.362120352212378,1.00679554312061
0.653804457546303,1.77840930850427,3.14386627419682,2.3485324503431
0.120594282960462,1.30397008671873,0.996866203551019,0.139023124656904
-0.811577545539283,-0.0199353120571738,3.74915124833413,2.4589418295495
-2.89748655332696,-3.16434990252467,-3.11511289600698,-3.88955348776666
-1.15454511666044,1.04965579484508,1.50005359731367,2.64294890104608
-2.76414853639949,0.104541847100602,-1.21196263659457,-0.121261887184149
-2.23508604539715,-0.333091683072995,-2.21909404897213,-1.75533487949728
-2.85138202298293,-1.87978271760073,0.979432941077904,-0.407222183096834
-0.126146704612685,-1.70685769043047,-1.04877972624912,-1.53071837750223
-2.30005716810341,1.81259307480487,-0.4672227454611,-0.358410221645197
-2.07544992702806,-2.53362304321755,-0.509475856135661,-0.480385081584373
0.597120485107147,-0.974587283243833,-2.75726084271449,-1.30986647776633
-1.82395414710291,-1.92741667889615,-1.66273595066041,-0.682579501190532
-2.28819701975227,-1.47226092390743,-0.643201221466385,0.7448810026109
-1.14457841122081,-3.53474878086161,-4.37902280366477,-1.17522033099248
0.545581536979308,-1.11492797821107,-1.62391150914108,-1.33578364705517
-1.76692611570275,0.738694872583539,0.942168132323074,1.77407631532158
-0.841790664741299,-1.38120612754313,2.17119967793319,3.29626771105841
-2.8125915112559,-0.592193434302217,-1.39876377779955,0.890384540261295
1.07857971801341,2.31220124354156,0.853469329520484,1.01299665365979
-1.87686712505906,-0.714034041702283,-0.774663410120009,1.55300133735461
-1.79592321760075,-2.09480756765548,-2.04871846581953,-0.733072188811038
-1.0924700520302,-1.13178593816378,0.681988058310587,1.80047737495996
-2.6002273744562,-2.94065666872779,-1.74080077222033,-2.36426898313345
-2.68474486298558,-1.26895101829864,-1.61213037098813,-1.06473243099161
-1.98838043931056,1.39095508720063,-0.785630981618372,0.912242356466249
-3.94253650977886,-2.58463853293252,-1.09847695394344,-0.190537898682392
-0.75630074925226,1.20564121658594,1.05486558547454,1.69801738079479
-1.53803428259756,0.816642140326089,2.14477988994493,1.67460445850483
-3.0226336650445,-4.20244603616006,-3.8880791709416,-3.67215038384965
-1.37215550232474,-2.33900008676688,-2.69910043754069,-1.63369837559783
-1.81952834967588,-1.87931364315693,-2.59099672092215,-0.235629538273311
0.0818300181185425,1.0642483196525,1.99552846996205,2.63110011985141
-0.994049608112376,2.13245766791759,0.85670090942862,0.924527284321642
-2.25582758994832,-0.439652037484363,-0.789973325888031,-1.75551187551403
-2.45816815239835,-4.59349854227098,-4.70429484633237,-3.74785733330142
-3.0886846470701,-4.32501624303625,-3.48245020926073,-3.51161929836464
1.75033444993623,0.0200151072501183,-0.577946554009511,0.597761604142412
-3.75556399683099,-2.83037858382833,-3.91800570045823,-2.42014097667819
-0.829991520700564,-1.38286078599025,-0.791470144968783,-0.702744359975916
-0.245475323105357,-0.661391942281481,0.122273786383065,1.54438463653121
-1.91723855174654,-1.9093821452986,-0.565171184528578,-0.270885038960058
-2.83235320097184,-4.71709777478328,-2.97236639512673,-1.68083703064721
-2.44447106979273,1.13253249338502,-0.501044983267123,2.46362082927001
-1.27672583209324,-1.49468183790239,-0.213564633790421,1.25525882831766
-0.15484294590713,1.53288763467281,0.741285665321319,-0.682077364576087
0.828387697592651,1.55259692324911,0.103375624557323,1.06810211821884
-2.64091810832528,-1.76618880814252,-1.36619853177357,-2.46215509875136
-2.75331324815305,-1.75388395328793,-1.45727758425284,-0.761700412898945
-2.85547989446514,-3.73320601388315,-0.94630329789937,2.04252388506232
-0.245583428488644,0.419905186385712,0.457393754634065,-1.20807217663599
-2.65628397864722,-0.577577852410839,0.133639884781147,-1.22628310896423
-1.76142685146939,0.360019686896751,1.52414806633409,-0.747356865130702
-4.08143728187097,-3.25184967434302,-1.08198528568933,-2.30405002484603
1.19046367599241,0.100690919246375,-1.5878075964543,-1.2531900018771
0.523340854804412,-0.0249668145782736,-0.0289255382594543,1.07102174515926
-3.2098647347219,-3.49150666170158,-2.96914342193187,-1.21371933859676
-2.31813544430598,-3.98381138407248,-2.97701964541409,-1.0077362468311
-3.09929531933009,-2.42635877625045,-1.31811508527807,-2.62934968591884
0.25245991247604,0.191247540828923,1.77615213749476,0.92599415158151
-0.121335101476977,-1.39410487296733,0.0286266008414529,0.439000200570513
-0.880665694326128,-0.170361530852546,-1.1917414774772,-1.4589945848755
-1.4042756355998,-0.901702505988148,0.995086982510448,0.96989537257784
-0.0176098891596046,-1.00857202079419,-2.86593207464902,-0.760952834281136
-2.05589154073264,-1.44134235175471,-0.378594168595106,-1.21304449899179
-2.49091756917873,1.20829335619027,0.311080284265101,-0.514251336002703
-1.30755645714016,0.0746981988782065,0.327349448076034,0.529744158666289
-1.21164540973011,-1.01603222852441,-0.54634348741141,-1.2441519252624
-0.466054096882892,1.01190925401109,1.42478580391591,0.194253545619033
-0.370814038305039,-1.04802705934103,-0.529775709391923,-2.67749176187732
0.102192542784598,0.756811963828714,0.251551298131447,3.90726913850201
1.07935084533829,1.70946034911169,0.201483276426323,1.30470040032012
-1.56798171122094,-0.762130467313464,-0.892314057112618,-0.80373897335525
-1.11925687448708,1.42761447806387,1.08111480687426,-2.52474976154376
-2.09371567014327,-0.615761620252584,-0.444758081540417,0.886017067221279
0.297965932754787,1.34475785051917,1.45739905108161,-0.299446905867704
-0.45771632012118,-0.697409675127977,-0.562424984050658,-1.1224900179165
0.284703844736073,-1.66220362031074,-2.71486379722595,0.42855951225471
-1.42424251276,-0.765611646678992,-1.25576836251787,1.47137119718513
-0.686031168099809,-0.558135548836195,-1.21639932025641,-1.49802665837775
-1.95362688146864,-1.2902962046189,-0.767427992807566,-1.016795461476
-1.32184803459684,-1.901201492756,0.950842675340375,0.618039000766397
-2.10180356620129,-0.462095582857646,2.0177974413782,0.305216902115294
0.0704354930072815,0.812379903631812,-0.998391743287756,-0.688422197363435
-0.519948708374923,-2.21850543586995,-1.37527873809997,-1.14073382672132
-2.03707834864828,-2.77490314798966,-1.81875389025389,-1.10871482414059
-0.0336367585902986,1.63023391543789,1.18965886967677,1.32267238253305
-2.83896196176749,-1.01127334453784,2.04998340082321,0.593434832459963
-2.96387888142694,0.026580833103743,-1.36779485048105,0.723492265547971
-3.31985119819203,-1.11999892763709,1.0189282269841,-0.154585845724177
-1.68252538389993,0.418232718570434,-0.734127902074286,-0.772395808636541
-0.275347945791353,1.1956458270059,0.769273515847284,1.49772831637247
-0.847306103934265,-1.62746264289778,-0.722058519083607,-1.93418063157084
-2.14791221921464,-1.23183221981455,3.15461537967293,0.996220679508497
-0.455789338648856,-0.431996775496457,-0.99836356654664,-0.721394102135446
-2.82938309257977,-2.65961821889068,-0.416312962202379,2.3913216327498
1.1515071253493,0.227605321512977,1.94232748308503,5.48505578997088
-5.25415684509444,-1.50604818377498,-3.70817100869185,-2.99560608888423
-3.39757795171035,-1.72983921874037,-0.489498157494965,-3.30050131017707
-4.33035400234213,-2.38230810849296,-2.10410360564736,-1.03595830105382
-2.46603284536646,-5.05533750423659,-3.62625909355691,-0.0191761083157935
-1.26426730245962,-1.51729021778288,1.35316526416668,1.82047865871746
-0.38607901580504,-0.865116036145975,-0.0691948951551936,0.576750181927005
1.4664898020275,0.674047958272411,0.55258126979287,0.0809236936577343
-1.75673543414044,0.231615224931043,0.927027852673632,-1.68395827400847
-4.54823651439327,-3.20020925247818,-4.26327114461752,-4.13853103070014
-1.22772370607613,1.01792814729157,0.0739588455580487,2.50341197920686
-2.39242865868849,-2.49116058124513,-3.21603685133028,-1.55905779239423
-2.37707099609324,-3.51738637813354,-1.11313886777726,-0.0314248406729464
1.07642976131186,0.211803815860872,-0.705306500746157,-2.61606526540353
-2.98010416603057,-4.23509148419677,-2.48823859607846,-1.32515127236363
-3.29235302787414,-2.86388393987651,-6.30216237558775,-4.83831470005639
-0.0743788399753531,-0.224515343969262,-1.25538994118892,-2.93273728235981
-1.50205153878179,-1.01615275541481,-0.468673814796779,-0.398587028220667
-5.09734102185627,0.0665897426925166,1.63996473182077,-0.587252598732141
-3.39227135476694,-1.56006952326645,1.22988024774962,-3.07629141754529
-2.15263337875264,-0.979356123165057,-1.15521572736616,-1.27944110862279
-2.94235049610569,1.00176200575528,0.385101800591836,-0.891487378555517
0.254974250870273,1.45743073065136,1.88098938717873,2.91329513853008
-2.73059618522662,-1.84225549891151,-0.101976588677839,-1.37649942858445
-0.625218382843154,-1.06737044660785,-1.90992488126142,-3.42861095153996
-0.871431659777366,-0.382185738580784,-0.395376195586251,0.304193395288195
-0.902197779007017,-0.639983017798268,-0.0836510718993062,-1.56497055772066
-2.05856368311133,-2.66505250279233,-2.41492006695541,-3.89818024814355
-3.25744469857125,-2.7825138161062,-2.06249701195299,-1.3038618855237
-2.61557060545846,-0.798893044921557,-1.3905543989931,-2.53448802806288
-1.30042609952659,-2.39565549364735,-1.36121342062181,-0.0244030397752699
0.414322909895598,-1.07113934369302,-0.196175351878202,0.88733717798727
-2.23482555532536,-4.30273309108923,-3.80269886417167,-2.53272764511111
-2.10560431527767,-1.10989189313022,-2.14181809060365,-2.26709339728697
-2.59859184842463,-0.384547915805123,-1.81747112568346,1.45162802412606
-1.33685681133377,0.128830425130997,-1.25441349422618,-0.885609998686208
-2.52299167214173,-0.925646402718131,-2.78279632990468,-1.56127002889043
-0.582172867441584,-0.99451031738722,0.059663129181087,0.929552073169878
-2.6230311642081,-2.10192618105535,-1.85577896881749,-1.70231205014868
-1.38413316877391,-1.15671405159237,-0.461424600937592,-0.14830164099667
-3.5468957530175,-3.46016134045057,-0.860809064415169,-1.65541110900373
-1.71469548996709,-1.99427223319399,-0.712118317658442,0.559123541508664
-0.606095125180187,-0.585778198256991,1.18074263817792,2.1112862006412
0.524463158620651,0.43653573444524,2.23315568211975,0.823190665673697
-1.24474242862194,-2.18620812824155,-0.284322749355653,2.16115987132395
-2.70719305621717,-1.23005745621957,1.04175114596854,0.72381039006061
-2.51796403171788,0.0460678362509462,-0.36778562428085,2.4148522073496
0.60063541934911,-1.68542498055481,-0.542574444209141,0.0144840005113128
-3.42141985033948,-3.82056389536687,-1.71304040293342,-2.45443616616715
-1.23856388444275,0.393205563716699,0.395993935210183,1.40147504998753
-2.60091551840288,-0.288138628620751,-0.22250458479268,0.614768107737563
-1.19249303360134,-1.19344790651434,-0.167401718292052,1.40159996312314
1.59466934794647,-0.91790491864277,0.8255502181498,3.8395162952179
-1.04679411035082,-1.72411116263715,-0.591830262234255,0.213231087773498
1.42804803387786,-0.924197759729165,1.17276618169807,1.69652689588825
-3.97889453483706,-4.55511088069488,-4.78757920615422,-3.42517507346643
-3.14377633849387,-3.57383159815444,-3.43231926706771,-2.15845431990942
-3.05649806441227,-0.16476456348334,-3.672034253403,-1.23344483144267
-4.3608957671588,-1.00301382708392,0.524567278830306,0.464380598145525
-4.23968203627354,-2.06880299400489,0.237362751641461,-0.176671442803598
-1.98075605796599,0.875845101364704,-0.693294572392407,-0.537519304561968
-1.10676251195471,1.17499260002813,0.265229884235891,0.109034831126929
-4.9095392873028,-5.31271882420174,-4.11788720441298,-1.75784319311886
-4.26692849082692,-3.07615736793213,-3.86886126416597,-3.67163182309025
-3.46423467665438,-2.81142333985754,-0.62237182947588,-1.68202267090588
-3.4922852598048,0.972732430251069,-0.605194842104926,1.23191623662644
-3.64083381089151,-3.27208901286867,-3.37678429520099,-1.95726940299659
-2.19544516655915,-0.0998327748961134,-0.185539865834809,0.609738413178033
-1.9903851405367,0.678412484906656,1.63201410272269,-0.33019081460239
-5.08121070823022,-3.30050485665916,-0.887387206628172,-0.500850954803268
0.591260575747712,-0.460683806440139,0.908551851390964,0.0159238846745241
-3.49471668874215,-3.03661552494454,-3.61602809757756,-2.96420249046855
-0.547450298163296,-0.719043467862844,-2.4790283239554,-3.21959987521783
-2.06492216466202,-2.22159505379667,-1.09658350639164,-2.27850317375556
-0.849249143781753,1.88634618468263,1.96357486407966,1.22881804948766
-0.517994152923067,-2.37990539884658,-0.214507658681636,-0.850564817969115
-4.61669183799423,-3.18785911715867,0.602905735691782,1.03022582686749
-1.98249999772165,0.137448968145467,-0.787724312687577,-0.306327420366649
-1.45517013524249,0.0732924275365102,-2.01652508958626,0.669025458907061
-2.45811074246764,-4.50192587486227,-4.39749500855134,-2.40274697365647
-0.390303693816263,-0.758679483428461,-0.135208693690148,2.31862970981232
0.630496389290907,2.14807223868107,1.20174180527164,0.424204825266166
-3.3320664205436,-1.90407267304029,-3.15202065160895,-2.18471309476042
-3.28519510849282,-1.58046878797088,-2.77578237198626,-3.30056878694437
-3.33595092594915,-2.56503988781737,-5.07794616611804,-2.88450945172091
-1.68205849793811,-0.446960372881433,-2.5547921984338,-2.34704537479332
0.560048384682692,-0.906579489211667,-0.729637086757145,-1.33774463232979
-1.27468219579207,-1.82096213153194,-2.41762838192162,-1.66866384418187
-1.45403276548111,0.306503283764612,-0.147054453677491,0.420518410664644
0.353790809830386,-1.3012299211575,2.22366801250947,1.46444671086484
-2.58044683902987,-3.14756580607611,-0.554764294491763,-0.997293896255729
-1.17603303103868,-1.51478295355962,-1.17757450497546,-2.10060422777415
-1.18766360847591,-0.0332218803257979,-2.31313225831925,-1.62371511145985
0.00330044833644999,0.506031678318347,0.896252278256374,0.92741430617006
-1.72595753160996,2.2216080369992,0.990538373921357,0.760873279310153
-0.87696308070926,-1.91988901727236,0.260104066548848,0.917567464885391
-4.03890919567126,-0.722319819903576,-1.18754624530883,-4.09379396923038
-3.09391413776135,-0.658279658708067,-1.0068284787708,-1.79491285213859
-0.470665161019077,-1.10251064861345,-2.15566755643818,-1.26209478741756
-3.07044524445752,-2.77699667918688,-2.09308896260229,-1.60861214603591
-2.69490701114205,-1.26608429811977,0.911912456304678,0.466052171644499
-0.549589885494618,-0.200311709671561,-0.358998212623525,-1.67517854940239
-5.23570643676815,-5.54295605311974,-0.561613297038502,0.0104480242786563
-2.27080674167318,-1.37828140858631,3.43723024503327,2.45867441980696
1.37622803657512,0.500884476320396,4.1020711193101,3.5484335291831
-2.41654671128422,-1.26443538375637,1.221812636866,0.27478528014865
-0.807160107573646,-0.718300754293844,-2.34729042017254,-0.471872056494254
-1.39462760903041,0.57145253984417,1.21253681513441,1.0163975449051
-2.1633919205433,-2.80712109381863,-0.00154104931076632,2.87580345278725
-0.735675564132354,-0.77573594081935,-0.39467162701932,-1.54359370250024
1.3262745084281,3.42998789751251,1.12173773054228,0.34234345276362
-2.9153437111419,0.370529764065623,-0.842123142337213,-1.25070847796746
-2.63079385669615,-2.34176843059854,-2.43372141371491,-2.52248423835169
-3.8219432632858,-2.47505634799774,-3.51077194348517,-0.695786748377377
-0.752732343039553,-1.27393833485631,-1.01752424438204,-0.947182739210652
0.183951386289833,0.194342098048992,1.53118764970572,-0.271572932357569
-2.99362083075878,-1.97553962227724,0.0739006629033689,-0.552174220748256
-1.98409388746044,-2.4151660030941,-4.50596895452168,-1.75255475499526
-4.01566575489555,-2.91677799861192,-3.94153060584002,2.47569425901482
0.0898811645318975,0.0923624050629556,0.641961452031527,0.849714563546905
-1.25402435581761,-3.45445847877158,-2.98701162242994,0.207476380357455
-1.93921670015544,-3.21791530514846,-0.819557135481917,0.885088501469119
-2.62153858248059,-1.48267694207511,-1.04128875989638,-1.77940234373847
-1.16115361924514,-2.62940678590404,-2.66257931843021,-0.583290724910277
-1.539083649613,-0.263250247038488,0.453485095799768,1.55947533045694
0.71985870156707,-1.16964649188067,1.5543861040281,-0.339924788740098
-0.287202958523114,-0.325143097298901,-0.194817115686941,-0.291994860105749
-0.71012442694712,1.05261511578125,-1.6325618758102,-1.35864412296243
-1.58698836730383,-1.67563348531742,-1.50509948936853,-0.214128818781989
-0.476011286213717,-0.480615312791855,-1.55235261880311,-0.256120609710254
-2.16682135853845,-0.246730301195423,-0.299948494148531,1.14430362298417
-1.70187854068574,0.447985902879339,2.76228092090675,0.0234161757266463
-4.96243928510763,-3.62632783815869,-3.86356372801507,0.99965557709475
-1.58853304270614,-0.58145679574498,-0.576128868873878,0.0711674354500911
-3.90293775905758,-2.14391714750094,-2.95706775105885,-1.54357043820378
-1.38796089825461,-0.638575374312869,1.4933439464856,0.326546313072952
-2.79290828092367,-3.2812390099651,-0.290038784194503,-2.41426499899545
0.411194045631472,0.148935772457531,-1.16436922024969,-0.591959359588305
0.123890026125697,-1.23781911789786,-2.26471944570267,-4.66737868691589
0.621445265750859,2.27088683580689,2.58117698230553,2.6923905220782
-0.850894938926971,-0.0888333318725332,1.04798127291785,-0.633093138687925
-2.23532516241962,-1.56153807239578,0.299672993493768,-0.0187678338202507
0.147039489349867,0.735352144695032,0.595897542415882,0.799317021084016
-1.28137166086645,-1.1809584324212,0.0367161464217933,-2.06677707904595
-3.61446353249783,-5.52043040569125,-0.975959273857944,-0.630182082115569
-1.14158705394493,-1.13570192249362,-0.945945514869302,1.31565350320402
-1.33721851026125,-2.0576067379742,-0.551459599107305,-0.701573663687588
-1.29903376985451,-1.17297565744154,-0.671923754217877,-2.48588018638947
-0.56479977302342,0.105440344223579,0.476097103151184,-0.272706785071714
-2.78570638223674,-1.63444669960763,-0.0726499935103995,-0.0250529071251112
-1.33049102011278,-1.54175800813143,1.44194339880682,1.73062955614565
-0.322902222695964,-1.09460311591682,1.35829147714896,-0.248110501799397
-0.834224461409242,-1.62809305163816,-3.08270675007223,-1.68848819016509
-3.49636938454884,-2.163998540082,0.553403603885194,-0.668748439125584
-0.790545461228938,-0.493169191512314,0.335646487405086,-1.8752989930124
-1.62510046967522,-0.829031943447867,0.0533819843126676,-1.22310338463659
-2.00889069002274,-1.0460318301516,-1.3541284349776,-3.18730656945355
-2.55915426333909,-3.37698789637226,-2.54093354553225,-2.81016171393017
-2.20837201111341,-3.33539547109279,-2.28373057831127,0.272092887201232
-3.5723947696138,-3.50723401792059,-1.80646991733427,-0.813720308455907
-2.05789014467818,-3.59782591694979,-4.72976529182245,-4.11101246847584
-2.42803304388013,-0.68509626614881,1.37300141503613,-0.00506147149223835
-0.45378046647009,0.525649652448578,0.999865924841489,1.17734528689668
-3.46271627363623,-3.35889301082771,-3.82231537415435,-1.78900284535813
-3.3995763140559,-2.31531114747738,0.642398563529338,-0.964916074420643
-4.01674030472651,-3.21676973051281,-5.46990266275113,-4.04839143558052
-5.05323849757202,-4.01412917792187,-0.535261607590731,-2.14205308848198
-1.70765704937031,-2.66056431973427,-1.25162018976301,-0.556907905855278
-2.95745958737594,-3.73131644810714,-2.119782206277,0.815907960619806
-3.34149893104345,0.126799721165399,0.991966744620192,1.80462463756871
-2.32974206282956,-3.66097027837621,-3.86676538707155,-2.38805736934359
-2.61086847745352,-0.536513992611091,-3.8685575588786,-1.83493105709056
-2.24661406271543,-3.11462553255702,0.087859162821105,-1.48800093792473
0.332693424253803,-0.307871787046466,-2.04029684996051,-1.65195352455259
-3.13462980837606,-2.17146891394975,-1.96378017494997,-0.444671095898507
-2.93093590777357,-2.24282430536597,-0.518103239188023,1.61617468417624
-6.72080908984291,-2.74006352771521,-5.00312848852735,-4.64465278708726
-0.373806880395426,0.307040328144057,3.44585159997827,2.302442112512
-2.95072902906813,-3.31197263873225,-1.87422990163234,-2.31524168070272
-0.65127771791085,-0.510493306322405,1.70336547778719,1.75217254236755
-2.87229192990781,-1.12271353949247,-1.25185893460356,-2.45851658426258
-2.56596122235121,-1.51587078250292,-2.44183082112105,0.0327140820805211
-5.31468644838664,-2.86896078859241,-1.90045107395249,-2.72009308641199
-1.13255461450823,-1.97967149809516,-0.534346453705353,-0.302409179071545
-2.6700395225994,-0.956053410947223,-2.65088693423065,0.147177690720081
-4.48635366562877,-2.89905638350803,-4.18487024823418,-1.61016634204786
-1.23197360986621,-2.34053298650707,-1.62379666240119,-2.22041917518746
-2.35771859028565,-2.22874660578276,-2.1390311449629,-0.619540172847675
-1.38008474155589,-2.52781804838585,-1.72392607999294,-1.9353439748381
-1.32882560750193,-2.08677465681401,-1.58280260397448,-1.13900528177333
-0.382548748420275,1.50198458687938,0.441096485547731,0.0652314107783882
-0.75256557570768,-0.365594284542608,-0.456603934820221,1.8699297372505
-4.7335521428776,-3.08771082614177,-1.44333999627648,-1.56012327002125
-1.12895605344135,-0.466981959220527,1.48102897283861,0.0437140319787341
-3.45424727564477,-2.12794321657812,-0.175714116548593,0.188010503317022
-2.19544194267814,-2.60034713960718,-0.63284030995114,-0.541651330791347
-1.03292510864161,0.0276509566742039,1.01130303533824,-2.08560868070923
-2.39123940831188,-2.9160978407582,1.70075069885813,-2.15784545270503
-0.809248456326775,-1.03174937828393,-0.769093790816986,-1.18020539017447
-1.47276842893782,-0.750393285650153,4.04813177497491,1.28622918924
-0.074252705512319,-0.329491238738757,0.744256936416309,2.30598920290752
-0.886132590649215,-2.77940158266794,-3.09537620526271,-0.65640059293611
-1.71020287821041,0.0108375420447149,1.01052533849455,0.77406163650648
-1.6286175640597,-1.73805032385644,0.747252876265925,2.97017133732417
-2.24400214958849,-3.68735038257831,-3.51074988627266,-3.46301347126339
-1.51892283213761,-2.39655213954141,-3.49539915080495,-1.67168739943178
-2.58827840879129,-2.58139877092744,-1.75113770781828,-2.3280957438829
-3.48994688367948,-1.54560411351231,0.265453077303448,0.0391473607370488
-2.0652406187244,-2.7395705737979,-1.78163280679998,-1.16817612478035
-2.67933108265911,-2.22234554824333,-1.93092635817538,-1.00096099556634
-1.62967704687036,0.988160586724137,0.881734931263526,-1.40923135880722
-3.55784290279065,-2.05340776622133,-1.9000230004782,-1.10587324958528
-1.93202056281294,-2.78460315909454,-1.35504780840527,-1.63570306300995
-1.31047269628404,0.0367303532222575,1.39889682428223,0.387488378437619
-2.55863140802002,-3.91411905187183,-2.19976251670345,-0.822897884894523
-2.98809781965441,-4.44512853767652,-2.25440628441225,-1.31443207139284
-1.77774183684028,-2.5756297561086,-2.31188571596232,-1.60538533056563
-2.40043757517407,0.280940631586885,0.69245981050618,0.537180793363895
-3.08925449328218,-3.87407584574223,-3.01958687403924,-2.20423142419422
-0.679407200083093,-2.17509403514186,-1.36688720435833,-1.71634547640295
-0.917354246995432,2.39152755310365,1.65774386062268,2.30744890730285
-3.09970495056744,-3.77423656125034,-1.75340258624075,-2.2898777068571
-0.787084267533403,-2.42628082083079,-2.14087452233565,-0.837781944215161
-0.701205129621876,0.294850397963637,0.153980231635564,-1.77081026343216
-1.00481257249221,0.14029413406721,-0.768433972284577,0.355224920488398
-1.67461961472045,-0.0480166450757808,1.06280787101169,4.26852867023764
-1.90326633613161,-2.87234019108402,-4.79190800544636,-3.42596537168481
-3.57816499558308,-0.139878312644105,2.70053996448564,1.45263696639857
-1.91634076683468,-2.12696357859232,-1.31155902156261,-3.10042831274607
-3.50456359591842,-6.05866463823928,-0.736468242815199,-0.04586930260561
-1.64289210628263,-0.722307963368492,-0.925550461282989,-1.86027509620824
-0.422619041261819,-0.971402128099628,-1.34789744596944,-1.98368292013887
0.715607509760958,0.568387794238207,0.136354191116377,-2.27886153382265
-2.49690591987092,-3.48524208238953,-3.65763675273904,-1.5903762530023
-2.50253866113029,-3.05264638991886,-0.668742770061397,0.365341707587304
-2.31440372483599,-0.742125331237842,1.44630034244047,0.0359048768508942
-3.05459857082739,-1.76844885747576,-2.10890119450868,-2.15978484915557
-0.010333592213946,0.489118327578333,3.84331004786261,1.06748537582838
-2.97825772654428,-2.66553367568032,-2.07578269983941,0.419773519783122
-2.29267418872382,-0.970263373264757,1.90747414660355,2.17989533496407
-2.51277533213944,-1.96521225884414,-1.14928692013693,0.770213522644591
1.61100685559427,3.58140398418072,1.78279942470184,2.05384144196851
-0.819892024460981,-1.94620524700467,-1.97887585650465,0.322188565072224
-2.20064017862132,0.523267834014682,4.63046934260736,5.61717827610107
-2.89362659409734,-3.99565930774875,-0.559208449151962,2.02578180104473
-2.78862043958978,-2.63178781214424,-4.39929005339802,-1.96151007836781
-0.0626693041499897,-2.29842521036237,-0.954632789902491,-1.81746021209952
-4.62778271889778,-4.24781297591876,-2.9272220301408,-3.31469710350429
-1.10806526454501,-0.316845870138927,-1.20211828132645,-1.85806441300129
0.196932616537775,-0.231119848956513,-1.26890564837239,-0.528182997658398
-0.812685183700702,-0.761537636823363,0.208873420905219,1.08535521127232
-2.73349739087725,-4.83112630038806,-2.43668015734965,-3.26152076524459
0.228089181875614,1.60826406745501,3.37083395741694,3.91783928795406
-0.0914251257832365,-2.39672636091151,-0.824616197687243,-1.48235474762178
-1.37359380376014,-0.189434183539786,-1.96089354396649,0.228231652827796
1.07502432669326,0.0981227121080482,-0.982487579904543,0.0404262724139954
-2.16132838759843,-0.824921466856765,-0.28360072773982,-0.771146111043732
-1.02508884154301,0.114336904152513,-1.43946729634463,-0.932246689910303
-1.59840496418083,-1.71169176656783,-1.46569655536912,-1.09216933374598
-0.242781535797111,-0.767155852166722,0.721750419998519,0.564277608805469
0.129617714136947,1.61523600835206,3.78331989348866,2.90296574680979
-1.7702044006345,-1.75300312244528,-2.87689818947746,-0.933872879997121
-0.409770215418904,-3.14157967771458,-1.61072856507215,-2.46242748697537
-0.624420968420048,3.5444414801208,5.68314883035957,3.4528257200851
0.925846709369411,-1.02956668954889,0.967953055515706,0.169825894090407
-2.49556583650454,-3.46613919456746,-3.79839456337309,-1.04364171798807
-2.20823169656094,-1.52569207506858,0.746244635466944,1.71767311684895
-6.52538262278487,-2.16622792059758,-2.10088071155305,-3.35624866919753
-3.93636685744774,-4.27284990894756,-2.51440379098404,-1.65268467073306
-1.79130420522673,-0.719419379099207,-2.64729803338496,-2.82189957412429
-2.48689949505035,-0.253829840412636,0.631373348568153,0.0376704896264227
-5.02931504691474,-4.16094586151616,-3.39527122647435,-3.30869438980274
-2.04342364743305,-0.928135075782324,0.818254878163494,0.197872291277796
-0.77376589008933,-0.46664072365821,-0.348559117711859,-2.17642533742981
-1.67888440478293,-1.45982065736194,-2.27343663436052,-0.652138956259523
-2.02121053643987,-2.66492208041203,-2.39548383826467,-3.25331186812734
-0.15369015896148,-3.01778161839784,0.600898781972366,-2.03980565954586
0.795069919210408,2.81907841251096,3.31590630130813,2.10242937614341
-2.54862188840151,-1.11970884598029,0.895203654482702,-0.0307759184300233
-0.354647726733944,-0.0809569436772859,1.62256815066542,1.03340396083888
0.14178470988826,1.5547281273917,2.43964597220967,0.731705112480548
1.24512244798996,1.71112685384387,-0.971292197713603,0.0182909996972949
-4.33186666909485,-3.06367461131277,-3.55113541786825,-4.31759402216333
-1.62080697020995,-0.396010950794183,1.45085411811168,-0.630293183773177
-0.865052991602602,0.578972912725845,2.3886275106097,1.99141125605364
-1.05574978783479,-1.48421800000683,0.412727187941584,1.78259336913417
1.32084588232905,-0.337939243562798,1.16610272155418,0.88798714667676
0.825129133488196,0.331831890215931,-0.92724912399113,-1.0817405509266
-0.385054384024318,-0.949215045433215,-0.691885483563476,-1.33641875904484
-0.314920301621839,0.458090078257408,0.717694756259746,0.334417513149317
-2.87682092060529,-2.70197575435401,-6.37157556942565,-4.56122748353304
-1.67961141497499,-2.46107528862906,-3.84104637969045,-2.03168543348501
-0.593756856716718,-0.471794906369168,-1.52826137888577,-1.12070615289363
0.263530143567682,1.92012463172831,2.0756815122248,3.53853856365041
-0.604955071908186,-0.838395144570263,-1.73925378504352,-2.4783163168131
-1.24643341546033,-0.436626588715482,0.943775157761527,0.312393802803337
-2.09779514941191,-0.864411512490626,-1.9621843166183,0.301275033643083
-3.87775242235027,-4.19847858824415,-2.39343446778342,-1.24612191918498
-1.70175842206607,-0.88009179872641,1.27326268794324,0.399650889174251
-2.12047459095474,2.75585550608321,1.42419787805932,1.16025595815531
-1.61503316036924,0.348655852174904,-0.447111052724293,-0.0285890759508563
-1.34835910490278,-0.891202339928399,-1.27604028440773,-1.01560328430126
-1.87006159388402,-0.531882541987846,0.242156631166032,-0.261936865773848
-3.37984302033162,-3.44310148174601,-2.34368865131445,-0.947856639701254
-3.87259379608989,-3.27368042147607,-2.45160561634363,-1.23169894823243
-1.65071391543962,1.89030061840264,1.32897932365517,-0.615430241790421
-2.23070017863575,-2.44791900329783,-2.35102066526575,-2.20434104215873
-2.82132745502761,-1.58415483870018,-1.32008090542099,-0.146998041845586
-5.10639123098117,-5.67556667197376,-5.1702527995881,-3.88323880376654
-1.71664555356512,-2.64443533922835,-6.14298333812844,-4.69546696812248
-1.54103030162271,-1.50893063714874,-1.98720363040361,-2.09181166913833
-0.507101322578287,-1.24162166855059,-0.77748735922941,-1.9023378170895
-2.10706633087248,-1.08992229256584,0.314833670456787,-1.34253126326092
-2.03058846092356,-1.70882088455668,0.765276797598936,0.12251590181311
-1.69076982196263,0.386628795622831,-0.655906539384261,0.297041974830864
-1.80523697513866,-3.36835656784263,-3.08359750567094,-1.6884296155026
-2.28314397787657,-2.07151915370737,-2.96832162068841,-1.13060334245958
-2.11810600376238,-0.928935778910834,0.675236791622915,0.829411443153175
-0.7648362199543,2.01211269226259,2.61696515345362,2.45616664857757
-4.02477244377201,-3.68246974016095,-1.28169099115775,-1.19803990262371
-2.27658761711689,-1.49136665727884,-0.591958673917684,1.77200489785736
-1.83020494955025,-4.28452861253768,-3.16198772179272,-1.71882342887752
-1.00727163859048,-0.31457030232572,0.990649637822463,1.43387825532032
-1.61828550664663,0.0116646374286008,0.752131614893211,1.23287052090573
-0.15239461962816,0.146988542842516,2.7642763425317,2.07399385437569
-0.856111553793615,1.496797663748,3.50846184320699,0.362756072287119
-1.66618412126852,-3.37291330720279,-4.43940301310577,-4.95789956737843
0.029230363849965,0.1397554106972,0.327428787562758,0.73204579096849
-0.441607076387445,0.0119800055947025,1.45094323325381,1.80563458522934
-1.61293097611685,-0.124744308828887,-2.85552514922301,-0.559002293672386
-0.520108338341386,0.0142596827470701,-0.739231233164037,-0.882095807625388
-0.670906904806293,-1.47327381488688,-1.33417196222098,-0.384638364109888
-0.29185890415054,-0.328053075010602,1.23182879829881,0.142093814551085
-4.58572150106112,-2.91145257844252,-1.81661217672147,0.702747211251809
-1.99848265670255,-2.6498660953937,-3.36797211767964,-0.341791644918061
-1.10659873332192,-1.41593948467634,-1.04580305639154,-0.353546045032287
-4.74962154815479,-4.45628769111034,-1.87761849376785,-3.44415138496254
-1.89620658367631,-1.67897382128491,-0.844483242058554,-2.27484841200992
-4.37204128762872,-3.48850174632188,-3.30215248665142,-1.35575579374987
-3.36571242366991,-2.71943246502213,-0.911546879243972,2.6257692033139
-0.341242151902134,-2.03519585133385,-0.326203168552955,-1.49233979091328
-2.31613775962761,-0.368685490866435,-1.19467100991943,-0.371432480273972
-0.556581641949915,-0.515224456602672,-0.0810046049750719,-0.534274520975648
0.0274639741740565,0.0372008321978926,-0.668564707363436,0.19210292839947
-2.48980336395334,-2.13670596598889,-2.63726272582279,-1.16761320887483
-4.52315194159594,-2.90414090764571,1.32809704028143,1.86978392342393
-0.31997035417608,-1.61837267685694,-2.74774343287227,-1.83097579946588
-2.7970700525768,0.935529157498372,2.22516087248342,0.39941891386001
-0.764944058671284,-1.01928134356774,-0.904264683579611,-1.21045580887128
0.421076920885973,1.39483223097005,2.6037165968037,0.391009667110038
-2.47112549625926,-1.75383535891185,-0.574964021510957,-2.70484849651006
-1.53285141917183,-2.85401676149424,0.203823888705104,0.409434385810958
-0.984785688195031,0.225330380206782,-0.394748415521027,0.0104453962141718
-2.86130387627399,-1.7058833076838,-1.77872194790142,-1.75621374655057
-1.17943126406407,0.815996649555557,0.795920456302014,0.924536406645965
-2.42468101251504,-0.292230318678738,-2.14076974818715,-3.51690163721904
-2.0066017240308,-4.03274092192748,-1.23194201459909,-2.78043071192847
-0.0556045308309764,0.055822130374674,0.547509758731759,0.949508717014229
-1.99242238142117,1.75992112572889,2.77716726913306,1.6180257447506
-0.217219064240875,1.41008914852462,1.4140993247155,-0.995060331186532
-1.99711230803229,-1.82529767046407,1.18192705322069,0.839717926687539
-0.715943150190715,-0.373804288312428,1.96026610978882,-0.806377834084259
-1.89193529143612,-0.324840719715008,1.28923690313791,1.0941604109762
-2.64038841719891,-2.62025494499827,-2.22418734408779,-3.86091680296301
-1.23749892222139,-0.574062135687576,-0.493429155779657,0.294376912113362
-1.00184877610974,-0.497004304203665,0.587687012885001,-0.371617200066811
-2.19802415831411,-1.52912818787081,-1.70220413471705,-0.287492386083212
-3.39839712127013,-4.05858578300971,-4.46911514354055,-1.31138421439919
-2.13921093209262,-0.2999977741442,-0.446063791635665,0.224158450990886
-0.749857288125062,-1.22344539540701,-0.61866568533264,-0.638695269041366
-1.73158725801982,-0.121611368835877,3.62592666479337,-0.00379458758175311
-0.211173536647391,-0.380218058373371,1.32786686707062,0.681865890098281
-1.27881483142384,-1.85438338662124,-1.70739405611837,-2.42674752031793
-2.26155855533839,-4.12939162091229,-4.99435965565818,-3.33488720986506
-2.05034069595737,-1.04280020015084,-3.08460591053858,-4.65282748973925
-2.50729858838755,-4.36250879790371,-1.63078609017626,-2.38047358510713
0.457914004825563,0.158383760889602,-1.15107555167129,-1.23311880577294
-3.36734476990797,-3.22675980957334,-3.39293486132678,-2.26908616454245
-3.72944719479695,-2.1889222608251,-1.41689884310967,1.77078758715733
-2.6317932828081,-3.51667955408958,-1.56895147411938,-0.56103204705457
0.420058677790449,-0.272485186918559,3.50690655066835,2.26191302977591
-0.444574338501342,0.10663670707498,0.825495477528116,0.894602819028866
-1.17789587245692,0.494756736688347,-0.513096213195891,-1.00235682725955
-3.74286466107375,-2.41345469809093,-1.75422165419342,-3.9051655334808
-4.19340494769891,-1.55340903907049,-1.79326426236668,-0.205322754478543
-0.397671793835166,0.123300438038315,-0.52446949884729,-2.02995836994563
-2.39679046330986,-1.3285694880884,-0.254609844277221,-2.84042472408154
-0.26295752514563,-2.33110269312804,-1.41824965868856,0.637139555891989
0.828589381789208,-0.178155670166965,1.76955201461494,1.50279764125377
-1.89497203437574,-2.53302644122576,-2.08698792302671,-0.905186222682349
0.567554078385179,0.763975235348342,2.50456124843433,1.40239541309316
-0.305161644380253,-0.773302153596724,-1.13475357882879,-3.99075970577088
-2.56566006037869,-3.11847285996869,-2.12927285857615,-1.80344467787447
-0.335657829533451,0.78547372119095,1.90471551684745,3.95045634988772
-4.5889786454516,-2.28709950438131,-1.39599002684382,-1.19101487867145
-2.83672714073959,-2.73709823432208,-0.413743951602829,-0.129169884867693
-0.81254948365926,-1.63202828778279,-1.74250928365133,-0.743555886878589
-2.49943700732937,-2.42168159318544,-1.7355209362079,-3.12875024862019
-1.33851492548084,1.15175089962307,3.79457057861597,2.47547501252905
-1.23983152362322,0.109847356091888,-0.369764073332843,0.582319441030241
0.89825424379766,0.501359307020815,1.14833220694066,2.11298461364393
-1.72370773682527,-0.95388631753908,2.15835976621536,1.9803169617636
-0.571218268988505,0.857091750533749,-2.0607129603264,0.118411610761386
-3.02179746865255,-1.9643193511961,-0.412866987490347,4.36438342004558
-1.8573671752724,-1.61594450851723,-3.31554362939869,-1.19858357127172
-3.93166583902069,-0.531373448359801,-0.00599619380898363,-0.77292206745436
-2.14287013084832,-2.33546902654495,-0.983271339518736,-2.93406527544008
-3.57299346647573,-0.299920588503354,0.033083043530683,-1.0258177912212
0.246949375526758,-1.68275691748224,-2.12621520825829,-2.25977232064184
-2.47408547794087,-1.46059342298033,-3.35305524651799,-3.48279535603756
-2.88563296268535,-0.355137403100373,-1.42215571576378,0.0276671195776836
-1.6232116749042,-2.94959371261242,-3.0562508158259,-3.55885460843528
-1.47456783005337,-0.207152445346397,2.53330945752482,0.444742342416074
-1.36903714550077,-0.521885536132871,-0.661835107412682,-2.21640977519981
-2.43902951931647,-3.21601317805865,-2.10728156615145,-1.37771904045199
-3.55873708034717,-2.86111601325486,-3.69663145066351,-1.83971012593896
-3.94697282452241,-2.92301808432358,-3.1568301430529,-4.37126133943075
-4.42417601235498,-4.22088169760095,-2.61235797277073,-2.69803411639392
-1.38761340064908,-1.81131260771351,1.17468351099518,2.67180893675529
-1.31084920580837,-1.31403986510593,-2.3374171778153,-0.799528374721152
-0.937549378722494,-1.52625786885508,0.535065894729899,-0.299716611446873
-1.66413729316644,-2.10383446415719,-1.59670875139807,1.47391972724544
-2.9322381581786,-4.07878491637092,-3.08243605372479,-0.836787797678537
-0.347650846429377,-2.55606304398739,-2.35206741584076,-1.22429934479702
1.10510827215758,-0.0259152065807109,0.663543797339088,1.21474199310204
-3.23633730695111,-2.56926987364307,-1.66153742577606,-0.000906290471045068
-0.142927923165664,2.24089225987407,4.32148668947764,3.23975249953445
-1.37506462948579,0.914285891568458,-0.126053277614532,0.585400262531521
-1.24110262269903,-0.378553172458138,-2.06876453477954,-1.70919134370095
-0.586723983964748,2.50445753213905,0.490132356150617,-0.906422068378589
-2.65553470537461,-0.583684466525591,-1.55249061546728,-1.34349379895341
-1.65256431459848,1.3377555709786,2.28332452183468,0.638492164726607
-3.56790858896485,-3.8288035883082,-3.75867871896008,-1.77699201287135
-1.62426005267091,1.75343941310228,1.52458688691833,1.26537620621498
0.216619382033431,0.0679006372326167,-0.46756749750346,1.35095099793354
-1.20398110689182,-1.37327812147257,0.215239066088072,0.384881710971042
-4.55905191718007,-1.40218648725171,-2.07566316881526,-1.47000946547064
-0.122624115218814,-0.522334868765529,-0.20186039180863,0.614773013305733
-0.880355430459323,0.707900290148752,0.238563159112792,-1.74155446321686
-0.941812368678113,-2.2633849411179,-2.14638656593728,-2.28605017113624
-1.70658727162113,-1.17933129094707,-2.72593819983887,-2.14646066701574
-1.41379458833766,0.618717939672053,1.24481959695569,0.16874629425739
-5.78420071548816,-1.3387621101166,-1.33348536027073,0.809979115520651
-5.25645837544159,-2.58545713095436,-0.663353124904938,0.463329304129067
-1.20360886928853,-2.61417302674462,-0.174814177861162,-0.511537175573197
-1.03327801394318,-3.14034838441181,-2.37121083548696,-3.24911105668163
-3.15222357912539,-3.55176908675373,-2.05023738517758,0.199529623751252
-1.48868513979173,-0.706125325656624,0.302181287074961,-0.154121198775174
-1.16704156355862,0.302897706492826,-0.599064783729826,-1.82054771912834
-0.991867813699369,1.44818640618214,3.97079908038042,3.90555354658617
0.508303471694994,-0.226477455646849,1.58299598861516,3.03961976574856
-1.91382071547527,-0.486008083685075,-1.03665912881863,-0.173112199961808
-0.270813903655807,-1.02355858041979,-0.857150384598123,-1.47110399240864
-2.89424909802154,-4.10781075864626,-2.54821306415215,-1.69757573121465
1.11635143738139,3.74582014866639,3.63194528534302,2.72039558435448
-1.35979698855233,-0.863207350551756,-0.26253585178445,0.0946994298361019
-2.24480720017238,-3.17777011132564,-2.164154267882,0.669204123222125
-4.33806172132699,-1.59315136625684,0.254785754941594,2.25367339679177
2.59804628539136,3.01428933029283,-0.225507643210406,1.60124009033963
-0.67872463742153,1.99966446524647,1.20094364533649,-1.0603095337598
2.19920278129401,1.48304405805048,1.15848929715594,0.291838719780273
-2.54407371317197,-2.26624850750594,-1.83044750532819,1.98465243249828
-2.99160757065009,-2.34640360479976,0.697823954263571,-2.15165946872755
-1.5111508633102,-2.72398381842457,-3.62942581243563,-1.5898213625538
-0.501508439267597,-0.348758361518341,0.591065017427924,-0.162633526881093
-2.39513580747241,-1.22504572197852,-1.77090399213874,-0.993754090508248
-1.54781102355984,-1.33632170937197,0.673976423961044,1.59267274861607
-3.08438338780048,-3.70226178579815,0.112156969276777,-1.52805729925966
-1.7004745477067,-2.87542485785853,-0.338256089082917,-0.965146721012981
0.166415183165756,-0.278552616553086,-0.464254070897885,-0.643457729317448
1.31182026284863,2.64025286549136,3.52490066013438,0.802450748785585
-1.69337632036226,-2.17514697249898,-0.998142600879745,-0.689764413214384
0.168338010787225,-0.0302737724251943,0.771182111711197,0.93355093333794
-1.67679391457891,0.25848227524157,2.50973228008858,2.14701061782939
-0.664596890454077,-0.177010374936506,-1.29966469727341,-2.6956186578013
-3.27675858785276,-3.27768400967099,-3.43722090736334,-2.36471003730411
-0.247870621829372,2.62700385982535,1.3809832031187,0.809909961423352
-1.45860320395254,-0.56089724188995,-0.311871341404251,-1.01649518229886
-1.39006068478625,1.44358380332949,-0.599843213404187,0.910577402232948
-1.21953224318588,-2.66350089016889,-1.826402119662,0.462191668385344
-2.04129416314058,-1.68972315459946,-3.51240064274169,-0.374228035672633
-1.53408357625143,1.39549742255542,1.15605600710793,1.66597192690045
0.719637385730817,1.1174591156673,0.166227296004675,-1.35622747861516
-5.17954868694975,-3.11128945988354,-0.883018993913424,-0.751838514333521
-2.12399291618155,-0.249819833365577,-2.62436865805548,-2.55199343430249
-0.422129839344044,-1.91169797308557,0.290765857908568,2.53684067084057
-1.57240260626088,-0.810733869902165,0.650566553827602,0.401548207238593
-0.775918376935064,1.34505367931121,-0.166022810174341,0.158807430679966
-0.508461154158303,-4.42331244774466,-5.41264530799167,-4.67864015843254
0.676641011291189,-0.897158004707748,-1.94417039021545,0.120279598043507
-3.03393733377302,-0.78545420031791,-0.487685196311861,-4.78966410001803
1.22858954364069,1.40138876969463,0.707552583547487,0.153138437729687
-2.83711328658451,-0.874021242193382,-2.50235671346154,-1.09987178075052
-4.51840803062419,-1.85842473738094,-0.478145141163201,0.799100933691194
-3.34159219017938,-2.77627966314039,-1.87210440873631,-1.28396971398452
-2.31409236266072,-1.84954170177773,-2.71830066021929,-2.59008739124882
1.1017680520109,1.65888367206007,3.67214170578855,4.61060665701157
-1.71643240928033,0.791186984583279,-0.323170702917674,-1.38102262494501
-0.159702072092898,1.59832094694662,1.63035089142977,2.48024519524046
0.0330541941246286,-0.34628612688678,-0.55783847655841,2.29749065159149
-4.03765652321544,-4.14815465153874,-2.99402771932316,-2.74304597057719
-2.03822636098731,-0.786423277034168,-0.139279769746478,1.52864091677442
-1.81101075208679,-2.42152795139614,-0.38263206890085,-1.20672277091973
-2.31927209033474,-1.39231457873079,0.875026630426523,0.601536691376923
-0.845055276415436,-1.55055024657947,2.39158562356625,1.085497547557
-1.05600677906513,-0.0401360242882901,-0.215918323878082,-1.26925218098171
-3.38665647245229,-3.95899316531905,-6.97807093077856,-4.10928202176641
-0.0233015462414372,-0.736101834125905,-0.73309088844769,-0.795361516098742
-2.30423025847722,-1.46068949954964,-1.20441086794075,-0.31318658815885
-1.93501243887353,-1.85936348145798,-0.955415736547422,0.735334125391087
-2.57358603303669,-0.660582119200398,-0.350605493049751,-1.82641061444865
-4.10920348186245,-1.27930369243858,1.30175135480961,2.67609273411168
-1.1543299254766,0.00819059636498998,0.0478729787717176,0.232065904127652
-2.12303848077111,-2.83580744358226,-1.44505876442008,-3.30805573337534
-1.59427837214298,-0.111878077235017,0.00385224950589414,-1.81292898632644
0.0210404527923389,1.01344738369225,-1.0593883808986,0.494250355727262
-2.39284338405095,-0.857884085340396,0.690335392769088,-0.873083227960225
-1.02135320312097,0.763940350197715,-0.244671609851156,-1.05805949877118
-2.44287475266723,-0.500790071376063,0.78622977246507,-0.961683684521465
0.174540045605181,0.144093512902221,-2.45465727858079,-1.86563149087586
-0.312839168395347,-2.26654120008913,0.454165715234793,-0.210171739659429
-1.73806375898031,-2.26737897070738,-1.22208898392875,-2.0165061385457
0.0268639984719607,-0.42641075581911,2.47820098166293,2.08975864483341
-5.27809549586212,-2.28469032841446,0.31201500707026,-0.727927733937171
-2.32083859002609,-2.20310333849713,-2.30889353145787,-1.21310092908012
-0.868849429917992,-0.807305400273824,1.93317986522946,-1.56705089703634
1.04645786837145,0.815714396386639,0.839441455964454,1.04500361761509
-2.32000162737508,-2.42013442136227,-1.95653972624387,-0.699760414198969
-0.417714531148695,1.90962685726347,1.78677970127095,-0.0426583793396081
-3.22056744431961,-4.31104175637935,-3.17671625899135,-3.18648957096626
-2.94223472791521,-2.69757202024026,-1.34739424319674,0.690741903821788
-1.02859466588466,1.48645088609003,3.60464218714251,2.54097727922608
-2.28639001201214,0.467411813762197,2.32677815704479,-0.0486086407664671
-2.78646056527106,-3.53573809207169,-1.93217879158494,-3.47322813909388
-1.57370302075106,-2.77130379072628,-0.748431230323148,0.765095455499736
-0.931743199620636,0.319867896786075,2.07778899724503,1.75528742546998
-0.484441009002222,0.541233435060684,-2.59865926337705,-3.97168273758764
-4.30775187554993,-4.76604383172515,-0.833471523230113,1.07775771729733
-0.0606755218668186,-2.72421888639054,-3.96618050147569,-2.62608679506785
-4.17109754970623,-3.36420971907578,-2.61437354944437,-1.63327451538639
-1.35641885080711,-0.019947166350877,0.730878832394236,0.163837194944148
-2.69547761390039,-2.06180584297288,0.323044102451963,-1.00419235039578
-1.7571023319769,-3.8271207847727,-2.8326039625411,-1.55084165581531
0.048222936622785,0.951465552338944,1.94425468577476,-0.0996108054827956
-1.89711376305109,-2.75728200285123,-1.61173781960474,-3.13326575505112
-0.137495448631634,-0.119710531478818,0.948321195808599,0.818469425057046
-1.03708655901369,-1.64716781926596,-1.89626733934552,-0.613453551507732
-1.13642342498924,-0.695790995292472,0.142629240792919,0.148569159411526
-1.42123779655089,-0.27706344357689,0.79465790807151,-0.516445635668662
0.0998253779089808,1.82700750978063,3.21008774697403,2.97237419341208
-2.6081893366013,-4.34688004971768,-3.39233743660075,-2.63222105392254
-2.17996183410742,-2.34660912252238,-2.69030535522963,-3.35959211725092
-1.92114852274442,-2.22458742680077,-2.66374091316314,-1.50141345733824
-3.36778047022198,-1.55086982282191,-0.557919286732532,-3.28529692501299
-3.34305738314493,-3.65501582132535,-4.74549420400887,-2.07041804380452
-0.944571846599885,-0.787075643181239,0.0556447904275632,0.582966564624383
-0.0157625975216362,1.86867164305835,3.18542919716208,2.48308982878028
0.281634803726671,-0.505061852368929,0.842025867363747,0.0114686445346157
-1.07964627629865,-0.168821298439998,-1.88398716187714,-2.44230782716681
-2.41651254197645,-1.32456934146487,-2.30258421084475,-1.80247601669604
-1.94457361010651,-1.85885867865048,-1.47141805727118,-0.262086702438241
-3.18601265856314,0.132487956181365,0.450964247587669,-1.08007942073778
-1.3024870768466,0.310823308732011,1.76481892512252,-0.712742817250467
-2.60023372515841,-0.0965292749043228,0.115896116646101,1.93599927596203
0.576393416231171,2.89019679452663,2.71078040821861,4.16751038545891
-2.65479783373102,0.00628551518454579,2.66155870543793,2.81825674741218
-0.213879445897255,-1.00663211803265,0.334178580268057,-0.549410966477607
-2.96067874023741,-3.14652921998976,-0.724163878579436,-0.773952510358999
-2.35541476809901,-3.12459554729451,-1.68714447209841,-1.48075050737783
-0.0225565897860612,0.504242872506055,0.428015558756929,1.84865609803218
-1.66649206843843,-3.56906379829592,-0.569734438392104,-1.02283279591608
-2.17622234348051,-1.78961623671019,-0.261305124293493,-2.2191754506056
-0.785812376601047,-0.245520510289995,1.60060913390392,1.58819653221086
-0.106010341116655,0.428603220537528,-0.381167635847261,0.637418774355375
-2.68846651059033,-0.28560425167603,-1.7114921197768,-0.977114541551971
-3.75751716597466,-0.339759963045766,-0.225898691873041,0.533981036719197
-2.91226274412434,0.00867001967093972,-0.60766833697589,-0.692073589125287
-1.58249760825181,0.0962405933176229,0.0755073945632218,0.687761722680869
-2.00917600926195,-0.862914210229109,0.113791341278517,0.2988784445208
-1.62996866757431,-1.54551194625424,1.36553701227182,1.0721795520924
-1.04490470674482,-3.49626052686149,-2.52212542482671,-1.55014586970043
-1.23271264806885,0.329715142038553,-1.28386363217239,-2.30526243513097
-1.80535294829622,-2.89111420690201,-1.12228667480841,1.21795904421492
-1.93715926626035,-2.05023797400892,-0.458672635731738,1.73804594449576
-0.167039581442638,0.150012274432004,3.93039163634063,0.209685061806518
-1.87798907565604,-1.10502088314319,0.846418677844914,1.69779042515749
-3.71420366713056,-3.07798765995021,-3.65135573408364,-3.93850815603987
-1.32948195911313,-0.170526932986714,-1.26285424412471,0.878817013708534
1.01942524576837,-0.593985361014384,-0.505748905441528,-0.896814660978272
-0.914176163086974,0.530414978802879,-0.475245725832346,0.296866722990118
-1.35259481076392,-1.66986524112822,0.468230808520746,-1.69748254707626
-2.81316783106719,-1.68280385104341,-0.2020005125499,-2.12115626229801
1.51077483238995,0.0713355731661975,0.754279194834238,0.148944627246514
0.631360218555049,0.2509709565717,0.385728399193442,0.242104200681545
-1.93435671683409,-0.471311403108844,-1.28386542876145,-0.541420063962369
0.965947854712006,-0.464083445697141,1.20678702048994,1.2456038652497
-4.15531139498907,-3.65820960182388,-2.88414523213402,-1.42182055485922
-1.85028707234612,-0.444151568992908,2.66546710545107,0.863618648156312
-3.0165355000648,-1.21783034901806,-1.13830041356338,-4.09555369349935
-2.91945007587531,-5.68888317089786,-4.42734025539944,-1.71168912735376
-3.32851861687878,-1.05206388855993,0.757896374258518,0.434820512578872
-2.14679049179487,-2.51964868328726,-0.538406364907521,0.414213769931766
0.134816079885283,-0.992904660456297,-0.93462323595066,0.884384196295333
-2.21389530514949,-2.1683922837514,-2.63571934089524,-0.605261018157661
-2.89948100994418,-2.36377211058355,-1.44310127660604,-0.81339402331158
-1.86615113489286,-0.137668690005431,-0.60454765282952,-1.0754351227587
-1.46450284673534,-0.367348626491724,0.587241379564022,-0.334099928384824
-3.27915768974904,-1.920766484361,-1.63464805525054,-1.28184235059834
-0.92704040993491,0.0284223096631799,-0.788600192957598,1.19256782631745
0.297566960562111,-0.449088602923199,0.184091424817758,0.0285933635515868
-0.260627879844802,0.219473547003294,-3.25353152693327,-5.12294182269709
-1.29602933551384,-1.38260941571192,-1.21558435422333,-2.61981929018286
-3.78926211651521,-2.46576980079004,-1.11024286186255,-3.09798045486829
-2.36125467802326,-2.1584901748584,-1.38057179982811,-0.772659855589121
-1.63022238224997,-1.42635078236154,-0.121790903208445,0.612796675519877
-1.37960750382003,-3.31963896303856,-0.482764885549667,-2.36152612154339
-4.65681255388017,-3.72941644244833,-0.683825157004564,-1.50503538016624
-2.49832428096416,-0.838982150772694,-1.18308807551593,-0.81552184204852
-2.69897502481318,-4.35717760584338,-4.92512208615471,-2.65096822456061
-3.73331834155728,-0.732625119460903,2.16140542718278,0.324214607994604
0.108309855437295,-0.992087986727604,-0.483825495183782,-1.42612482545667
-2.83327968797006,-1.80487981447705,-1.59324727395484,0.461203701065436
-2.8702353791968,0.29386054730987,1.4591768563443,0.371284287211917
-6.12843083831642,-7.91402235459068,-5.71619872911834,-3.06751918720208
-1.72452262831391,-1.77593500426419,0.99888077744483,-1.64069579519831
-3.023400177762,-3.97039110850136,-3.63603323179433,-0.224818579564716
-0.585250689911395,-2.98505375081743,-0.501322843486417,0.616851697033079
-3.24071020038981,-0.951228676756553,-3.52309973934665,-1.20434376175892
-4.93160225827041,-4.58395118296229,-4.9013882814268,-2.00392055247792
-2.70109123171902,-0.30251564647411,-1.12410577899788,0.0367141533896767
-3.61449816186012,-2.52566272251655,-2.23662089439892,-0.0635863044888397
-0.233819219318674,-1.12672691321766,0.339020420875808,-1.45583882587867
-2.43888227448069,-3.03953357477747,0.116329976648125,2.3838654094346
0.402990474868047,0.694856597950327,0.804440974301539,0.10406015581837
-2.57548928638944,-2.72955053789779,-0.935304305069609,1.01957948946723
-2.54160503369025,-1.37503203085766,-1.88277313826397,-1.98083253724897
0.728040411210999,0.0727642391802101,2.45290973995608,-0.631100102812507
-1.46166888095307,-1.16324337487072,-0.192122036454917,-3.00339256561137
-0.807209512482555,-0.162188157226967,0.398484375399385,-0.663564924458109
1.21725034776509,-0.0980344744049337,0.0224974980505854,0.597001935518213
1.69111389066429,1.06724600519624,0.856165889189669,0.775446009411263
-2.57897661075256,-1.74590181676751,-1.71418504864516,-3.12400444333497
-2.11652443068193,-4.27473704686725,-5.4989178163166,-4.37806651224734
-1.14213517762784,-1.10696584498096,0.115860421001616,1.82921134134547
-2.34142344032939,-0.3934686327696,0.438053863125567,0.110542119650608
0.11947625132452,1.07103286219387,0.573260068926313,-0.18645212253582
-1.15562949708661,-3.26759651172169,-2.41140672356121,-1.27891216401814
-1.62798025487528,-0.678479385386414,1.18276087796539,0.930126059620043
0.722317333148531,-0.00839302792868601,0.0212948800441187,3.43193493908641
-1.70600078394723,-3.14714579324463,-2.17988600293587,-1.64848073845984
-0.783196456025423,-2.32092821888666,0.38085848564655,1.34310978607647
-1.04216166065075,-0.929278474143171,-3.24119207623139,-1.35093588352835
0.459686203890028,0.795378244256154,-0.907650500537499,-1.53836161567859
-1.37006997448818,-4.16778149531307,-2.65036530354347,0.391867550955741
-2.44546128751481,-0.503742124897061,-0.650494288538766,1.89506574275385
1.04489411290486,-0.0624874947818756,-1.41027919794738,-1.38298653231522
-1.00620019228229,-1.90450428899321,-3.26304009240128,-3.55655467412532
1.08543161335572,0.982948038455347,-0.461038454702495,1.69176621114653
-1.95853538146589,-0.912415474233426,0.369437185764631,1.20143859905072
1.51106650554338,0.719693173814667,0.801559163354759,0.112418782171052
-0.409591437876287,0.623021059206993,1.89018000615155,3.06317707559607
-1.68859977258287,-0.928284233241922,-1.33831838494509,-0.369949659678837
-2.44154890574445,0.824503909370704,0.247609244726271,-1.09499693339961
-3.05077380309686,-5.67525397663146,-6.42185372952778,-1.87793878804621
-3.32974019177422,-3.37118211587018,-0.437335140864169,-1.65642281080198
0.19067864317289,1.04128025799906,3.54595788695303,2.07224753513374
1.17081275698912,2.04189959000962,-0.283284710322362,-1.51372394698753
-4.5139466513343,-3.16136423557134,-0.531007166130781,1.3298305364193
-1.44298802786167,-1.73040384268256,2.09184989258352,-0.905762184890104
0.440263519669322,1.94207432120044,1.89402959976214,0.676139169578218
-3.08559589752663,-0.85199222599444,0.447374174662539,0.998621325497954
-0.628401349370475,0.929619942485512,0.247612863266148,0.228604072624316
-3.42555813591054,-2.24110325980824,-1.4440444125626,0.305752760137746
-4.09437565947187,-2.68477654979534,0.0483382602727351,1.97246147449078
-0.906019785933761,-2.3905303299567,1.13808057875769,-0.31290499152484
-0.332689054816219,-0.172430961762371,-0.825594599339711,1.09931667936859
0.0947602872439391,-2.33827029754467,1.76599259694631,1.34516471083541
-0.732230566679944,0.638626997663773,-0.0965442020055016,-4.11869476747532
-2.33477212565702,-2.62326198754323,-2.02424709269043,1.19874166585127
-3.66588498924767,-3.16725315148456,-4.76602750856401,-1.49369764026994
-0.912868596324924,-2.97459183128837,-2.19579192475479,-1.48270245377725
-5.99495849105612,-4.50447659696724,-0.737549218117282,-1.26325201070223
-2.36100762112805,-2.27839898471043,-1.18738640046827,1.19609940352331
-0.559958384313632,-0.232856016319766,-1.55292277733144,-2.47181284050735
0.78849222977069,0.90877588830267,0.936839181148853,0.114366248091418
-2.00221372952978,-1.52299300045433,0.426902405675794,0.385998440819605
-1.72343301911268,-1.70329775369523,-1.43880617393954,-1.30670841456022
1.36443380685204,1.18913080413346,-0.68200685910684,-1.42381383641299
-1.12591280369009,-0.297004049018819,0.188253214326033,-0.54265328220614
0.141020560324623,-1.0743351409309,-0.905192101720683,1.08637923480891
-3.65894235300126,-3.30365132511449,-2.5195197481266,-1.46597334639835
0.527051114302791,-0.914496492834553,-0.495771675864296,-2.17381325314105
-0.864852221752444,-0.615553355094519,-1.15197641574223,0.969945066931828
-1.43260634538023,-0.166614158659149,2.32396217887736,2.32802646815107
-1.62609465848933,1.5904595532927,-0.0695855527260522,-0.667221093715188
-1.65006675107647,-3.97311665555631,-4.46605808318928,-3.14670180714358
-2.31399733971275,-3.57864220225213,-1.34338413366788,0.500079343677556
-2.71338363169823,-1.97948780718229,1.35350596056204,0.0622615434316725
-2.6035210857436,-1.85263588272987,-1.90317779124859,1.26227801950074
0.745288379658926,-0.17586691749619,-0.0641843719266011,2.56145786933754
-0.380318891726495,2.2569235323331,0.213611144514655,-0.47247304756263
-3.01206671272315,-1.75988834971175,-1.7001742657077,-3.69034974179929
-1.60593482304415,-1.21110394634425,-0.77546404493981,-1.39206242936053
-3.49181296546747,-4.9342207303086,-1.67037523473746,-0.233269493183254
-3.52226329479078,-5.41491458444838,-4.04807652285665,-0.132264162142042
-0.314208433993081,-2.69821817176732,-2.55452605418099,-1.0683174513722
-1.37201910084367,-1.41135688215157,-1.19708640366224,-1.91022160251168
-0.289787876362632,-0.158413508783423,0.239960275233403,-2.82890597358288
-2.31220785044545,-2.68204990232825,-1.61266976008655,-0.486824325760173
-2.0794778745009,1.34634591994838,0.106561082601695,-0.690460072797708
-0.0616943032923793,-1.30446220182759,-0.600684275462552,-1.55723868830091
-2.38109803312063,-0.419459446380469,1.44026756257933,2.85692732598381
-3.82257058599866,-2.67778461767969,-0.881980152544018,0.0548893616570243
-0.905476090174942,1.57646246197352,1.29997115762561,1.55476851867853
-1.21173869594994,-3.30414895508442,-0.67854411700449,-0.459690900357058
-1.14033448934366,-2.1162415917046,-0.414751780953007,-0.366233679268372
-1.96694826594923,-1.24356430883589,-2.77323179975047,-1.4170207690305
-0.106408736944715,1.33303434498269,0.593320019728477,-0.558175187460725
-2.68066135167259,-2.2981423369275,-1.95973118710323,0.429577211354316
-3.16770893851094,-1.32822327713793,-1.43500621745756,-0.788045166675044
-2.11907693568601,0.785183307243886,1.7394136443284,-2.03712559923715
0.0778263896861472,0.848374928753314,1.71121041153669,0.552597892851197
-1.8643315311844,-1.27758045444686,-2.45917418243503,-3.20541182910384
-2.3281545253974,-3.98867611132703,-4.3761947619978,-3.30786177602063
-1.6594334459455,0.29485606203895,0.81786277461451,1.03999295016439
-2.57877146223976,-0.731313214028336,-1.58331405493247,-2.33985130007057
-2.28202894566305,0.812300646549247,1.42369257987761,-0.420053616672796
-0.950467938248065,0.13932595601139,2.10012657683052,2.6366821907571
-1.47066620610329,-0.927052704154495,-1.48721358500996,-0.858119581589764
-1.23067791020559,1.25213596264938,1.16810145311716,2.91410962361799
-2.35881972335075,-2.1209918061445,-0.927656810900614,-1.9310864002939
-0.893765809787575,-1.18524870789952,0.165824369160516,-0.000106462662080364
-0.294561054434717,2.21954832987783,1.98155830512131,3.18157907462946
-1.3008987599505,-1.58698195262768,-1.60729845706031,-1.0821683878336
2.24541318218746,1.31868374002606,2.60992991828716,2.40990891669693
-3.00367703272298,-1.28222631704972,0.462738537977402,-1.08308528836856
-3.32408917360264,-0.638265522027597,0.967048189594733,1.06326113634519
-0.770657932491544,0.109132636078976,0.875117345862606,-0.0113811899136009
0.174864761027732,-0.539867831464469,-2.57288097804201,-4.48100412393831
-2.14394036113188,-0.806778744695723,1.48504706220011,3.43750601286498
-0.137379861662443,1.02602990641759,-2.24975450738501,-0.568843616819101
-2.19677931313331,-2.3915353466576,-0.65774217901312,-0.480234756998217
0.112420802371542,-0.0450433810431002,2.27998157816062,-0.833074207339632
-0.103443429167795,-1.33686284771312,-1.48629972469833,-1.72129842263422
-0.460079972316043,0.150684741493174,-0.0744893107916533,-1.25812653854472
-1.33693093838577,-0.659159930215188,-0.70746175457157,-1.27371924640436
-1.29751738026162,-0.879566042242694,-1.81656987331028,0.310531237279898
-1.9933322173388,-0.423099361196389,1.00705727561928,-0.515888588001049
-1.8052355943794,-2.29484362988707,-1.05046601445502,2.55572782608737
-2.90204359826474,-1.44672714388494,3.25437346845819,2.94592794970045
-1.62664415753158,-2.37526486957696,-1.25926986826193,-0.261029091015524
-0.803329906581885,-1.12871731894836,1.10019662201818,1.41232235963029
-1.65827082938218,0.548309240131502,0.846841818542827,1.58375498157468
-1.33455800191836,0.458601246319997,0.144665399336228,3.6188810397215
-2.12601977418247,-1.81272260819368,-0.404023497450317,-0.960155985832285
-0.348519436445313,-0.961445340607234,0.0634480543222428,0.153538209735626
-3.47160116670955,-1.08338670700859,-0.695918248383565,3.22302971356656
0.963860999286314,0.540775131933522,-0.763693156715316,-0.840369055424112
-2.33508931717011,-0.847205393914388,-1.79734571784642,-1.4157819704663
-1.12830030463068,0.953308468670138,1.01255710977701,2.72666713745574
-2.78573820943181,-2.80853682995861,-0.951240178676068,-0.0328436409158037
-3.49246802053913,-2.84739116694756,-2.7365751316268,-0.301346386187754
0.0962943481978789,1.43546033732543,2.00067754002232,-0.276170060728257
0.282622365318862,0.493162326002765,1.0553111975106,0.612230028278091
-2.26667326939432,-1.91022253248364,-0.389450911968132,1.61234741963007
-3.02961770771454,-2.32693760396746,-2.03081172197388,-2.3241157634797
1.81431201716798,0.918685374470467,-0.19724683327855,-0.731002106328897
-1.0858122399513,-3.52357511088549,-3.17131715250293,-1.01688586749181
-4.01017561848581,-3.13710967193384,-1.05869731636738,-0.647588618013129
-4.94907307455005,-4.50156577796336,-3.7192237666525,-2.63786746568644
-1.5629402329051,-0.53013415504842,0.510431134542207,0.190484716916668
-1.45178681984096,-3.29607863610996,-3.91934514094143,-3.20170452237262
-0.777174724117633,-0.619324305668032,-0.748954383554111,-0.545991662232526
-0.0964468307988278,0.579460612160274,-1.97979050561431,-2.26851027349099
-3.89279431250425,-7.02476453810121,-5.73285968203899,-6.94115352686936
-3.36103949155961,0.16837772596577,2.13530569396981,1.48184077136408
-3.53494962800477,-1.34853633329748,-2.31491566860622,-2.13274823750153
-3.43440068906326,-2.9268995059598,-2.21588914537632,-0.766105019930283
0.735573722529856,0.208130723104472,-1.06718105057047,-2.69229942612743
-1.0337432431022,-1.96109048401752,-1.75579677113809,-2.28519451046633
-2.34209952738051,-1.95714534660101,2.35983719143698,1.53901209233972
-1.18102846574652,0.177359692990181,-0.628111542074659,-0.0874672294965583
-1.14583329063607,0.847067152896565,0.170165307087204,0.11116166458196
-2.43716342552603,-3.03023974121392,-4.62800460128373,-4.50737457683341
-1.72084434944068,-2.43609881190119,-2.13224326520113,-0.00688663007796697
-1.78578258927506,-0.103472760704087,-0.0529834686201502,1.57574201985524
-1.3478830928559,1.87657159539912,0.298432489277835,-1.53315851629187
1.71555343084324,1.07905095798737,3.03260257774681,2.618178710877
1.45947093908486,1.24695392354811,1.18671529746116,1.10504478075488
-3.6898990343947,-2.88303421411532,-3.56643448467541,-1.66323693431838
0.654087410350443,-1.30062190665383,-0.974169639368726,0.914751343029501
-1.30681655851831,0.0564670539906529,-3.09133926378413,-1.59269492593116
-3.44830579492783,-3.6802153812044,-2.48416736531656,-0.432713930199222
-0.623635584532463,-1.46282929581187,-1.43606868647883,-2.8286660237013
-0.881357355132159,-0.323068953274419,-1.3209665057649,-1.99372300535401
-2.13964380050695,0.108003599446939,-0.761110552193639,-2.61209708022714
0.128368352095212,0.827291207081414,0.385459328555924,0.138288273310588
-3.03404957754487,-3.37212599591562,-3.38962947934412,-0.353304331596664
0.63658895771532,2.24529007532019,2.49753610197176,1.66430264556256
-3.49210027467538,-4.07944638339577,-1.29081354856572,0.36468167238519
-0.800798639581621,0.810145516955878,0.178610080910744,0.227017665464676
-2.51122715962153,-0.737332365252723,0.0358417183599571,-0.198891957668374
-0.656785631030573,-0.104175266938699,-0.497837823187684,-0.752568749488623
-3.17985791758601,-3.08837178237006,0.341522778733518,1.33602827887339
-0.394340270438347,0.299101980220573,0.299000992129635,-0.487991809802553
-3.32453214853766,-1.7599377134904,-0.88817723775491,1.27834538469787
-2.15855363926417,-0.189515788009118,1.08118144507557,1.10034641788051
-1.4438957010242,-0.547145948788623,0.347521805246421,0.829078832956693
-2.42591016364941,-1.94553677205436,-2.40907974283221,-2.52896556854723
-3.45286635940098,-2.25732976769661,-0.886617308220707,0.259046447668317
-0.659427588349904,-2.10565528244806,-0.406696616596928,-0.931226989184974
-4.53307498632285,-1.3575740102616,-1.9909750804614,-2.68401593054135
-1.49647630839554,-0.0287593650295912,-0.30822039153274,-2.51087162841591
-0.896858836260229,-0.6826637757468,-1.46793811986309,-0.339029148905881
-2.9562840549106,-1.33388933638864,0.829948011262518,1.23499822048784
-3.44854605447779,-2.34452441012367,-1.46902922658021,-3.44768464565596
-0.441301358501441,-1.34493454635182,-1.88210655337,-1.36642548171363
-3.23412507155188,-4.69342300688578,-5.43231357079479,-0.934102155697664
-2.60421385000792,-2.08544027588748,-0.259473493170743,-0.835382719343573
-1.37569217253671,-2.30882672866618,-2.28674621304062,-2.7890410764784
-2.1392155520265,-0.888074311125247,-1.21518969417069,-1.37005310332188
-3.71232298148983,-4.00518334733992,-1.42353283003919,-0.738905594930477
-0.555716148796918,0.559957213673685,0.547269380166458,1.25699315906577
-1.96733669854539,-1.34723303315556,0.353129764308065,-0.614020564808726
-3.00622050237071,0.521640627019956,1.06798873713053,-0.218871551408958
-1.65480923861463,-0.824932028076533,-1.12521515253311,-2.81949794357638
-2.65618723947559,-2.50039074214767,-3.65945746523996,-0.97096744966967
-5.22682703622325,-4.55192676793082,-4.12296127769119,-0.918674602475348
-0.0941566019325151,-1.30429541845123,-1.88449639807032,-4.60003959076322
-2.13586932051068,-1.05874745714998,-0.431470350355584,1.01904129021139
-3.48572266238221,-1.26967578254443,-0.579562348293155,0.411899769504427
-2.59269043201353,-4.25540387108267,-3.81254954856255,-5.14749088652047
-3.86614504162306,-1.97226317555895,-2.35288642877471,-3.53072592990488
0.116947763150777,-0.184004796719642,-0.0785761739987549,1.80860762250524
-0.500545508634646,-0.795023210259357,1.88962602893812,0.702329342363836
-0.0294870979343896,-0.966908884286112,-2.22638297993063,-3.13035375897879
-0.601118867049373,0.193094328378139,-0.242265871672608,-1.5305347932079
-2.45375112039132,-2.49659878277091,0.591164682659481,-0.64193730673225
-3.0516483299524,-2.25317461635621,-2.60437507266727,-0.925303664894666
-0.791258617838,-2.24914390134772,0.693149441373527,0.0230088762983418
-1.96643388980977,-1.83710544833888,-4.13834484988148,-3.36032778520121
0.787301732913782,-1.34491524949926,0.847119824184617,0.0811443583646272
-2.05603949105465,0.24256328402012,0.782436318006276,-1.09472866780664
-0.484452703103971,-0.489584252215604,0.625909056934452,1.94600854253379
1.14820443077532,1.68374847617546,0.269548300117327,0.801156196877648
-3.26725643637466,-3.56119285103275,-6.22921975811564,-7.21430079396062
-0.242654291886318,0.417420754349385,-0.967122263740328,-1.01918452166859
-2.94731147227085,-1.05871230896983,0.883643732902593,-0.59143701821795
-1.80416561921605,-1.77840314040164,-1.50968427551185,-0.559143833696541
-0.692372667062731,1.4457273885427,0.152970375805917,-1.3018163272959
-2.97371493977493,-2.11810062405128,-2.77963056375983,-4.66011179983301
-1.86393452027772,-1.06793358796111,-0.758608715452205,0.861086288225428
-2.21412353832869,0.421104689648908,-0.925176327104458,-0.40870495495712
-0.535285775024413,-0.27462762016025,2.22645576731367,1.32746995236377
-1.5682843668446,-1.22536694644245,0.897674896407946,0.929342114699738
-3.13108894019155,-3.79618849974016,-3.81367588743045,-3.11949549313866
0.0849943958450129,-0.380074960333466,-0.3116447725073,1.61254083086221
-2.51187438901869,-0.76938859269471,-0.404272607225192,1.14939289432818
-0.749547910830922,0.478694106683108,-0.847948065887178,1.40587805497203
-2.55830199240313,-0.647875334851958,-0.266353061183751,-1.8362279033708
-0.548970075498828,-0.880929302897974,0.235978282607555,-0.489859275534804
-2.67725708124425,-1.55830225929038,-0.372436904600955,-1.33119293206086
0.663975281031275,-0.267906309272163,-0.278309713407317,-1.11620938752583
1.72266212722223,2.40398589383338,0.471602892938137,-1.03172080113398
-1.78850986142396,-1.23348176731786,-3.30448961965864,-0.813717028241136
0.0804219569708933,-0.280333585548121,0.659536880464892,-0.649900253056131
-1.61749295353722,-0.958405516189841,1.86054161553854,0.966672429516609
-1.57267766040252,0.546236960238245,1.90826490147972,-0.882242667028076
-1.98692449485208,-2.51878790114843,-1.06987612476038,-0.0420202901655949
-1.59724225877969,1.05140203902581,0.249226749544233,1.45025658799048
-6.87004615955692,-5.65952398341198,-4.22584506285596,-4.27602773012421
-1.31804064845509,-1.06599553006186,-1.74794569418532,-1.34171512958374
0.41338948024515,1.50375492273669,-0.637035162335031,-0.873780679836736
-1.83535362632567,0.865261207071587,0.37911325917494,0.914672349903683
-0.513128416671035,-1.36785404702015,0.31110676521676,-0.00951299545421813
-0.316145268011339,0.189643818448735,-0.425476240321693,-1.08277634486837
-3.37786321658732,-3.01728674091899,-1.41604183462422,-0.217309262930515
-0.0585033889292711,0.273453669209606,1.92404283135763,0.566048045640135
-3.36224942171668,0.0256665324534845,-0.709898884934337,-0.581161665813553
-1.44510393669217,-1.16731456617233,-1.06269940209343,-2.41161204168169
-3.33501650782607,-3.19819149420941,-1.28645629970411,-2.60492994373899
-1.4759691632147,-1.41192585709077,-2.97576577549217,0.787050501397287
-3.14815018341569,-2.71472109617553,-1.79416142846133,-2.33894237932066
-1.98084600423864,-1.91088183401437,-2.22669742086271,-0.421280658255287
-2.89224332621934,-1.2398299236249,-0.0596343789885487,0.907663997029629
-3.14595428049809,-2.25952335356846,2.37282363926533,3.35483902496765
-1.37360266949021,1.35331104780259,4.19812842236988,1.71238216519085
-3.21241249126215,-0.203277947226818,2.94463619353862,3.5237074860648
-1.01219239060564,0.279458264084954,0.271862601312909,-2.24226612789044
0.604536102240415,1.12275073785269,-1.86993206972812,-2.71694536743418
-2.26796778190849,-1.9408587534718,0.465543591712492,0.558245261929121
-3.13384721257589,-2.53573018603984,-0.338741117758396,1.99324357258725
-4.09193401235379,-2.73206328842923,0.734652018173612,-0.148900821980841
-2.83071619616158,0.193421774852864,-0.585913951534352,-0.081371443723217
-0.441009797026988,-0.88154828265564,0.333464535799362,-1.29966809647026
-2.02054400843796,-4.1291777549574,-2.24212404617971,-0.958147227472578
-3.0436943393877,-1.31795394992341,1.06866155136759,0.246120468473161
-2.31126972467586,-0.771651787108413,2.76084395476492,1.15372558202516
-3.67769096226876,-1.95944145369436,1.41792216074993,1.23575840237088
-2.24280921153324,1.25238031513171,-0.333905289758603,-0.452107311356651
-0.788293509160375,-2.90099062119119,-0.939082154207911,-0.755346290602333
-3.28095660893894,-0.95489034295038,-1.29473378114952,-0.710499148350865
-1.60700520877583,-1.26160213842083,-1.63194757652637,-0.723932931084192
-0.0411607391558208,1.71988159691094,0.925746562027228,-0.801234093614038
-1.54034458881456,-3.59987095871774,-2.04358508450856,0.373253018010676
-3.18204429915707,-0.238996726461157,-2.78222567406715,-2.74366698534739
1.32489798594198,3.42433308420723,1.94998727210913,2.62184990055469
0.460201399115539,-1.49729431207067,-0.300548031652274,-1.09681086010327
-0.104004242278512,-0.0111184193693852,1.18010813509,-0.328147037978265
-0.973056297730109,-3.84980400310596,-1.26130972181089,-0.41443949640031
-4.51430911749719,-2.66439340341394,-1.78896758039621,-1.88899029961056
-3.29222874393647,-1.2089528128312,-0.262493190537862,0.999517917288167
-1.67636615698911,-1.23993130318057,-1.361902593145,1.6942698627052
-3.79064705378457,-1.27095661252785,-0.787013712840194,-1.19148753228162
-0.0434319208235576,-0.306815721907865,-0.00010989745734391,0.636368481666243
-0.829884752747369,-1.00474355655442,-0.691947367430127,0.302955061448344
-3.69611550037164,-3.7004165678712,-4.25560268702863,-1.96797101378041
0.344625439465417,-0.27185409292468,-1.69068971209478,0.687917209835099
-3.09340203575303,-2.85595353713423,-0.0357992324343288,-0.874320180782032
-2.73960466926458,-3.22332413920598,0.86506386235425,-1.5867961070365
0.566661992297173,0.154289175827905,2.01310893286981,2.99061440024079
-2.38415327031293,-2.73469507498867,-2.62122659560197,0.0638853635644994
-4.84702660551523,-4.61858677340779,-1.43785513196535,-2.34928892382901
-2.91325291123364,-1.25928064443031,0.513593235957534,2.1884662324887
-0.43121826676533,-0.234356470924592,0.167725229655199,2.67059768778333
-2.96998874886407,-2.00568313860545,-2.3712241710337,-1.96599145113413
-1.55615966603263,-0.884157343889138,3.0383979000056,0.884991209914975
-3.76442484280868,-4.27688106759299,-2.9600106077251,-1.68907968838415
-3.64657366491041,-1.42346683637167,-1.79597918711316,-2.71584407102326
0.262919618758639,2.85645525782646,0.628718190277075,4.94213613363371
-4.36214820818072,-1.54192705701674,-3.84272188260794,-1.54734490681303
-0.868125365657608,1.76073428516123,1.76620112998892,-0.174870952957507
-3.13783750560257,-1.18212157831251,0.094032154011643,2.56232779635643
-3.0019848468879,0.484562010130487,1.54636206993419,-0.86724867882457
-1.79006821173587,-0.618051127454162,-0.62319511662583,-3.29148796316734
-3.57540538435359,-0.46569460848034,0.14414182563011,0.0431683649496761
1.59686093941107,0.342706164225378,1.88321941725879,1.05278562168388
-0.659939530015787,-0.746954206722481,-2.36763491787293,0.787011119659253
-3.74504637769809,-2.98277269620183,-3.51416039221434,-2.97887989720039
-1.21108343530882,-1.44673484710938,-2.94294335963118,-1.35243851018164
-3.01668672712938,-2.18305544417905,0.236416680362885,0.669673897439029
0.868706469879088,2.11420442988829,0.031287415553819,-1.7795816878802
-1.58848302162576,-1.65759176867563,-1.79780072054918,-2.51629643455535
-3.604660687688,-0.661023293480841,-0.8106110834269,-0.272969800784263
-3.44331117123065,-2.31229644728189,-0.889025177789688,-2.02396185196029
-2.45102410249054,-1.26024580836312,0.843594574952953,1.59488029139436
-2.70596974725468,-1.14555747709984,-2.22339095120541,-0.713886975529473
-1.90198603568988,-1.47185453975568,-0.974457899924573,0.837196109328166
-2.83511736947612,-2.46766743246636,0.141885705045443,-0.38355924976352
-2.66766430143249,-4.13665736538817,-2.85845543958858,-2.14427856760312
-3.23719457705459,-1.47553653480569,-0.30653714270507,-1.62546992151823
0.283084721886703,-1.38008446565256,-0.737929170394939,2.12667810022481
-0.47506779425194,0.668170976670796,0.916068460648996,-0.575676320444975
0.893332158105355,0.715490542168678,0.406327041606616,0.169523155739929
-0.608004728946551,-1.43125899275234,-4.070679746298,-4.6199114270777
-1.02903847286691,-2.23015205951989,0.43403665209138,0.126221969064286
-2.77006931853868,-1.00934498973284,-2.32403769308158,-1.46492765719307
-2.35534342226648,-1.39320613302375,-1.60507669787073,0.499566735291253
-1.80288035830574,-0.518757075904936,0.359192076022668,1.41956691698132
-1.94057200306954,-1.382982962421,-1.73229553751872,-1.93087531480781
-1.62351620505666,-2.56426023828965,-1.08001452713664,-1.16923224910142
-2.33662787767071,-0.588478025216764,1.19693169883503,0.962770712030666
-2.54197088835321,-2.33579824449369,-1.43750072484478,0.481186185646159
-1.3070911355388,-1.33658547995192,-1.38980177931059,-2.05597621443348
-1.85550099038484,-0.353363927945501,0.211133244498187,-0.983274372211991
-3.0002753954239,-1.82267960382249,-1.15829233757252,0.920087529180536
-0.945769758220786,-3.84581875694341,-2.712944135249,-1.1141130003558
-0.924500309458799,0.0114582756434078,1.40119312332686,0.317334576692892
1.28704425120133,1.73341384617642,0.115030921265407,2.17666001979947
-3.90744887693561,-0.903573957239627,0.284909800075426,0.799281341499432
-2.86028042086274,-1.21982044513825,-0.556573986705868,-1.18576456598603
0.338691612488004,0.0311915831959583,-0.75936001543814,1.62858523320652
-0.748087213085484,-0.414904164093836,0.569067530512463,0.884289701133464
-0.525097650222237,0.731950534280061,1.33126298434536,2.77943500997145
-2.66737132987141,-2.50354377276737,0.365648038966686,-1.31772371301597
-1.16690721315743,-0.851139520385286,-0.0577896562741946,-0.75333791394079
0.183280538124398,-0.273396948401741,-3.08922241395215,0.878921569187911
-1.64188374783396,0.535084307824486,-2.22866144324154,-1.69308714547839
-0.5644079237167,-2.47607010696998,0.455594456113391,-1.38058819471008
-1.18538219628596,-1.07799727520269,-2.07489381046543,-2.34339584574799
-5.58798377695924,-6.2108827123264,-3.25083574891463,1.70513742876083
-1.98810833479962,-0.281058517101256,0.0136002544461418,0.131469836856957
-0.929632258263249,0.368539878879307,0.876820636433739,-0.329912023589307
-0.772105139428182,0.690952102773428,-0.082538456108893,-0.282946446268362
-3.77000613681867,-2.09136669688655,0.100542342877062,-1.10342994974531
-0.57834143683383,0.511155192632534,-2.94035331774081,-0.961842051343448
-1.67783976517543,0.310945025994032,-0.103749451888533,0.727125535544393
0.864716287129733,-0.612482082023805,0.482458675447071,-0.151892926665816
-0.617998759300823,1.94255200752006,1.53222291156148,-0.556524268002186
0.716318242512933,1.97847863904257,0.952605037707678,-1.78794364961866
-2.8934691638853,-4.29426131074772,-3.92563963368403,-2.58437408187195
-2.79506668220946,-3.24053688596226,-3.15502871856216,-3.0214556435259
0.152945012803442,0.0795810544667945,0.1292150653841,-0.871168098027442
-0.141164574016313,0.8985794315498,-0.405160728270681,0.440336717410767
-3.024024060653,-3.16768014959911,-3.04663252890103,-3.61613967227821
-3.9834864539907,-1.11142494732578,-3.23186809276864,-5.16322017238965
-0.0560811818300903,-2.33030803091557,-0.645942144494314,0.147548062742693
-3.01795583254184,-1.72508402590708,-0.448948535642072,-1.76880150491515
-3.06102803902954,0.507933581507811,1.74964707173239,-0.117468035996343
-3.06828540953611,-2.06562136410377,-2.43330021648876,1.07919032320953
1.50959700838035,0.350484672207289,2.1439626654713,1.386161235047
0.0836805538097576,-1.93425673403466,-3.05429036906467,-2.18922357229571
-2.28171355218771,-0.35814810512632,0.324640768275028,-1.16423993154032
1.36528929906396,-0.634981710228302,2.6513592741139,4.19334958160826
-3.78892914036746,-4.68689413624453,-4.51084888897111,-3.65505985322619
-1.08777954308256,1.67602639219386,0.286880516905835,0.767798908819937
-2.34578858736702,-2.52571068796725,-3.17155963252817,-3.51465676682259
-2.29206988481223,-3.03855114640024,-4.45082848688294,-4.08873984708525
0.114091741433352,0.95863204001802,0.906871471827716,0.736689666878719
-2.50960808177986,-4.20404969262131,-2.18916324769671,-0.841200960895009
-1.92803866485878,-3.89803110022676,-2.44143022084304,-0.17600432439043
-3.83900204891742,-5.11980703985443,-4.62973016851686,-1.25383980692647
-0.684026149695148,-0.15888523580858,0.284117647328889,-1.53128232942344
-1.33787010711728,1.99439285313706,3.31196175597808,1.36844586660171
-1.94673273801012,-0.889905324978662,0.508513878097155,-0.680887717423443
-2.24937446470003,-1.52297415429169,0.159553245101112,0.995373997201549
-0.834812910633089,3.49305200445434,3.84877968646302,-0.75233339764763
-4.03650417720083,-2.68787873013508,-3.1595593451408,-3.53177276822366
-1.70201409835934,-2.17135624020918,1.0104293081401,-0.48276753766357
-1.92177584041422,-0.508352319915134,1.57466591194801,0.968944817334266
-1.72896047760452,-0.0499632706071027,-0.74337121280963,-1.93926901946755
0.844390981638916,0.223838227678853,2.54833584433867,1.22424152279027
-2.43418881485877,-3.57512284771212,-0.316990561093755,0.1565368021712
-2.45326934247994,-0.0124658686261796,0.281532988932308,0.542194006204121
0.405414122867342,-1.13737639271136,-3.17692968397458,-1.9883351321447
-0.915528176549522,-0.512839357376083,-3.87899306887769,-2.26482110581785
-4.42192102798985,-2.34820655504399,-1.76794901221861,-3.12701310281842
0.437860628609918,3.59193285148938,2.50546595770491,1.73892528157128
-1.38942640766873,0.552226669347183,2.74927808737397,2.65338608633129
-0.673283218208168,-0.971051695287542,-2.18116158725794,-2.91199269635344
-0.519882899145881,-0.598053324580383,1.23252729691559,0.321563745592051
-1.53393113813234,3.1988954315537,3.49746267484229,2.45637140965726
1.51244000965572,1.2307356908018,2.55151386936763,3.62706519142238
-1.86823934936597,-2.02401826223429,-0.814213610367175,-1.82743330041053
-3.27670154952677,-4.98545186821112,-3.09036986168069,-3.27550902835798
-1.73455326140818,-1.08207916028641,0.288374020297891,-0.309793688844727
-1.87815546315263,-1.05039247334576,-1.37301861755289,-1.92957959622137
-0.447151734399434,0.54484443726723,0.141926889246791,1.36953673420054
-1.73359511608105,-0.75000973735378,-1.42550753723296,-2.64648561322256
-1.99347167704498,-1.29066137851732,-0.75348850710081,-0.0195697504965133
-2.49803030263999,0.543975992034077,-0.26501599798565,-1.82270511164998
-0.774448603034164,0.303438715844266,-0.98054393019741,-0.928355241522782
-3.88285692201682,-2.87411985757121,-2.39434259455003,-1.56629437352707
-1.85750541394416,2.46782318509693,-0.110884246486768,0.0718282579394068
0.343233581039711,-1.22780803304991,0.406449677581797,-0.877243083179776
-5.07627222242483,-2.89836655918208,-0.379602687355922,-0.381120380981061
-0.35988843772624,0.908908624353766,2.63302891124531,1.51975634816203
-1.01838804737282,-2.00505911733825,-1.53479919890301,-0.994042098084992
-1.26090301117325,-1.15637485449187,-2.30888117716321,-1.98780779951797
0.219660356212506,1.85781280689355,2.61842564434415,2.19250209280854
-4.59215958102712,-1.05203273975658,-0.685697463693836,-0.899849698253721
-2.38762034640816,-0.347394622397568,-1.11025089984546,-2.25908057730779
-1.05859052391903,-0.65359737616228,-0.0583457267455024,0.494436429744539
-0.669414626649466,-1.3337459926243,-0.105677651218962,1.28545403998535
-2.05155776309612,-1.93836678222715,0.113881284901107,1.02356561435962
-2.83229713297029,-2.6929555665985,-2.21854419199542,-1.59755260075653
-5.69104894518855,-3.27370665425529,-0.224908632163731,1.54208657272956
-1.4512971810917,-0.242275131365944,0.818813939967289,-0.68892748920906
-0.337610422163489,1.61481666449001,0.813629683677487,0.0397245819285315
-1.30435462186111,-0.471559152795771,0.383957281613209,2.88419988593252
-2.67284840285591,-0.875365138927929,0.92278469039597,-1.60369914646313
-3.11991601403775,0.431921651760863,3.46301054151059,4.5002303528293
-1.78817223493924,-2.11411543202335,1.14667762756854,0.00403198606354799
-4.41228956738654,-4.155387095141,-4.10685154923927,-4.14100055804211
-0.770226122925269,-0.355309137570187,-1.74444776778012,-1.65899222879505
-1.68312279538627,-3.31606135543779,-3.54985406900085,-1.95385286228123
-3.20631342166923,-3.05106634861805,-5.05052486919247,-5.83121557878875
-2.99680895919671,-2.49530512205468,-3.224758192642,-0.776591227991841
-1.21568105704886,-1.84000095633157,-1.48652707328215,-2.62170744597527
-1.15304791083612,1.29381519255384,-1.03931637121144,-0.676095878722749
-2.74993974344822,0.639117827398853,-1.62622818338583,0.335922077569948
0.154187268718083,-1.36511101838953,-1.39719085903487,-2.78919602500974
-2.69289040314449,-3.16587232166987,-2.86870676749307,-1.56910306792773
0.594984435736835,0.765013387166829,-1.22335225595863,-1.16853734020338
-1.34679153207945,-1.01515807412845,-1.84097351870158,-2.54423897175373
-1.59614049511602,-2.26224006683966,-2.10238717664414,-1.9116873932534
0.118399618528358,0.41174214957355,1.07725382558199,3.00277076652578
-3.52331530095552,0.488975856307839,1.72567132252915,-1.44783735459975
0.921918820379482,-0.324156492221408,-0.429360780630607,0.0160912659156327
-2.52802725774867,1.38932148757942,-5.03338968582956e-05,0.507823625326469
-2.40104274028418,-2.8915339069506,-2.68067350319946,-1.62667443533932
-1.67212580231824,-1.74042571701019,-0.568398534864987,-3.11076319113405
-2.03088208688111,-3.47082039923711,-3.65383761536479,-0.412461818230176
-2.28096037754602,-1.62521368333962,-3.00974161833004,0.276054171438789
-0.409291272781578,0.112618696829706,-0.0695164061056195,-0.203994029302311
-2.08577263025603,-1.22373225010405,-0.27849127186458,1.22583860874524
-1.1442705073686,-1.56707442457657,-0.712566395498102,-1.68761669200108
1.11257219782865,1.44462722674487,0.722439484431921,3.1636223231406
-0.888299426598531,-1.82205722979962,-0.52587459127858,1.461470474032
-2.14031660375183,-2.41245895030494,-1.93528834159956,-3.36455545195479
-1.56769489589082,-1.48155284155276,-2.44871508082457,-0.904459111011903
-1.98186668910413,-1.17441066258824,0.240309381899984,0.829048962482882
-5.3970974615501,-2.31260777131058,0.0120439163672823,-1.09644637739487
-2.65553084484309,-2.92552999426817,-1.45915626655545,-1.31899659261004
-2.63723302663676,-3.12467143957822,-3.05693111087438,-0.0232352104039013
-2.53659978114072,-2.74331661997463,-0.576769531811501,1.48736676627279
0.148413996431793,1.77582526382515,0.1183511467486,3.27255540498574
-1.43135794973282,1.83039764219186,2.64768404849578,1.95280643394468
-1.65247594388497,-0.656306018139754,1.16645825764949,0.721353334515454
-0.765953820445865,-0.97113405431965,-0.309285117693445,-2.76487430336851
-2.50928514937549,-2.87442629476746,-0.51418410877993,-0.326559683587656
-5.22616843635471,-2.59577238431374,-2.99664138213943,-3.82257208731929
-0.84673933566227,2.06107332064413,0.848213232115984,-0.144697914442831
-2.07306553380654,-0.554771700708924,0.396351043425765,-0.26635755195179
-3.83519158473326,0.0966976872655769,0.366224945973721,1.25282778901816
-1.81060763132481,-0.595302966552255,1.02957850506657,2.09032498009928
0.376048520638988,0.426531600051111,-0.062104699961634,-0.706631526814891
-1.69493138310763,-1.78910147953857,-3.08271569771253,-0.65975330208623
-0.748631247712698,-1.22993917683745,-2.92802805281022,-0.634462449731137
-2.81287659047443,-4.15056461494399,-2.05484568968581,-0.839230232486455
0.155118897192987,-1.59668431358076,-0.622428476927057,-0.921574965047488
-1.72534883275732,-0.224074081961815,2.15795609332336,0.85909921952131
-0.415794198019352,0.070766975816896,1.70902798802325,2.07425815811019
-2.61606804678229,-0.91724716351457,0.918962268916541,0.520829652516577
-0.648842561862845,-2.47987510750431,-1.58320877116121,-0.153704275433473
-0.160796854321681,1.37414941805059,1.93036246349071,0.863381209139929
-3.58458125227118,-2.51164384867427,-1.2448040426665,-2.91177530864333
-2.15259277650331,0.942105991600319,2.39152199430116,-0.0265367819051155
-3.34502118343393,-2.37303643093092,-2.95600006884548,-0.275972609308457
0.0194117467803954,1.36278685693578,-0.526469771634607,-2.85243614636636
-1.66687233181061,-2.05038480666722,-1.58904407175583,-2.02192684354921
-1.30538563937047,-0.37247460604372,0.828691158757824,-0.0642750428270294
-1.96631322397001,-3.47667498223894,-2.50991554091487,-2.66659404236302
-0.858980616702966,-0.123623498662581,2.88757821729497,2.03695689294267
0.242344048019909,-0.478192109703437,1.05505101136298,1.28442825415982
-1.78432241670136,-2.98616647597084,-2.03158845021985,1.07602568637433
-2.83293540644681,-3.34937992112275,-1.64464305638477,-0.556436290033914
-0.91285010893451,0.121174417262877,1.40249927089981,1.13100346378522
-0.772437425230039,-1.83657079227983,-1.97104732432125,-0.569197944566885
-0.818875027136937,-3.10943040081083,-3.37491978177892,-1.34723056851493
-2.07697715009876,-1.64498891569279,-2.26709917786288,-0.0481422531304809
-3.93686545162028,-0.902541637153333,-0.307589057859554,1.40184182544625
0.0926194344584164,-0.0892522295017713,-2.4554140111545,-0.830744109980171
-0.318498538256854,-0.207655795895155,1.17414025663793,-0.995546366676568
-0.735696642164979,-0.779580561108415,0.420649827536801,-1.17581955927174
-2.70228327031646,-1.24039088706125,-0.83507440291646,-0.779089952841413
-1.51493959253406,-0.389961354171753,2.08286687064341,2.28946974655015
-1.88314705973896,-1.3176278684173,-1.34755277318077,-1.23572455491971
0.592120308765043,1.71344975466486,-0.621312299022367,-2.06095354850054
-1.20292915579636,0.26795410168339,1.16308121063846,0.887501490783432
-2.75117377323485,-1.85526502912528,-1.36444841748366,-2.70155781029808
-4.68763066360673,-4.31048575791603,-5.50808907483438,-4.19013549660447
-0.537697183790854,-1.82479838514174,-0.905999684625658,0.856753089893604
-2.70100195988134,-0.897256691759036,-1.74130674301962,-1.0918602534474
-1.55862541902267,0.758245285002966,0.431666680970514,1.5543683785008
-2.23061206670388,-0.679058545307439,0.858080725880621,1.78475124526761
-3.46574637029053,-1.51203369252173,-2.22984476339138,-3.54293423104886
1.91109276490446,0.44414369916069,-2.99267784811775,0.192311279289164
-0.540378322213758,0.426011014712442,-1.48040910501214,-0.0206428076731001
-4.35326851039038,-0.711952319004179,-0.685993899183914,-0.535216546211408
-0.353704634114014,1.22268937967734,2.76070329886837,3.4947082211894
-3.56127792362538,-3.43969739173805,-1.46063178291941,-3.15474508268119
-1.81398544459502,-0.945239625921108,1.07180674629773,1.17968142048143
-2.21481038765506,-1.42316214731263,-0.569175224596498,-2.39161235382191
0.76805303214249,1.55891523742745,2.77852287367436,2.45549200192013
-1.22993532167753,-0.488174382969676,-0.372319711789749,0.0901060778719761
-3.61347634732725,-2.56632553485055,-2.62692198346885,-1.22794497026174
-3.6391969028534,-3.0403776009761,-2.9282415823999,-0.351677258416652
-2.44451554439409,-0.833891111061565,-0.90007905346378,-0.35524548966006
2.23398233912395,0.269976555519195,0.00578851370206834,-0.693869201903316
-0.284607099660388,-0.389615041484858,-1.04729637813437,-2.64736891574549
-0.309368085878368,-0.913241968020874,2.03714643739972,1.29252034253453
-3.47639868207896,-1.03297548925278,-0.29896593021301,-1.15514140642285
-2.93786522487077,-3.47681502520811,-3.16923022880225,-5.1235426329764
2.24514158495822,1.09446341610144,-0.789607568714735,-0.137535369552379
-0.368716167708407,-1.30889739172983,-0.931332490194879,0.115521577361956
1.26201918308576,2.55030082039442,0.732795421753509,0.918205089214173
-0.174750949247911,-0.715928589791306,-0.300110971730347,-0.0862209847422666
-2.50894897405062,-1.29581984486673,-0.14347436498607,-0.47058671102695
-2.22030815663868,-1.99112775955147,-1.58738995729242,-1.82212782535825
-2.23022155211652,-0.550402434297212,1.25349816630335,0.527413099606414
-0.972996964565737,-0.197829478816323,-0.846980129156052,-0.763234155714124
-3.64151082447124,-3.30778550814889,-1.93434991713119,-0.816347997472669
0.185071580001582,-0.629284172732417,0.45602405021675,-2.24357239730381
-1.00906688276041,0.850712203758318,2.21602035746892,0.174356982785864
-2.87650322154787,0.175910276195762,0.0551465574967693,0.320291785574534
-2.70652283540421,-1.77123047838178,-2.32265192564564,-1.63785605078761
-2.17286644116794,-1.34813046688055,0.0224876400387158,-1.40885973132996
-2.05024590738779,-0.189567198812051,-1.6144112642481,0.203865716304598
-0.0875194725920919,-0.758503322667678,-0.315209817918745,-0.492232760736624
0.0745198345695959,0.276983203131945,-1.73264381761817,0.129395345387334
-0.436347699622918,0.439071548210791,1.24047662990292,0.417201757118412
-1.94638016610947,-2.84698067417253,-0.745329215508647,-1.70554624874882
-2.68090244027463,-2.28124689479484,-3.8641403621754,-2.68845733939712
-1.94889358529143,-2.92816988288822,-1.45437546708269,0.998372137958778
-4.74069699515607,-3.99795113680642,-3.5018900288169,-1.80748217953844
-0.769385751310542,0.445900088607812,0.66172699520688,-0.258254065111148
-1.82199704012673,-3.0185246853914,-1.86890493982703,-0.8194018956052
-0.922468247610756,-1.58984559322375,0.0272622083590834,-1.38541978156537
-2.80324026334971,-4.2835773062552,-0.542505960746368,-1.15680505015623
-4.03913778036763,-4.2549741112521,-5.67288380270074,-1.84420168637947
-1.56209909956961,-2.38372717280517,-0.719661102248154,-1.66157403084969
-1.48188941120321,-0.535546294889218,0.569286795537366,2.30901390878253
-0.791257567799056,-1.14843471977502,0.119966619000791,-0.47730720813599
-2.54849734893765,-1.79097854883371,-1.70415318667868,-2.44188437346739
-4.01102825874696,-2.94927673750882,-2.21885736312413,-2.78746505384214
-2.93361476745434,-3.88019274082932,-3.06721941232428,-0.975734992701537
-1.57575195173905,0.20695892618282,2.09839276131632,0.874627363392649
-0.00602540989692657,-0.480741627508625,-0.759042768221741,-1.83927558437065
-1.40381231296481,-0.953467516192755,-1.5025050818359,-0.489246126969699
-0.238172379108604,-0.840358132147249,-1.08355401553413,-1.68461962727606
-2.91790589244622,-3.28666425053981,-0.918963284983174,1.30391921578714
-1.2899176844359,-2.02891819760559,-0.498651891481692,-1.32310215709284
-1.6151585015041,-1.55946620629043,0.426134283332785,-0.0912293317870787
-1.62410236243922,-1.896068346967,-0.386460107787196,-0.21814056887769
-3.83204047137579,-3.73941662633398,-4.66065059857387,-3.29930475040416
-0.812383669662029,-0.0956580563223725,-2.05132754390204,-2.65895993359449
-1.94297665119704,1.06034759983717,-1.43278326167352,-2.17026832267785
-0.748336263401433,-1.42128686734536,1.06067056022361,0.889482264467742
-0.792870156240196,-1.58058689665345,0.355939166940909,1.03635738692898
-1.12366776449064,-0.462399589312663,-0.0463793765742239,-0.0206744513998034
-0.338524411632303,0.146489775107461,-0.863864142700985,-1.52623026460635
-0.741360827186821,0.720461135730947,0.581407395636744,2.34887715931355
-2.40234814719303,0.844148869396857,-1.55717711491162,-0.53314219464512
0.0186732900649084,0.654138332605202,1.61331290074322,3.35403323506472
-0.193133486341477,-0.0782783465128742,1.4930981675639,0.382690040551796
-1.0334285097281,1.05950384252923,2.20027431098282,0.731697623467724
-1.1654776855618,-0.753311584140343,1.39411290727243,-0.131834174238341
-2.95425236943854,-2.87411631301969,-2.49030967293956,0.732949537625894
-2.99667247985408,-0.959836566193307,0.144009725529298,1.1078450391931
-4.68821522696604,-3.77982043489704,1.75412531538822,3.60328781177728
-3.00352946887229,-1.91882751971008,-1.89713247438817,-3.10170183576874
-1.28437846140119,-1.22476224983871,-1.69658755326983,-1.53381210445292
-1.86096205882196,-3.22763179677591,-4.41614350123953,-4.72891369571608
-3.19100426340221,-2.89285792631967,-2.79382702336816,-1.01493272665233
-0.553069997899889,0.145305762770523,-0.390532745390789,-0.655420844573796
0.823294174567334,-0.495479023177682,-0.71361085801338,-1.6718179939382
0.625624420911273,0.474600976873576,0.609039581069995,2.4997762741465
-1.72819150633288,-1.46237812605611,-0.671681293636345,-0.658378518709618
-2.32366192213787,-1.86622997586473,-2.39506802839742,-5.23258787717231
0.721726174380535,1.05553912125165,-0.569890682286604,0.432539472723902
-2.45115295809517,-2.75855535399577,-2.4838425574912,-3.15014616565586
-1.4579134959441,-1.88347092047967,-2.08425647731678,-1.97844161953792
-0.794723989502263,0.659615206293856,-1.47444242066208,0.289127038585844
-2.66210987568574,0.586856040309668,2.52594527688746,0.306771502739995
-2.60129197861863,-1.76288555092944,-1.56255922676909,-0.883681166987992
-2.97785214109211,-0.393067732734542,-0.146197311085109,0.157903458350265
-1.14432969589622,-3.38241633610374,-3.43213540178217,0.673194079127969
-1.53024314216687,0.666514932735103,-0.0795181506471629,0.448434135905436
-1.46746074340806,-1.94273832482064,-1.28473890690426,-1.2524047388996
-2.29845473824799,1.4933792196516,-1.89637007229823,-1.82348340888379
-1.31641501527263,-1.24366295061423,0.310579155484284,-0.553041279319262
-2.75435260218359,-3.91133023960504,-2.90085243867887,-0.168923085151318
-1.15013820914429,-0.162792098570117,-0.765168842185849,-1.59445098139142
0.519784589178469,-1.12762309506719,1.52007896536027,1.40907196084617
-2.3178287727053,-1.52404747375011,-1.64439239409299,0.601019758973203
-0.396488874793049,1.69710572892723,-0.0187596767957978,-3.53431459771898
-2.1476861333746,0.00305115228283048,0.073369440711146,-0.346397875855097
-2.84371663028608,-0.741168459020106,-1.27653395335045,0.82849186020773
-0.266563219252267,-1.00897726596034,0.216339107258934,-0.535204406679097
-3.25119432411647,-2.55699309536329,-0.302460657261825,-0.240679571638349
-2.75369556660371,-1.36779165453081,-1.08009843525188,-1.26741955691717
0.843764741724428,1.72436889883177,2.794786655634,0.242157779187903
-1.38376122419343,1.4396832750495,1.78613617734146,2.68355357588354
-2.53599937849909,-2.97256335133875,-0.951166414538948,1.26008032586606
-2.40835660250845,1.25889021360333,-2.49531806231902,-0.0179255709179855
0.562783262363514,-0.895649156380878,-1.83001232352892,-0.42579313262769
-0.925883922293286,-0.95755865866644,-0.0387058194414772,-0.333606622633808
-0.364974902794879,0.036458009325734,0.0692109778857594,1.23411399386354
-3.39695220169465,-0.831659295130354,-2.6249767931591,-2.60771992010245
-2.09096402977644,-0.416307105410452,-1.35810159854397,-1.49903437917692
-1.89216915750967,-0.00530915608555416,1.07840650453994e-05,1.03842608494629
-2.56260020825224,-1.76288461732827,-0.705253729519328,1.33149725470402
-2.17351855854214,-3.13098108305996,-4.26140266993689,-0.900265021433049
-1.17689069575814,1.53747396511699,1.05479368938468,0.34509314904428
-1.27140924499538,0.0327951159438457,-1.28780997729957,0.732760013047896
-3.96991730872203,-1.14954674122182,-1.7051624276536,0.0144904841983805
-3.35370142550218,-2.7750417900011,-1.6987482359648,-1.29786726757047
-1.43449900651384,-0.832304364351525,0.988155318608068,0.268512025427313
-1.60872310114939,1.00951824716708,0.407041244428612,-0.698198518935193
-3.36312552189488,-2.59449077719042,-3.14279734923589,-1.89075477797713
-3.83057913033134,-4.65295755882075,-3.27972573424036,-2.38478631571649
1.14033449735471,-0.178730506263428,0.312359057207348,-3.01360535802122
-2.00169036583917,-1.44045355937478,0.636450755029724,0.11989858819512
-1.32319363058401,-1.81452123427565,-0.529624712155166,-1.84679079306807
-1.81946278543187,-1.20566716728466,-3.04556768334296,-2.34514102719334
-0.544584880681367,-1.72318656609093,-3.5964773101974,-2.56858442808234
-1.25529276309921,1.32924802293808,1.12685673662247,0.534601326432798
-0.350090115712912,-0.210404991343863,0.983384742035137,0.604359585968556
-3.08140473507628,-0.50171602725961,-0.0527127497545472,-0.187584985921147
-1.64242841646295,-4.01493387521369,-0.741665279847606,-0.153729383371609
-0.112454770207027,1.35047207333725,1.72314009981403,0.944252506030333
-1.55038543840425,1.02834638280642,1.31660661151898,2.23649442658034
-4.1998162988586,-2.63211759626632,-2.21553232047968,-0.812554253976983
-1.83493359388171,0.166026005454404,0.752407805742161,-0.0944246663864607
-3.06132919049881,-3.52713122636328,-3.6740690759011,-4.51324044108586
-2.59707263583384,-0.669958060404097,0.132719578268181,-0.328586891353701
-1.4698200378181,-0.514501539388232,-1.67764066574797,-4.10150660345347
-0.119419698394968,0.479602728309397,-3.11772714324457,-2.01849544496201
-0.505952897065739,0.229603483067547,-0.186960072114596,1.78941543512695
1.53462737127912,1.80314959586912,1.17547083186308,1.34204362360464
-3.20236631926989,-2.60380116309241,-2.43697102190548,-1.14675244335662
-2.28429705874069,-1.30712588248898,-3.02038474167153,-2.20057484595791
-2.62593034829178,-0.982638686058697,0.0392853238745821,0.479723268872004
-2.60215597984278,0.425351157273186,-0.720720361437295,-2.51007212574806
-2.44199122532178,-1.30833071527189,-0.594893296412617,-2.38130883655894
-3.83935599006487,-2.12570611380347,-0.334854185879323,0.593157306009564
-0.15442626865958,-1.04776929203324,-3.94088963024909,-1.87027722374944
-1.11271472657025,-0.0712597632201839,1.56281054902047,0.398017741828472
-1.21192399665794,1.62022096231566,2.3808526323696,0.343701280932339
-2.01384797880071,-0.585862141447309,-0.471398798415122,2.13078192431826
-3.03797160926325,-3.44003270190946,-2.75784670680334,-3.52085336016477
-0.932887597804816,-2.40045504096472,1.00917860308499,-0.128412137904095
-1.94658278313819,-4.29285543330154,-2.84952944359683,-2.20146054717327
0.846964514714906,-0.0948636087379442,-1.3381183680546,-0.530027059395786
2.55414578999231,0.312897672202188,-2.03765928573889,-3.66643843334263
-2.59328159393486,-0.950509131874257,-3.29879622932218,-1.87783820520212
-0.96692956798955,-0.159820410818642,0.186111386131553,0.567120258214185
-1.61639737175857,-0.622049482122128,-2.13402519821065,-0.835903837660848
-0.631598581924363,-0.929361479863175,1.30326551872206,0.711009047024514
-1.64236509569369,-1.5692676864899,-1.7361315074192,-2.39965434144626
-0.0893508971708832,-0.566658758098259,-1.16391137665911,-0.106119308604738
-0.643218598004775,-1.83548100155607,-1.38258653208466,-1.63008148065987
-0.874591547847129,1.41685380289793,0.956118691053542,-0.720887937472326
-0.378945530838613,1.5731471025071,1.43167009591538,0.229894294463267
-2.18752287308211,-0.0544891570450017,0.460476565154531,0.74382523355066
-1.07138115424701,-2.41303497116379,-0.785426462354085,-0.61013941728644
-2.38690167107824,-1.77283854524946,-3.23598554415538,-1.94161693020726
-2.6008960849973,-3.87765810701464,-4.52945266259203,-3.54539816875834
-2.66841568677705,-2.12955481780118,-1.72166517618159,-0.942206410601311
-4.11684146194017,-3.70361228301237,0.958473449370099,2.32438633134745
1.88532278650038,-0.256459962706187,0.694867851906237,1.44120052319893
-1.67530203754073,-0.736616256948921,-1.25417315385065,-1.2672465730992
-2.76993813013788,0.82378746261802,2.98381981369724,2.01434876170655
-1.21941475047935,0.0396396724756743,0.895855646756614,-1.12345317023359
-1.46632558996587,-2.80401502808586,-1.12218190582298,-0.321834105062066
-1.46007255170672,-0.410392551710259,2.2536721868956,-0.5230293432679
-1.95978092113181,-0.419171271570144,1.27064170571389,1.51419315648941
-1.39911549700715,-0.369502112086025,-0.176588505895845,-2.24136477883528
-2.0546700878805,0.0403904120767207,-0.58676695813033,-1.07356106935711
-1.25023139167599,-0.156469150800677,-2.12558335397029,-1.75178976736444
-0.687333569521813,-3.447529297111,-2.92415951469268,-1.98154258620881
-4.76426018709357,-2.35058852311243,-1.98271945826111,-2.11332276413887
-0.831468685071521,-1.4787768474998,0.780553377835881,-1.5703440598585
-0.459499287173894,1.5282792432116,0.0875483261343952,0.615925924895296
-0.599442749008428,2.28814394051207,1.73311654860321,0.467543365580148
-2.31642722249028,-2.14928326428809,-0.297160697870854,3.12452508281015
-1.84607579137801,-0.484164849714176,-0.234384718470664,-0.681952947738778
-1.49643735444251,-0.272200554629421,1.95914913888151,-0.82360925152709
-1.48363748291684,1.96773043012163,0.471350067358397,-0.443109474554331
-1.76047627823796,-2.95705244530295,-0.420432552680746,-3.42752041607585
-0.316277659863226,-2.44882372272036,0.597828808609422,-0.110914169139754
-1.02269284595276,2.00041087656838,0.782302252406375,-0.390191000891272
-2.38722452523489,-2.32062346216609,-0.00680783180251643,-1.54897650341418
0.121583819765318,0.0467904155379794,-0.499709202571006,-1.72654804791939
-2.21761414434705,0.346541942223789,-0.956991153992737,-0.208284797125766
-0.0389975016585196,1.88785748260941,1.21461367905535,1.02273329779884
-1.3892302592649,0.248433837388909,-0.279735538256512,-0.0363472971872929
-3.99198458350066,-4.04506819264978,1.50826715657863,-1.26235280549775
-0.849995717912985,-0.0359914563495244,0.995012698287143,1.08254126568061
-3.94336284233711,-2.14789272597137,-1.95303404417285,-2.02236508632627
-3.50357672404742,-1.9524834096299,-1.05659587563297,-1.57571723373528
0.164329284466669,-0.76784943086808,-1.75179753899433,-0.495701871740718
-4.85807956827714,-2.13977738610268,0.781111128646461,2.33500751921009
-0.964077832648034,0.920635313464049,1.54963444791169,0.392451736306718
1.46582147994144,1.21659720814788,0.491747907322103,-1.17467526466127
-3.4098191574482,-2.89552078576159,-1.54839798221286,-0.778707201449895
-0.60397703493035,-1.05881745139182,-0.0398702410210601,2.81371159680335
-3.75772557137523,-1.88896100758024,1.32442193218131,1.1069316269183
-1.85290985641541,-0.239632958726069,0.0783354871878135,0.418737487576677
-1.03511936441336,0.560693790504678,0.321280295934573,-1.73777553016765
-1.18967937529558,-2.01867122503899,-0.679615066064189,0.851938878772449
-1.52468750191935,-0.195804608067785,-0.0732249600846651,-1.24306927877229
-5.38937015770559,-2.15540049901825,-1.76296723868616,-0.971263140821337
1.88060475803397,1.85522603368437,0.664400170806046,1.45851086260546
-2.74031156499618,-0.751471446646909,-0.213384543080097,-1.07122942237768
-2.3602324489535,-2.46237060150714,-2.01839380232572,-2.94896747900836
-2.04422484914178,0.242274365293738,0.540555390241224,1.05427767059141
-0.331680590985216,-1.50982558231562,-3.75931032892646,-3.22543989104118
-1.71226575898893,-0.439513875396599,-1.08407283286949,-0.14655782433169
-1.20845206072924,-0.485906273918455,0.228847390179933,0.847396061874969
-4.05972745251165,-3.70019994456854,-5.16179987707001,-1.85819257812916
-5.16989753653808,-4.45403168747138,-4.80244219363249,-4.73551177707773
0.209313430835571,0.0587364826413839,-2.1661690988984,-2.00409640835444
-3.91142888947948,-2.05191185293687,-3.26906949045845,-2.69147862443487
-4.83808778995848,0.233002880887172,1.32401122682447,3.57498228684001
-0.831492460064174,0.618653594917294,0.0663126514520096,-1.73849627916462
-2.22042126622406,-0.566115050209639,-1.53438499359175,-3.12798775697987
-1.36594358907977,0.192601905437318,-1.60061250804442,-0.0193356329484395
-3.0811338051674,-3.16065012440588,-3.61487875830095,-1.65104530445871
-1.21357412521994,-3.07958558871826,-0.789105406218755,0.896520860056939
-1.71246062019153,1.07113293113815,2.37330623050012,3.12290716769604
-0.380369859275755,-1.72496911648464,-2.55694833862173,-1.8759385487502
-2.39230645579933,-0.456598816494106,-0.250433860681888,0.689555022095964
-0.825221575625331,-0.416136888677352,1.62771035138039,0.677778431426148
-2.93672277263194,-2.15073054985437,-0.957698183096716,2.03497937261876
-0.156563449352383,-0.773563378234506,-0.972211669785266,-0.915103165128823
-2.01004552963058,-1.14735058373863,-1.18861397508553,-0.718008184139876
-1.21903113442489,-0.943671311480686,-0.60365756696631,1.08831597622633
-1.39467955561944,-2.26693240300026,-2.66258911217552,-1.80606142273644
-1.18850919565829,-1.60322024748978,-0.0899439050414574,-0.796098766753778
-0.991913053114777,1.04255516812891,-1.58275844873057,1.05709911649612
2.26285244759057,3.02506545554737,2.78368246511187,2.35898813164331
-0.386145205542668,-0.271943404114358,0.762434963245463,-1.52229021317052
0.293896435371655,0.722001310060842,1.17055615375093,0.100081177545189
0.493900692249057,1.85234259549673,1.78823054054308,2.29907601420409
-2.13301453469855,-0.719293479165835,0.582160895438137,-0.108994292784244
-2.02694656649921,-3.22528923615476,-2.02492968098051,0.0864125293353284
-5.20381333440945,-1.89420489624636,-2.06712202363613,-1.73429491205644
-2.71985059274824,-0.783398228810446,-0.637650710122271,0.424648791853818
-0.875902840452552,-1.17606439874618,-0.657487931794695,-1.63783774769747
-1.6699613754468,-1.64590810524099,-0.636938784141541,0.309356967330957
-3.63793906413425,-2.99351490372522,-1.43331286386691,-2.08871963455412
-0.858929193184666,-0.256152883656204,-1.25487997019026,-1.40043511213191
-0.453924949367748,0.670027026098977,0.154009766373497,-0.0272800333435652
-2.19253841417973,-3.63770388301294,-3.03724731736702,-3.76679990061227
-0.997172574719811,-2.41521141434041,-0.648361915389154,-0.460308312026806
-1.31686945280107,-0.686632943975572,-0.265941335466461,-2.3959645445956
-0.100253450941659,1.83919527508683,1.5916573775111,-0.0703373893088075
-1.30856458341486,-3.06389143417095,-0.288824405047055,0.466739708889195
-1.18390289942371,0.784220476901105,1.94612935570481,1.99782282508259
-4.60907690322845,-5.25589087215087,-3.58605778773626,-2.28628382531904
-3.10248942663198,-1.86241776600139,-2.39760911276545,-2.2543970634365
-3.00437826559275,-1.48906722078359,1.92430443549014,-1.96463425015876
-1.11266455392593,-0.641704314864669,-1.95545782631141,-3.30974039881948
-0.384002362208526,1.94504973722454,0.954425351241583,1.87712181650706
-0.417151951194948,-1.15597966236083,-0.808791364306959,-0.738109075926646
-1.39181336017903,-1.20303420112789,-3.61394716144777,-2.5937767677427
-0.989631323605232,0.121300588474451,-2.52815357229461,-1.53940269427214
-2.01153587881851,-1.6293019448828,-0.298645779145721,-0.221891756392187
-1.42244469253392,-1.52561311518016,0.216046839317308,0.788515203025279
-0.479671449628883,-1.17107493165537,1.34384526776271,0.909028232915537
-2.56112650314557,-0.806397355148647,-0.840319405334968,0.888234972389627
-2.10927659814585,-3.2743677626518,-2.29678880154036,-0.797647338644728
-1.57671792666507,-2.70862804263166,-3.77477653376963,-2.42388374361648
-2.22901135615251,-1.35675240651304,0.298892588077742,-2.38031423506676
-3.034205020239,-2.03020522115574,-2.97712019285171,-1.53376945187242
-2.15544190514822,-1.21847467412044,-0.989133431838164,0.530834385058741
0.0839665034894693,0.321687598069069,-0.0126476004245632,0.371894549345287
0.936696879947108,2.22583040160373,2.09521923995594,-1.20730892608174
-3.73267355474472,-3.40077918556994,-5.05308586068643,-2.20037291519141
-0.289604378472949,0.210110546161675,-0.340458839393606,-0.672888214125369
-1.83205305898737,0.362089825857815,-0.303700442822539,-0.344260939202097
-0.0446639046477424,-1.47034018027861,-4.94320120015495,-4.38752508020628
-3.03835931765093,0.657657853069957,-2.56145549880062,-0.464253278844433
-1.96255037487151,-2.38907006853324,-3.24365409974977,-2.29692503798769
-0.742500895923994,0.423907234131669,0.322666955399403,-1.57624948870021
-1.49119163227093,-1.41539250017614,-1.37505177021032,0.369311169857892
-2.65239982286055,-0.662471601431159,0.1300397228852,-1.43407410053927
-1.23168903929396,-1.27270814228328,-1.77840266775387,-4.5697531448488
-2.80941640977431,-2.12380242616221,0.340093768262908,0.202402280776913
-2.43616252850667,-2.4389631001827,-1.88738306937335,-2.18059907710468
-0.457188742016162,2.1663238891764,2.87742807960742,2.3160565821333
-1.97057542104104,-2.92897988288849,-2.23306166129022,-0.853109091860067
-3.22992288982651,-2.29355977080365,-1.66560143340695,-1.81894001561243
-1.63656731139892,-1.11043704450152,-1.31308412743605,-0.40345654703337
-2.5023175149789,-0.547421800849975,0.777770646860371,1.06341692825481
-1.6603978979191,-2.49811958785063,-2.61850971849907,-1.71130245787457
-4.894770783285,-2.09011303421446,-2.82744020722913,-2.16220959978884
-0.773926492318143,0.673857990280443,-1.40977027737898,-0.465028907150932
-1.04308197682819,-0.184539853110415,0.920852244344447,0.898132314821695
-1.18398681664807,-1.8385149516055,0.0794871806345106,1.5655622298176
-3.00391669973177,-3.04810458629446,-1.11959480809007,-0.831439636054715
0.445185627676584,0.0997251382062271,2.72157195431059,3.45020660145301
0.744353783590126,0.227993586480018,0.130330082394918,0.776677462904599
-3.02139036100748,-0.56300164522023,2.19804936851645,2.10267249614108
-2.22761795138051,-1.13673286773777,-0.649182743307808,-1.8821328130446
-0.879260137906904,0.240289331638324,-0.165739760791176,1.23644213632146
-2.24588104901811,-4.07417070106347,-2.32332865775569,-2.20312285753115
-2.23408944313743,-1.51617952851824,-3.50020590362417,-4.08033799648108
-1.56807713609014,-2.49506516181006,-0.68561371845911,-1.09320262758987
-1.9330030155244,-0.578644727225383,-0.52806760038697,0.691729207310854
-3.27622154174428,-4.22633533972343,-2.60617871103171,-1.27224078361019
-1.52450391086427,-1.23790960141624,-0.226191194622998,1.73935428299779
1.16325480723473,2.17912622686759,1.27073766101845,0.183353881657589
-2.01506670709371,-2.78716374380556,-0.595996333971882,-1.46695232880088
-2.92601478970469,-0.443497802309043,-2.03922395680961,1.49995813037262
-3.35705155750647,-2.37617610589486,-2.23390623672017,-1.48403037079323
-1.02264856545993,1.36357658736776,0.263417462898689,1.89675559135299
-2.54812094094171,-1.66820070143611,3.18261753331015,-0.182464869412454
-3.74014148533875,-0.157791083696119,1.15838134473338,0.534943904943117
0.00422299370193124,-0.490022040767985,-1.78805751303236,-2.43543876355611
-1.63945325587502,-1.44083640961035,-0.87791329206091,-1.06959737962668
-2.45695545094561,-0.619079339045372,-0.289509836952641,3.22580036166239
-0.960066185685955,0.154495409502575,-0.767246101423813,-0.0822922587250787
-1.62341165476406,0.565682102669237,0.725819730450503,-1.21062709209573
-1.10212515242931,-2.30757452915595,-0.0242698956811384,0.386842876351738
-1.13382729750235,2.66056690536931,2.01865409911445,1.03603152374388
-3.13718898547531,-4.42056335562626,-3.58096055979218,-2.64271334098328
0.107793288031429,2.73025793564734,3.49675215778294,1.38305268784164
0.229093398888542,-1.78743350699649,-0.601878227676508,-1.81736557135227
-5.22811405979892,-7.10879762239882,-5.74447483831783,-3.02432480759218
-3.0581464881047,-0.608180643165176,-0.794529385915351,-1.21631351845488
-2.0387500575732,-0.439602442841121,-1.56744414234794,0.0324366762473924
-2.46915456915946,-3.73450516429168,-2.77228366407376,0.0278152579947397
-0.0195487204658109,1.47410322589719,1.81433708014757,1.04707255860202
-1.65920975872773,-1.35221813247432,-0.479866699621834,-1.73694941867714
-2.44838195002335,-0.521935046175537,-0.0116376354205299,0.242799000726913
-0.168103498234335,1.89084664999109,-0.0119397767682058,0.645358251494362
-3.29318124862147,-3.45913164052342,-2.29716724010013,0.51048382006043
-1.19945103991267,-0.667299810875599,-1.26242735325995,1.64171192334513
-0.573288817946073,-1.25152146412343,-0.0416467069330492,-0.0195038355838498
-1.95700517805759,-2.2665394806425,-0.0723830270090174,2.73633183912011
-3.73736302507369,0.0460001959988344,1.32754074077237,0.988185168778186
0.846847737684229,2.16738218819291,0.471154652858346,-1.17748745745557
-1.51652317221477,1.83092941791249,1.4399306612845,-1.12069128160438
0.978459382080537,2.17449465593276,2.12306603509964,0.353044873559174
1.0557951156827,-2.01629416901486,-1.63591998480008,1.30354596367726
-0.751951440571498,-0.37416575100755,-2.55472565669714,-3.47391750318568
-2.34621896146429,0.193914389329743,1.42195593116003,0.316039558434313
-2.25500805543987,-3.06567642967524,-3.05271323720325,-0.999287404430525
-1.64974168807829,-1.40338151629309,0.654142441952073,1.48176862105066
-2.43252162488891,-2.7597415692818,-0.586291297757498,-1.38235368534226
-5.71911712393333,0.732043489087276,0.440918947847379,-2.20417865373495
-2.79281538980633,-0.775903582368724,-2.2360790980331,-1.531089293492
-0.953361159541397,-2.63160059885034,-2.36171925601565,-0.395398802829338
-3.6782809234115,-0.938470681123307,-0.258544611496819,-0.271889705648977
-2.6088692537604,-1.381544140016,-0.686079707933361,0.514379589866196
-1.6932407764885,-2.48124830365022,-2.01237278895576,0.0308452644951347
-3.39850281135292,-1.04452052506727,-2.18475133957448,-0.53155460642885
-0.554607415281356,0.371727770117324,2.77213433529808,1.53700033244704
1.14809233619512,0.172606497911322,-1.2847216990776,-0.849001133037738
-2.80614423821885,-1.19156252795897,-1.60760416913783,-1.42507003080734
-0.144780701808844,-3.76333601056449,-1.87421489280993,-0.526999717089732
-0.68841842950689,0.546534196060151,0.0919347568809744,-1.52402774320266
0.255779049970419,0.2739697009119,2.55740147673648,2.00620318723263
-3.29850368322745,-2.77351386805018,-1.92137852562762,0.214894614583342
-0.269550627875523,-0.259290715834875,-0.769230411366259,-1.4061902027124
-2.5574826332353,-3.63713332460134,-2.0788421649224,-1.31856668514189
-3.97168576095612,-2.69601739773829,-0.895432332090188,1.20290258273724
-0.583385268490559,-0.777417226039293,0.925678722498424,-0.263330016855984
0.0551203351486039,0.534245467412855,-0.220600439591224,1.17422289761728
-1.91165230160671,0.0943924000357995,-0.994226981888382,-0.838864664625392
-4.59439848856942,-2.66421365647993,-3.16952868414268,-2.22257826194654
-1.02071191190998,-0.691196975782924,-0.176850787401116,0.137094030827609
0.276292427343566,-0.464536073674307,0.414438802525219,0.930816314599944
-1.38328655490576,-1.49095411833106,0.299837116585412,0.24051469112491
-2.72430310136696,-2.03844362736064,-1.10373931118773,1.34791859370894
-3.6895243771037,-3.90863181467447,-2.62985517506355,-0.363115950444009
-2.3366736801247,-1.72696908465632,-1.38907958434006,-0.869845165544902
-0.534590214459224,0.194042136433874,2.63294288191989,3.30031260223588
-2.50649314316471,-0.024660390197816,-1.68917038981849,-1.14024806703554
-1.90007828986533,-0.376525476199269,-1.45154504868881,-1.93618459514899
-2.95437381030499,-0.557507557956738,1.20024452008623,1.59387480828797
-1.04123835887301,-0.283951514933586,-0.774528270470501,-3.07524457189231
-3.45739725242707,0.199780462736158,3.88590861522281,2.18610884543032
-3.9611897730331,-2.62885655423954,-1.60466395330467,-1.97813663518937
-3.6329735758133,-1.10807757378456,1.52715419253796,0.286389552420805
-0.734505431517815,0.254688931746794,-1.88993690724014,0.0449751822138679
-3.46380640701434,-0.826470996607773,-2.9790486675344,-3.0045210718036
-0.0627637763471173,0.526143697366672,1.07332519269568,0.894119740111791
0.532528394845407,-0.953247826581227,-2.2737791846917,-1.44886160609309
-3.84658708485076,-1.51703887587946,-0.415484035180545,-1.09024429056028
-0.0603752103544771,-0.0788524019465329,-1.02781568800152,1.47864441491899
-3.76875089033259,-3.37698778191087,-2.32142498154998,-0.299234078551516
-0.67677644693289,2.32626538382575,3.51061106438098,2.64541274332218
-1.5645468267796,-1.03404327519505,-0.593804657017769,-0.747857443914206
2.82261604607665,3.0714446270842,4.12895591654788,0.0082208404540427
-2.16609819767546,-0.336046634618796,-0.721862489065042,2.29588567684002
-0.0257897988596365,-1.17171907002991,-2.47013013615031,-0.700905139369936
-2.59328583600381,-2.35269324144354,-4.45660496761567,-4.44810831193672
0.919972672781253,-0.527761450073559,2.74248919962167,3.46355194435184
-2.63737142182828,-3.22806241993229,1.79984298835658,1.08399689119106
-0.110062293208022,-3.35188129585523,-1.43812017130878,-3.15018013941699
-3.0036590995262,-0.56312081637553,-0.362698743438495,-0.781285428819487
-2.89883840750079,-2.41389312466661,-2.70266996110673,-1.69613785298453
-0.683610982594915,-1.37094734073136,-1.0647601203101,0.2216340874455
-4.43414278972444,-5.02885721984284,-3.74178894263874,-3.69615230174341
0.29298703673607,1.9526750862001,1.9953785571195,3.50608373410943
-1.17354326664084,1.49212198202594,1.40999328234919,2.64441243627334
-4.73666908524562,-1.10369804294701,1.56009002881067,1.35687997035984
-0.654540622164145,0.933196431004792,2.4801085718215,-2.77631986477052
-3.14618260068623,-0.901336079891133,-1.16603522164573,0.363314549340415
-2.64990213694272,-1.50091694523554,-2.0764322197425,-1.08967678430507
-2.00981813161544,-2.26148467810003,-0.39124813228051,-3.74412986317258
0.0796607058498555,-0.528502246946949,0.499808460196393,-0.227035228960351
-3.07788893976196,-3.24860058999848,-3.44335389400099,-1.25763453093116
-2.496476347288,-1.20223142183134,-2.28813423696885,-0.0558173406460056
-1.59407904991769,-0.272155373611372,0.407918157382241,-0.737213974665069
-1.49990063339723,0.19783661314099,-0.645456705199422,-2.05389040793484
-2.32941269666557,-2.75336199143521,-1.12806980692379,0.576117991652908
-0.39044615099056,0.479147098366346,-0.733505174748421,-0.783806855719125
-2.29320310586638,-1.03879648679489,1.12324479197435,2.59970474320515
-1.28850269425868,0.194086839687103,1.13854438473598,1.8225837440943
-1.21750787762272,-0.835487060652516,1.36646256948413,1.48813176474052
-1.85294085594554,-3.39489498326677,-2.42767092215307,-2.54891460543931
-3.40101669810102,0.121751168592984,0.586422500398052,0.134656209345944
-2.63727310031659,-3.66459100384926,-0.786355724865489,-1.6558251155565
-2.52187435965799,-0.913977162505506,-0.196764179114929,1.02048980759543
-0.0900311711035331,3.28074972096785,4.98140218963227,1.6826608418674
-0.623154948799941,-1.58296238255162,-2.03565747252427,1.05698972753981
-1.17496672088911,-0.489281574249642,-2.4465540307135,-3.45927905044498
-0.753796251860169,-0.278605653391521,-3.07574016420992,-2.09188808424404
1.40432883346036,3.05973224024322,2.82373312391175,-0.0177644385977305
-0.651088194022502,-0.819180253735016,1.3319276083424,0.181836610322527
-4.7927713476905,-3.99264751017327,-4.6902735353893,-2.25503934896969
-4.65788463998857,-3.18788260693274,-1.21626886004978,-2.87600147723422
-1.87346087935358,-0.241656304442865,2.10633270328702,0.56655658697529
-1.09647680411302,0.859037430514694,-0.650254612063496,-0.11046633595199
-3.20707265825697,0.833266180103191,-0.068415380503739,0.406210965045692
-1.5997683266551,-1.07411948347884,-4.05692568791617,-2.28806434456758
-3.46833950550741,-3.17366205051566,-2.61983599901887,-1.69381854132771
-2.90723024480946,-2.45730320127769,-3.89705038525084,-2.32951793206172
0.89336119888678,2.4777857019916,2.57237909497337,-1.25373365827873
-2.11013487628049,-0.571829105773721,-1.19158310841594,-2.0634665646562
-1.68677947658127,-1.02434850850282,-0.987604487225078,0.765119655405555
-0.433217517232415,-1.69174486461624,-1.65896784762654,3.11992829952283
-1.94687673298519,-1.7554794942978,0.582872621286334,1.183707489489
-1.82303327521835,-0.862078657230558,-1.435492259553,-1.23429416186771
-0.556259165973869,-0.233149028374481,-1.95589048270426,0.803313932891514
-3.79233966493826,-5.62547028068942,-3.3625922879851,-1.74965326670168
-0.707443269256741,-1.3464792127048,0.463521395646731,-2.80213986432098
-1.60215650068121,-0.319091483221334,-1.93759987362281,-0.684024502011363
-2.45202780163645,-2.85272392240297,-2.57438665595662,-2.69931195372762
-1.16435457364074,-4.16552078079643,-2.16720242658898,1.06115271957153
-2.9941043900335,-0.739372960469397,-0.388059366170563,-1.1616648070469
-2.33103471909298,-1.45582786740494,-0.381426972639016,0.523336361928708
-1.37702334608098,-0.473666134882887,0.524093893099896,-1.04434378078863
-1.85953694099996,0.136474722145402,1.92795173473289,3.44395629998034
-4.64188181965707,-4.53722396711423,-3.63398570812988,-1.87088889396537
-2.85386609303618,-3.22236238174545,-1.66405018520206,0.529295970782068
-1.7329629834055,-3.10637301882234,-0.707500954221086,-0.023121501966461
0.168869963424296,1.17001220998283,2.36338331820333,1.99803359588987
-3.23255991084274,-2.03940362079385,-0.947872627223544,-2.19026706043708
-1.94162812212846,-1.28800593508337,-2.0829649181346,0.19174591737233
-2.91959945376289,-3.43319588218614,-2.30906320620947,-3.14113801712171
-3.66005263776313,-0.491518422151706,-0.990813158763713,-1.46302574516311
-2.6202528963231,-2.9923629419582,-0.902896306895891,1.31126695696861
-3.14199881770053,2.18300874950816,0.69424118868598,2.90548705269584
-2.94925154452855,-1.38405395000359,-1.72422179847551,-3.71764993584404
-3.2920836705461,-1.46594370621228,-2.21637940327202,-0.990845884165079
-2.8989866111828,-2.53331373553509,-2.93555725299948,-3.41494297612395
-3.55530181612885,-2.01419796150548,-1.66317313551805,-1.2444535291358
-0.913407306289175,0.403846877106545,0.339952755427031,-3.01163216726595
-2.12999644838661,0.407578515772953,-3.2676154981808,-0.95972099129179
-3.86078566962388,-5.48942567345864,-1.89987860199378,-2.61784512266915
-2.6602285219593,-1.6967056686477,0.736323889421211,2.94484020364178
-2.51036820067132,-1.06855886968836,1.40357453232768,-0.378642122182741
-2.33501178822316,0.0354116330635093,1.8676065507075,1.3384093608603
1.74552578151756,0.635580977824361,1.3279267085596,-0.952294367977731
-1.89605353435318,-2.21806359888561,0.49378294205435,1.55185114610511
-2.01032728492996,-3.02755450221372,-1.63910070022037,-1.71603983223283
-2.31297086252525,0.9633571984131,2.62077309104981,2.65949652860752
-4.35282693336209,-3.21921920805922,-2.20375350172584,-2.30494974217867
-2.14642942216448,-4.46695891699931,-5.60415194479025,-4.44847137198345
-2.32806422021824,0.683634847754204,1.7192209080585,1.11618300143374
-2.49697228794234,0.886841530879652,1.40304701616477,0.145252780144024
1.73747463539642,0.577102738233122,3.0957825858447,-0.033281059628702
0.0548661911593814,0.623027596398318,-0.421273946284802,-1.85769606948097
-3.12782531123923,-2.87820670247096,-3.48582426253649,-1.2360682973874
-1.64190783440509,0.461047629597681,-0.866097974319776,-0.427270316281069
-0.75245267502041,-3.25370155695951,-2.00158692547166,-0.905817866930286
-0.569812485077049,-2.87441884545501,-2.07137385270639,-3.21776486004374
-1.68115972864868,-1.61358866130633,-0.609723415658927,-1.27035305046314
-0.792075476495789,-0.227908836700413,-0.122135858609958,0.73613920747663
-1.4352855046289,0.84361786357995,2.44585459109922,2.35212313591765
-0.570435297978889,1.80409895257371,1.20315534776367,-0.479302943721084
-2.61943911904472,-4.91105684087093,-0.197273591919727,-0.5280991005392
-1.99126139477251,-1.32246010459344,0.11514583133619,-0.298489893603613
-1.96606203798252,-1.28345148119956,1.12788458151604,2.27791599562981
0.0315834619738056,0.711967733831636,0.00162661595989505,0.341597170335162
-3.88533569729733,-3.81596194869839,-3.46838350506494,-2.73657306847727
-1.14830721905232,0.850331472228911,1.0572890056665,-0.669303097350542
-0.924632765793174,-0.405300608206076,0.644250060940838,-1.34777399537072
-0.0356358675438062,0.613428731650971,1.26407609385745,1.76234607801227
-1.26573648274081,-1.17256624725838,-1.16217394778692,-2.11802410909996
0.00897689981846894,-0.00933107776663289,-2.80741106823484,-1.83201321973565
-2.80852105014705,0.0130937585871396,1.86804125421453,4.20760452562468
-0.501415476375442,-1.28104745387907,-0.179299496624642,1.69125988613474
-0.393285283307705,0.793675919370072,0.979513951046841,1.84906275321826
-0.617196853448784,0.595838542167926,1.12107643892593,-1.91401243891176
-1.81263933910388,-2.52326618884625,-0.983777768984628,-0.939785367876038
-3.13863530774696,-4.25239145674231,-4.22068712690612,-4.2151788724601
-6.63218056370689,-5.29731002037919,-3.40149599913767,-1.43230813505186
-1.78592803588814,-2.56560751292868,-1.32586543514026,-1.35835858667525
-2.90329625907156,-2.80043711676872,-2.63703457879598,-3.12347317110264
-1.04573728356981,0.504941587702616,-1.7022608084341,-1.29968479202603
-1.23458819512416,-3.15929320184502,-0.858496649299467,-3.57487481520022
-1.01787593575275,-3.32139815163447,-1.99741907382561,0.184520691984073
1.10417081961125,0.646891471317641,0.863543601720019,-0.895725921244802
-0.561989124593555,-0.819560179167252,1.07850738764893,1.43745487292932
-2.15902176488275,-1.03528128482083,0.1807325450889,-1.81340624082109
-0.982332057585748,1.15467215144958,1.07707656655839,1.49307418169781
-3.87956723841952,-1.96023224365336,0.0466610742973427,-1.13216502750269
-4.56735783258134,-3.13623908336367,-3.26408362011038,1.03084817583803
-0.993164817713281,0.986232870942819,-0.946635762522096,-1.99196684440423
-2.11374355032872,-0.964259500623579,-0.920382606972116,0.344648053702706
-2.54243924818362,-1.92324341378109,-0.846996676366142,-4.2004818762467
-1.25063532780361,-1.54410919763733,-0.840282167285108,-2.70045448121687
-0.869746338017826,-0.814570537708762,0.32077899770524,1.89720033213343
-2.25173725082552,-1.20365286664922,0.39460930903633,-0.0117886888312508
-2.16735668555685,-1.48400160584539,-1.11653976671,0.271449548294476
-2.0339885424283,-1.47566350956994,-1.80542603937693,-1.13481338422531
-1.43887388467392,-1.27012040562017,0.714104337745062,-1.01041995463866
0.0129843752255751,-0.36685672926616,0.483730527975086,-1.18396037577773
-1.85007785457961,0.716523818471641,0.356993822933941,0.933974531177308
-1.19167920107584,0.884035394536177,0.424831196877155,0.0965873559472488
-0.962157736762914,-1.58101114230948,0.0825046646408161,1.52249757660108
-0.0806830445095837,1.18080901500348,-0.519490922477238,1.48317137199841
-0.111097847497249,-0.0321280969560797,2.93332243884579,-0.143756499826052
-3.03484645563704,-2.16530498539238,-2.3945427870831,-3.50191020441435
-3.56439634270306,-4.85439155265518,-4.28041781264105,-2.72304233921081
-2.71878400012549,-1.85019705470292,-2.50793934517688,-3.68526324454097
-1.2741460789386,-1.02995258907541,0.249247815067564,-2.08603977253311
-3.7187049323788,-2.78983814773424,-2.5215099193097,-2.65397748345283
-0.79580029275864,-0.114087313442431,2.48009226638915,0.372176031565768
-2.70172755864166,-2.73776841858751,-0.852574396283046,-1.38878238353662
0.0131036071445361,-0.965922544875534,-1.47177839646215,-0.618444372903711
-3.05345548900954,-2.65979434395302,-0.305852738201027,-0.651960189873469
-1.33397400040418,-1.66914449848818,-2.65945144911603,-0.432642123730112
-3.29258243551277,-2.52166552031794,-2.22154001159734,-1.40226871189661
-2.16189475343343,-0.482241602810862,1.0910244685291,1.14022347074725
-0.518612746439314,0.34264202940424,-0.244910227614012,-0.123369423871783
-1.24790311038386,-1.2126781003421,1.55310904332805,-0.48160315812037
-2.25973040141606,-1.67046847201208,-3.09425209662499,0.214326850825209
-0.32583008127362,-0.591350326241814,0.0603182645386686,0.117681802283025
0.682221471975942,-0.303135762652293,0.897943806962445,-0.712279532492299
1.19970895301322,1.20863911725726,0.567108766367012,1.18564441428505
-1.06928548140943,-0.798926616907363,-1.44235158387896,0.491899701140853
-0.673349348383072,-1.01737254868769,-2.54748610376176,-1.70145878298144
0.26869109842147,-0.355374874043243,1.33904877400493,-0.0447779778290462
0.00398025685104442,0.559715206034515,-0.28368947342531,-1.83924618419668
-1.54285257347495,-1.61212378763128,0.274248610895765,0.542597371127986
-0.0426637281763184,-1.0482749180453,-0.485196517220811,-1.47187135241773
-2.97000731495414,-3.81651610268575,-4.0848512284499,-7.5352399397054
-2.47135017998211,-2.20562928381846,-2.46879696940536,-2.74431232180036
-1.42284684642418,-0.34450034041977,-0.708019072162516,2.36183413754036
-5.47183341325657,-1.8470526979238,-2.72473383856532,0.391312610002743
2.39137978784029,2.191817737634,4.0058061683979,4.74174430744591
0.396645582335648,1.87683230017949,0.564842254277318,2.44467921035897
-1.64230887570034,-2.06715006692574,-2.6476938300134,-0.218988518172846
-2.70902743531803,0.0684858578221788,-0.363087888229798,-0.556736040559039
-2.39982073155996,2.11388755754752,2.92599763704014,-0.363747507288933
-4.35294589905645,-3.39221225099121,-0.158365598011195,0.533913049304374
-0.660029314670687,-0.992893585674829,0.764047706438651,1.44972814971094
-1.47015650738135,0.895623809888093,0.256873394775749,2.59557129268474
-1.70673530692348,-4.36536652338404,-1.71663772669642,-0.93971759431701
-3.57264253877569,0.292536840364186,-1.38520618324216,-2.17904416323785
-4.25563156407657,-3.03648762253597,-2.94447011708719,-3.05898774318206
0.838119563793893,1.35945655850316,-0.0975112774783433,0.675781349975881
-1.82037763958091,-3.65148095684385,-2.54431449637127,-1.4465322585097
-1.368085896421,-0.326686416979471,2.95439971064239,1.98636263656799
-1.24670563236733,-1.12737904818878,-0.466134179206819,0.91913856532876
-2.82247761439514,-1.35163517201521,0.455406687429021,-2.5000010784912
-2.94518223637899,-0.934998114744132,1.97829852460185,1.63071213093705
-1.66026995812175,-1.77124112391143,-2.16183660169345,0.380910205558958
-2.3257146299449,-1.30971930009885,-3.73570647180754,-3.6054331394518
0.36367211294524,1.62434648161923,2.58148778062578,1.08809732293566
-2.41302030172753,-1.55666095806495,-2.06236909336037,1.24718783197525
-1.44734551565641,-2.61885446596034,-1.39647622435236,-1.13976455533862
-1.00264579234404,-0.452021570824869,0.385739877665603,1.71762538918429
-2.47417882349771,0.35491581306242,-2.26381256671932,-0.326826293025903
-3.54605786658995,-2.66291434801471,-2.43680300261186,-0.962464152038251
-3.27348507064056,-1.61974980737507,0.635747018417086,-1.69233102555641
1.45832825420437,-1.13689705696608,0.849642448563551,2.4758045466741
-0.0957423792500805,1.66500275446293,3.11726779311735,1.16170097832556
-0.400951761809197,1.48776793227483,1.71531331764985,3.2896226388728
-0.0780486399005926,-0.161513559875206,-0.339900341503577,1.36872345344683
-3.78799281471318,-2.48354195042244,-2.22810725661319,-2.64768312297168
-4.23651598649565,-4.30521160857839,-2.28723923364938,-2.06061696584339
-3.01510072444234,-4.21876063892529,-2.24521065655775,-2.59642320169984
-1.92680177276512,0.685504529297852,1.21229304444215,0.391747611536708
-1.58751620970467,-3.32309559882545,-0.896405531662703,-1.99232952949028
0.170972826273945,-0.13966239776274,3.33407542397188,2.54689643407547
-4.74584823250278,-4.23345597531857,-5.45847300675242,-4.65777717741408
0.0273010974200321,1.0063759517567,-0.419694478500068,-0.069715154827761
-1.18428805235608,-2.12242048149014,-1.49537005816457,-0.397716224458414
-2.42784772038062,-1.24569899419352,-2.76863084503051,-3.45083938280773
0.260544417046158,0.117968516120502,0.358023239058718,-1.53229376012728
-1.52461778586252,-0.886678244661313,0.542381310499779,2.46155997158515
-1.99668891980878,-1.43832786338417,-1.71609402712629,2.24248064340344
-3.17311783912838,-2.00981173433238,-0.0272297269548182,1.52287122250402
-1.73154132266538,-2.59130703917886,0.026591170887546,-2.02333938846171
-0.362845094576968,4.35674622259547,5.13795893275607,3.34132862514558
-0.511210232029497,1.03539605719999,1.33455910892715,-0.175885715833754
-2.66869159562217,-0.656459321556017,0.477624772175025,-0.155813104978772
1.19549170837755,2.53084370457603,3.6930382965976,2.77204834800912
-2.49397153340166,-1.43347451582992,-0.977906678796263,-2.70140959295099
-0.766646168553,-2.24019562913067,-2.77169679063612,-0.930157752323876
-3.43842506177765,-3.55881230353512,-1.52582808087943,-1.69584167768166
-1.44060069611298,-1.01268461289916,1.55203328613343,0.980042701802206
-2.53891012246103,-2.89002588767341,0.326656247952124,2.3721985045089
-2.95202988919506,-1.49150202397579,-2.2746503367172,-0.445800040957241
-0.487643911489849,-1.91917569644812,0.675100435584498,-0.64948389800056
-1.99979628306562,-1.43344247605832,-1.13695487381727,-1.57237729839884
-1.31695921353869,-0.503219082097138,0.19794606649812,-0.542910593618483
0.084069406220676,-1.28493071042406,0.415600134912762,-2.80801619425701
-1.17046941933216,-1.5210054487524,-1.77550188539306,-1.47319322490542
-1.1100306478897,-0.508704437320717,-0.108316048466975,0.561642391751704
1.07324443408609,2.24045867468492,1.58416131277274,0.404984479557185
0.228246353424716,1.29138287689879,2.37412447922316,1.63553640409456
-0.0202527039814728,-0.980546780332451,-0.335428599196771,1.11630826931499
-0.422310178074989,3.39265592596984,4.15969515167269,3.09941671321316
-3.31121365254896,-1.57265997750079,-1.64920117463809,-1.70488667122101
-1.79815311593148,-2.70673067572698,-1.84600163766699,-1.92219130761046
0.561929315498142,0.504912238906125,2.67951495531195,3.57250540216287
-3.16338329531508,-1.11134110435613,-0.560402771078716,3.1900243265826
-1.88850647119059,1.75486476376555,4.34519624967827,3.31283080180362
0.540895768484322,-1.77437971205187,-1.33237743780967,-2.42145033929313
-0.208646134946519,-0.542539468553059,-2.01890397735015,-1.79726266993767
-3.66107492807866,-1.73260739017887,-3.30888397886626,-3.5749847919089
-0.140711900861633,-1.52115821349666,-0.196426035068713,-0.482946754310865
-1.35849648084478,0.147038458455668,-1.33781674924885,-0.428011052232086
-2.7062851588552,-2.19609218530543,-0.937846449548213,-1.65796631783676
0.0556679187685738,0.594186008632817,0.676962441513943,2.02669275850218
-1.65081890874771,0.305950659347542,-1.24512528993152,-3.61442397687733
-1.7648505380023,-1.22986065899412,2.51376056262028,2.57658044356623
-1.43213753731932,-0.395775215451431,-1.21034761653139,-1.90224044212803
-2.473009770712,-1.4213662629578,0.786414565850526,0.324229863808725
-0.800292559531315,-1.28916295709279,-1.33214379613618,-2.82459180680394
-2.37535830145118,-1.19358415906421,-1.6704409837438,0.689239195705545
-0.836972992273571,1.0457730270279,0.00427291639015137,0.519325831167443
-4.12931415427428,-5.17885611069085,-4.68365522274357,-2.52912538366909
-3.96536760128936,-4.58777835691374,-1.67067518034215,-1.17743318062089
-2.39216930759727,-1.5548240970902,0.983501184525329,1.23783202757312
-2.87215127123098,-2.56867345800769,-0.718826788608322,-2.71360802602215
-0.952631342143538,0.339740663770256,1.60585084602468,0.580452975108009
-2.72726917275587,-3.65412714686322,-1.09326083922956,-0.870101683972985
-2.02030808194125,-1.29535299830104,3.30035564247442,1.76751399772105
-3.24490784368111,-1.24223690438984,-3.06358967990068,-3.18504456644012
-3.58779321923361,-2.62006855178818,-2.46935319958341,-2.25604790190047
-0.302208545502461,-1.35767561308929,-1.78952572102518,-2.73338319099278
-4.84469517707296,-2.19341113587676,-1.39343543304717,0.563552990652322
-2.15779841882842,0.198949814206641,-0.178103140984918,-0.611234312118949
-1.26934877434248,-0.813042977375715,2.45263389815213,0.878869272127394
-0.808227814049659,1.21865363749215,0.450823497414818,-0.343421610949444
-1.33032454780907,0.966028145094251,-2.24166646305829,-2.79571154445982
-1.17716490301592,0.590685866736763,-1.09645767481119,-2.22634996225907
-3.05233101223956,-3.59026640194776,-3.17604738743769,-3.07933713708057
-3.8084404803349,-0.843627434915749,-1.55253841227994,-0.614891586907404
-1.46274729004279,0.164526674968174,2.4472003114902,1.04801532972404
-1.74857742995855,-0.941460257321179,-0.764369862404165,-1.1331361894852
-0.718003688526002,1.2563112165748,-1.31702899069581,-1.37454550315301
-2.70758462196338,-1.2455248018655,-2.12244650207886,-4.19289566490884
-1.2733579359721,-3.29466560281895,-4.49735044605236,-3.14789317760348
0.350429348493005,1.89254112629631,-0.219363977857043,0.872686460258525
0.275337021248858,-2.16244403380247,-1.42829584986577,-2.80443507802212
-0.384360003956999,2.02245883490894,1.91652603278821,3.02777845477519
-2.0288583005316,0.882018498599215,-0.398604350481005,-0.324865997390381
-1.06949951135266,-0.954558757241018,1.99989385217302,0.896191715243068
-0.319602913922231,-0.123730326923574,-0.200269184092585,-0.280976853008711
-1.45270866075457,-2.17060396365953,1.15852410523014,2.34661871869176
-2.75741923810256,1.4106774618035,-0.284399607779804,-1.5083833573252
-1.99979517737967,-3.91543892386507,-5.4749444288207,-4.06175726612987
-1.34731655534065,1.98801469473256,1.40662728873138,2.18018433755354
-3.12572748959028,-0.661185624151018,1.46646188692128,1.81628247294699
-2.63200977459166,-1.03875723833523,-0.3524077321652,-1.56061614494389
-1.10769328424479,-1.36420919924879,-1.41407555320474,-0.466348553391123
-1.79101650444825,-0.707217090833133,-1.34093999216057,0.511877179881769
-3.17734879731994,-5.55598037840725,-1.71486898935628,0.245621100844629
-2.76178048619957,-0.234446553974693,0.83426897351608,3.30092354306627
0.4821685166878,0.216699779564303,-1.11377475003286,-0.123934271528516
-2.359066605149,-2.50708432032719,0.165822058084088,2.01101419432278
-3.10123170753672,-3.17569659754637,-1.87267324764621,-1.82525614278572
-2.0324474677357,-0.989136012668511,0.0768391528445043,1.08976591729676
-0.0392522600962953,1.8186478465108,3.64637982076056,6.35926260270194
-1.93183970990544,-1.96894276583455,-0.672951733880105,-0.399982733914731
-3.9335433128344,-2.86730555867017,-3.10803143538377,0.198577100631812
-1.56773987628009,-1.26815806980649,-0.256110091200363,1.1337955330212
-2.39449690099239,0.396019828542999,3.54968034884888,2.58944010013205
-1.46326290325216,-3.96070177619311,-1.26231058444352,0.64174227062679
-1.34176647458935,-2.28822542537575,-0.986735797046956,0.39025396016913
-0.472919268053845,-1.57623907316976,-1.4139296169936,-0.939910716114646
-2.90698056721348,-2.5088883212171,-1.70269633360942,-2.50831923791794
-2.68391883401738,-5.23863395572014,-3.06388383917585,-1.84071130485763
-0.635420075778666,0.241820898346479,-0.732103127015847,1.2477564235354
-0.886650437244386,-0.551882841439789,0.729821781970727,1.0019812188694
-1.67004375714604,1.427344507919,-0.755251587010877,-1.09891338350001
-3.40800762950531,-3.03363116964089,-0.27221132329383,-0.7795054503979
-3.39159193945782,-2.43127023945098,0.623134765607576,0.473957190022774
-1.67556177777792,-0.42264670238649,0.0343561261809045,1.48570555542678
-1.63161668469241,0.82632558662779,0.0252205277258215,-1.27739588798887
-1.45885177706792,-1.36854070715,-1.98717492864613,-4.74668322545418
-2.06418125000104,-2.32039651187155,-2.01131964381429,-2.47673267537939
-0.589162207732874,-1.85597077881596,-2.41221390869033,0.692620770869538
-1.22943617280342,-1.48874229519883,-0.246922549568597,-0.457179733406036
-2.40634019481532,-1.83221285679848,-1.41715002904661,2.24213176793014
-3.13690349856262,-1.36939659811805,-1.46222260883237,-2.02055909543631
-3.78468869943398,-2.05261279755929,-1.74144885454374,-1.01870642379458
-2.14410623229221,0.503616893752073,1.19560758188211,-0.22072309148511
0.349571543547925,-0.314348661535172,1.34642351625521,1.54996208016774
-0.309596123198667,-1.81616568167035,-1.60083551010288,0.0709464679960338
-0.817370030573783,0.255776284916944,1.97638202244632,-1.14454733346074
-1.57445599445248,-0.391387911874974,-3.27465335761092,-1.72793774009926
0.220616006683617,2.22503427772872,1.08206008157571,-2.19999724258395
-1.96484308494992,-1.52705885518845,2.24473921520292,1.50819687682541
-3.97607103528523,-4.49780409454957,-4.72280065287185,-0.267706494424186
-3.36331338858136,-0.918952208126023,-0.000200018168509619,0.524613431788586
-0.364170811722759,-1.31019552029335,-2.25589341996797,-1.15314838083174
-0.833402152198183,-0.235457790916951,1.63115800827473,0.363864009832095
-2.99149264377659,-2.30634272862255,-1.75337966539749,-1.97333159188755
-2.96598097457956,-1.17766576619327,-1.35585216186742,-0.944449351324452
-1.7065266969095,-2.30440359950838,0.298219936448841,0.864101747693961
-3.66362128557361,-2.77983964970696,-2.25063079552109,-1.85389735954925
-1.64016053290539,-1.99590765483691,-0.907772707348203,1.10041556066326
-1.52483685636291,-0.474843888743993,-0.401925195839008,-2.14292364708903
-2.02037596423859,0.301827718911808,-0.141372454318368,-0.331431153073758
-1.33374886754144,-0.0484884561089138,-1.23878605070501,-2.46303559636758
-2.80306438835166,-0.633200347491231,-1.64563248729226,0.0755980470456379
-1.27685514824301,-0.883102502746489,0.671236912598362,-0.911524419116119
-0.976185635768297,0.646395312235805,0.516731323658917,1.06470211652505
-3.51056337909549,-0.371211423062224,-0.275215810300283,-0.661059744557321
-2.00998355275201,-0.146081126518385,-0.923187293553358,-2.85952527793895
-3.17339907359357,-4.39055198252816,-3.69928609139342,-4.1934972380061
-4.18210499582042,0.169678328622905,0.903423953822448,2.40482692199766
-1.46304556860582,-1.265825904227,-0.271930644715471,1.03528313888356
-1.05960676226807,-2.20405437992813,-0.75442086367148,0.928690093892978
0.321106854242372,-0.862489599079343,-0.889731729453436,-0.593633185808328
-0.200424966591551,-1.46774917003593,-3.05636099546777,-3.50308675737392
-2.79890161447858,-2.91664441974599,-3.1956182237515,-2.53474436913809
-2.38369067946619,-2.48232422379371,-0.0193462714028113,0.601224866917723
-1.16520531242936,0.525373503223119,-3.25945862331421,-1.55514444241903
-3.05588377733056,-3.00957039618007,-2.53030756870008,-1.57401251735599
1.03202491520801,0.254060708337946,-0.650277885727134,-0.859326436944252
-2.52044638178335,-1.92586258566065,-1.95736794912512,-0.945829989559882
-2.38985430221752,-2.18106249291754,-1.97316805311377,-1.41536094445469
0.277890672004198,-0.553626239250035,0.833796832824997,0.951559391249919
0.115136145045128,-0.372130831371404,0.461738696432228,-0.109346312226945
-5.40889253999842,-4.6850325076648,-3.05443173417276,-1.38741239373405
0.470604623075675,0.0528081008209834,-0.252511927422942,-1.14416936178083
-3.06393607722971,-2.31938963802308,-1.78893281205014,-1.91504507329692
-2.3385789184796,0.784985385322939,0.990196182846076,0.47552645477703
0.905386110137793,1.06724613733827,1.64912247682996,2.39122403016237
-2.41716992486933,-2.00418363682135,-2.07837577021007,-1.39621174524139
-3.31009699341737,-3.48003513351187,-2.92165558476605,-1.24208676759871
-2.46367726671131,1.90348750465923,2.84247768868847,4.15374557572808
-3.29156410725816,-2.87752775711218,-1.08594962240516,-1.1780798325155
0.171114442270321,-0.714755035308324,-0.0530717469445503,-0.862075722516841
0.337026271042995,-1.28392904573313,-2.2888277681358,-1.87275678171004
-2.63607055010809,-1.96843251060106,-1.02790672758993,-2.51768649481807
-3.64839653958639,-2.79295649356843,-1.56772385888408,0.205112729982095
-2.97317187631893,-2.27834568136819,-1.29915808023673,-1.67875694577479
0.188684339299469,1.61215432999002,3.16041300746113,2.39440274613978
-3.43083683982222,-2.15915345892872,1.67063038580231,3.13165004954331
-0.485367911894676,-1.74912257470603,0.519158945376855,-1.2444101520189
1.08240843505876,2.10483203091963,-0.123479855009489,0.706404333876858
-0.736128711874727,-0.0627126417552632,0.947306555850604,-3.20414772164276
-0.772064541319886,-3.3066025246816,-2.14405726604855,-3.74160432683961
-0.349557161210296,-0.204522034437707,0.492081855320176,-1.35177895276153
-0.558398046055709,-0.237261932864633,-2.36868788305548,0.0633159925094459
-2.04166103387202,1.76439409643216,1.61327839211747,2.4880771384573
-1.64687097832204,-0.137513028583696,0.0927057323439368,-1.29185577071229
-2.21160390443723,-3.67418120503655,-2.01995259234184,0.0535282462190719
-2.7372861943665,-1.41073803008504,-1.77061633946586,0.787444528673176
0.238017271337695,0.624817395355251,-0.117128536280066,1.67629589088612
-2.56035368413248,-3.15558518170597,0.168886284452109,-0.647540952201409
-3.04000740098923,-0.219684721415057,-2.44702449098069,-2.65794352426464
0.10205717096621,-3.18331162039395,-2.68523908982419,-1.16088287157164
-1.2168487980074,-1.26501310654451,-0.315806526938513,-1.64115614622559
0.376077495056744,-0.557715138166573,-1.08204292281837,-0.747914195216668
-0.533040338336389,2.52382647804319,0.657404760618846,1.11881074887239
0.965428740608584,-1.75307844293609,-1.13966430297629,0.939929753152602
-0.424228290498137,-0.528668556969649,-1.98620830780021,-0.482630197777751
0.278047979705366,0.195077365313271,-1.82202184149367,-0.0232960486045378
-0.687201587039996,-0.129813227276632,0.151310872256288,1.13640453703322
-3.02225679962012,-1.9694996628035,-1.47152088624242,-3.44012466110407
2.13306550274686,-0.675726775900678,-0.24531282443077,-0.0295188929765838
-0.736551342149328,-3.35036680537622,-4.07993153027009,-3.60573999142219
-2.68066663241953,-1.90706331483518,-1.26777495597884,-2.49573619345148
2.83434499904927,0.687090237090538,-2.98795583470832,-0.535892439290202
-2.08301295103002,-1.167374141772,-1.10525124961549,-0.365689832136388
-3.40921291016319,-1.5306831162177,0.102545428828864,-0.529637135620532
-0.118566956321689,-0.846126053988002,-1.57671097542985,-1.30402686481741
-3.65278023355324,-1.78835396712155,0.294843603016056,-1.13579610031589
-2.7428908081453,-4.49836684626898,-4.89757835497091,-3.11404929073866
-1.51792694466188,-0.714803180048077,-2.75135989370323,-1.95628320450241
-0.0349499963269158,-0.425811759743958,1.81325206799863,1.00804823398976
-2.6273656517345,-1.88792839240781,0.742195712406598,1.89777418434988
-0.80749047350679,-1.97814986460435,-2.34684788373974,0.170389151797036
-2.8024792867777,-3.31660593062737,-2.97793512831496,-1.48426501249949
0.0301966928596842,0.736211810283257,-1.70034828213742,-1.27099806212186
-1.77651421613108,-1.84188416914669,0.0629202791052663,-0.321924980423733
-1.06460595019624,-1.95680399449968,-0.582759355872806,0.232256250562579
1.20679381538855,0.214259197074732,-0.834023811522033,-0.630476849377213
0.780065662491497,2.65475174732232,3.456301301579,1.15947499471358
-0.987393447837917,-0.082162070453351,0.743535943456592,-0.608246136943377
-0.628656459347728,2.20368617202652,1.40591569798583,0.643216149350549
-2.1933287632574,0.39647843233734,-0.42223428779607,0.801597170559423
-1.29214433369529,-1.14963633518766,-0.771696400801745,-0.454736333431095
-2.0833981733824,0.061195240092084,-0.0149108377133378,0.363773105574515
-2.39808621801173,-4.64488779839704,-3.91047675755312,-1.53026814307698
-1.50700613495637,-0.775719332261004,1.40928726511039,-0.537830718750755
-0.761522259888527,0.896021699069409,-1.01901376304057,-1.98965676887903
-3.06677964183576,-0.994998498632858,-0.52793191836965,1.26163808341142
2.1825708988414,3.0559253449085,-0.235024834180449,-0.641655052503927
-2.1485407682729,-1.21904717845076,-0.724252364501119,-2.4495895367313
-3.15057074333208,-1.78959316562707,-2.13456246216814,-0.643732888640122
-3.11374073100331,-0.122432393303827,3.04513287082782,3.01944937962884
-0.879624217629871,-0.0697093948032144,-1.22545969258289,-0.217019678881992
2.19548541423831,0.834745792244408,-0.281871824757635,-1.10215250744795
-2.28214149222003,-0.405474790646231,0.0918090775547284,-1.29032551638779
-0.23063327450224,-1.61690803849846,-1.76201814260072,-2.90592701228687
0.851084458561782,-0.145366766276088,-1.36467883389374,-0.43763727854719
0.20373504882556,0.121647547414038,-0.298066235168366,0.163402542200518
-3.24289561596952,-4.05431652709788,-2.22947566588813,0.027573235422242
-1.81069317281281,-1.77043005718108,1.33559720934623,-0.718507918934741
-0.247727960541314,-0.499612561948756,-2.99231063836541,-0.274267368339615
-3.50230770971325,-0.50070708699007,0.833139144343319,1.31291082587874
-2.16235887269552,-0.65554436282217,-0.514463417166262,-2.31128007467022
-3.47937874920283,-2.14832336591563,-0.294113740710782,0.629685246821006
-1.76987024775682,-2.94954505073489,-3.18203659923632,-4.80920745042022
0.037113943487963,-1.85686444542266,-3.37519855902394,-2.66318784644311
0.128917007654679,-0.909418238414864,-1.44646865993269,-0.238180968335598
-2.4166430510921,0.552046974651097,1.28079304229614,-0.671898961166559
0.180821851489852,1.65483646681683,0.710592697476691,1.26830016657042
-2.37476001295299,-2.33867969138288,0.895707340124039,-0.0347865024787426
-0.320883886861773,0.517734360779239,1.05123061189665,-2.15400278661484
0.709366272718913,-0.514711719192171,1.35467944787717,0.348040786653843
-1.37110747057323,0.843903530581017,0.506376870442194,-2.27531586159392
-2.27364914080373,-1.91442488215536,-2.21616135045182,-0.878703048586308
-1.30494911858111,-1.20885659715006,0.0417556578333671,-0.0714650921792428
0.652951750022249,0.131783184957505,-0.362316876347511,0.644096735681689
-1.81172947321397,-3.57677375975534,-4.75413575132511,-2.8209674150627
-3.6684465703836,-1.84716644208398,-0.463874867937497,-0.87506211203265
-3.93348644924304,-2.98165640981823,-2.39634781269784,-1.61218001501603
-3.72513969764737,-3.5163624463773,-2.45108780506349,-0.342531892467321
-3.0860009389657,-2.11155410493884,-2.45039196403268,0.128508034672334
-1.13264780767118,-2.58578135607482,-2.00562879351493,-0.399485086047891
-2.74492194217614,-1.55501762896741,-0.282814920470544,0.540437794447059
0.344685015184924,-0.251609515146507,1.19165456446953,0.0105442199502135
-2.96103092369935,-4.25235389535962,-2.97886423678279,0.824856598161603
-2.53147004052758,-0.12704805532822,0.0772336634993753,0.231480698804553
-2.54087247748042,-0.550014938289136,-0.908495669519261,0.535914503639393
-0.748516057916472,-0.0666879836143193,-0.0187063274641536,0.127778454900552
-1.18467051417625,-0.995737500495634,0.569325970261044,0.644270851971308
-0.905848299432118,-3.13669322868228,-2.98883718462342,-2.22146437686655
0.578318165370562,-0.698999261784933,1.77806115819293,2.57339197999634
-0.991398246276554,1.34985597654819,2.14669737261916,2.7388523157053
0.712102082905077,2.17098689680245,1.24075514588981,2.24553301563865
-1.4866911337614,-0.785121806522676,-1.21767577050029,-0.876082114455785
-0.804356089707764,0.112497519017981,0.00845924932631209,1.87701765541363
-2.65513587304011,-1.7072385482227,1.18510996788928,-0.0201918301127413
-0.41370340323547,0.738088774857656,-0.908308641538748,-0.192748808486912
-0.497271646657014,-0.266023019876749,-2.9206088111916,-2.98688434218122
-3.56981724719816,-2.28978212467778,-2.58435256568078,-2.34480143000049
-0.326689687625375,-0.654952218706428,0.372100024057542,0.845031347458227
-2.2148641254365,-2.44377877777347,-1.34099976943608,-0.00150914676233738
-1.40530150685986,-2.82040269989715,-2.44940802420532,-1.93260666025507
-1.76448527832017,-0.871477994874871,-0.202280902038448,0.0360131111389621
-2.39684672951372,-0.665520799328675,-0.939624239021772,-0.637054340559244
-0.181685270505119,-0.608384010321816,-0.196091923924742,0.663046563912096
-1.43394484633885,3.40256830825402,2.76483350231119,2.18317934194246
-2.36256729010661,0.640132951587883,0.28860209502467,-0.787777659215505
-2.54165873258527,0.838099750806528,3.26662840886458,-1.08662668460743
-3.98686004393411,-3.26172052702201,-1.48022202235867,0.158668577160766
-2.52727217072644,-3.72715019175792,-4.70384914716434,-1.59383542358651
-4.98174673134864,-7.23513291334906,-5.81894980084614,-4.50068576260517
-3.20612729175266,-1.5584001049735,-0.446428013640613,0.0512357225651547
-1.28250810420269,-0.552383124494305,-1.27666473638444,-0.561547677680845
-3.07516195284902,-2.24295555069106,-1.91976541832645,-0.992842746560749
-3.47431353234178,-4.22930317366458,-3.64107442403912,-2.27574434853074
-1.55272700541674,0.163348007437615,0.47781701141058,2.58052092651314
0.054932562246584,1.21446954104165,0.300004881854588,1.12070609780996
-2.17577913202226,-2.09849336528472,-2.02097567544915,-1.07718762822892
-2.41642360725847,-2.30494410929797,-4.60149624064129,-3.53245595490267
-4.9848483783006,-4.47564454137345,-2.97342559878311,-1.38029610941373
-3.91242892132828,-2.55122938993938,-1.60198788536631,-2.08151155350717
-1.32895436006303,-0.259048666393762,0.264370899487061,-2.50890641928383
-0.261212310425257,0.957377277598377,-0.857078367736824,1.20395285893157
-1.04418492113196,-0.625183160011313,1.89127044901077,-0.0991689587239164
-2.74962810558389,-2.05526376783657,-0.3930383431923,2.52669337128013
-1.11468250344914,-1.70626269686449,0.701834732147803,0.384923777021843
-0.803142124673125,-2.01357344519192,0.557866339013571,-0.442782503963213
-5.42454515128066,-5.18676318828443,-6.20946342242559,-1.91052519520281
-2.50720271739657,-2.52389844928923,-3.41989366328956,-5.74095483458993
-2.53614081175739,-0.467985771038363,0.625883729182132,0.943186503846732
-2.80332403030296,-1.73196047380892,-3.3775298200541,-1.23200121241372
-0.209841819510643,-0.427805911917292,-2.88065986261333,0.357783838845742
0.224756913592878,0.688230594870103,-0.17203605590471,-0.0778464512020948
-2.36814405144504,-1.14587342448128,-0.551043586869533,-3.64284731037163
-1.91736073712461,-0.678910350257609,0.835708867500361,1.02293072895879
-2.7075007418047,-3.05057025375239,-2.99348276624643,-1.7924622653681
-2.28998128603738,-2.26570810324539,-3.17392475568611,-3.05316533704721
0.123843095312926,-1.56592019606665,0.0212805889084145,-1.37097078492635
-0.750375724206476,-1.43078276720072,-0.967726652201964,0.892970912463256
-1.39010447734819,2.58196112802648,2.61037238298103,3.05225978160821
-4.87594710178426,-7.08732390346568,-5.47562836898365,-4.63627549911735
0.49068049036898,1.84914672723762,0.616723745103086,2.00151476325108
-0.782667001588717,-1.46935096737703,1.62128031693984,0.837017400120504
-2.82173262558428,-2.13544295494917,-2.6807366469859,-2.62269583705314
-2.5461957163083,-3.43972547243652,-2.86520351232051,-1.6380782131123
-2.73935776092195,0.0412873006543343,-2.91810518254974,-2.86138183145832
-2.14074330459928,-1.13841812839215,-3.20492561177492,-0.4145418515285
-1.03634745113937,-2.15292723406981,-2.18298189139061,-3.07665398179333
-1.26937934397331,0.21796076350669,-0.479734752179026,0.726171281024362
0.0232057960811298,0.141129833168126,-0.888356928631646,-1.32227305553261
1.02865228866611,-1.02869045071302,-1.29425445565451,-1.03221636754435
-1.38404457565412,-1.67415044839252,-1.22872443887822,1.09115229809825
1.13378470014519,-1.63610650873684,-1.54790899060196,2.68102574160443
0.420438804437418,-2.25308881408184,-2.18947570938939,-1.97935460891514
-2.88637600211912,0.0480489931694859,-1.95136241770913,-0.324654922094908
-1.66928347180619,-0.259722200163683,-0.370095207422538,-0.134683636364128
-1.37888494060968,-0.944543179623366,-1.24159830582233,0.405223780832523
0.180196383377497,2.58744774772841,2.67701978155537,2.45756871132548
-1.63101816484746,-1.62661096123693,0.645312776645461,1.76972369918752
-2.29718897418251,-2.55347564010948,-1.50924920610867,-1.1143076433206
-0.935604005148606,-0.367692139075275,-2.21221532902663,-0.302237366334236
-2.40445042862978,0.00362893743548343,-0.304418817671643,-0.591104649333855
-2.91568988169462,-3.24573245195802,0.704322882327484,2.6253932262309
-1.59165876644712,0.797429864605363,1.94061434742387,2.15694019747795
-0.395325862268104,0.238258131658382,0.489340167449494,-2.8230460929493
-1.94915703209101,0.119677731110839,0.897796465756894,0.261120089142318
-4.50291707394655,-3.27782728910193,-1.46008175460879,-1.90429930693731
-0.793430269672937,-0.809782096245395,-3.31340149351263,-2.6160764964646
-0.308544866409768,2.32063573553246,2.32887956955424,2.13463952207435
-2.05686236023851,-2.188310869457,1.00599394403075,3.05284599570297
-2.05069510910666,0.139812414981244,-0.041891467970588,1.59488049268069
0.529141064934395,0.14119326378525,0.462876116618973,-0.202387530140164
-1.84252545021861,-0.222542094656306,1.74537698925954,1.79894373745967
0.0439459931276472,3.73956061586708,0.395596120754952,-0.933710301834075
-2.31426636713101,0.763306712884277,0.605802041872826,1.04294286320841
0.0735760743383421,-0.180483467892868,-1.40179300767373,1.02342910288297
-2.24233136328109,-4.04955203645235,-1.40080732803871,-1.26119934617203
1.64030035265857,1.22248624678965,2.23374661950178,1.17695505561787
-1.59079868655993,0.268180348575103,2.60728617044111,0.12241846400538
-2.08824547491719,-0.551391667091156,-0.13838199244416,-2.38518874496662
-1.26944630979059,0.968357553230345,0.480157706490974,0.906953488612992
-1.58569627902826,-0.678257991333194,-1.63084800068602,-1.26433032673576
-3.51981750387309,-0.382640792564118,1.21384324673652,3.8241431412038
-3.22688813181253,-1.05165470007126,-0.68421718789579,-1.37538742190911
1.13328296834789,1.40301427559619,2.24095038351952,2.38115229162126
-1.32385957033981,-0.697171185147214,-1.98872180578511,-0.590320758156859
1.52918990054348,0.538029159065757,-0.686380570935239,-0.314266038925993
1.16775060791348,-2.36850231484043,0.735445993655564,0.778432153586511
1.21733441490114,0.941658503366924,-0.928750492864131,-0.573651120507752
-3.17537099969722,-1.47683041757002,-2.28837858249621,3.28971242629214
-0.874471428233169,-1.38636823759676,-0.549966659887014,-0.555264544609491
-1.61082572671915,-1.90600520775664,0.360963483295699,0.686249400948745
-1.06418836855765,-0.99905640989726,-0.0797285056611576,0.437465749293661
-1.43215057366177,-2.91090025747228,-0.984192390293483,0.495847365994808
0.676047100242124,-0.606323155997458,-1.19328755411263,-0.568884658575023
-2.37354901785925,-1.80883265047129,-2.15746546417432,-3.31023140258324
-0.336095277450454,-0.177240840642688,0.148629525290457,-0.873807439018002
-0.484381115005566,-0.749996417014239,0.989209567031647,-1.16558669332373
0.465796748444568,0.717993080267816,2.55699737814007,0.742743545517902
-3.35302317289421,-0.241057101198015,0.137819943364831,0.0748391874392214
-2.75642252737946,-1.77413327368288,-1.54350975940219,-2.30584413359304
-1.18124361456599,-1.85027224971659,-0.643778747613258,0.288500718341329
-1.84663379313019,0.231126897191646,3.02493162282205,3.23895439971685
-3.16294639788939,-3.79930035630204,-1.39931990810706,-0.765662604605459
0.916594833914779,-1.60710221906159,-2.13415835561608,0.0998642181334172
0.495774456723569,-0.955221929898543,-1.30803397602401,0.64093942474243
-1.3549577025504,0.499208156006156,1.04565284771437,0.805251989750799
-0.135414978282333,0.170671195954898,-1.56172647962585,-1.05060657494155
-1.5973927415455,1.17255036002005,-1.68253436410281,-1.05082969053444
-3.93221050205293,-1.41157817410254,0.220762263970845,1.45385450587817
-2.33231449409732,-1.6280503477102,-2.8253781708386,-0.994688459433241
-2.22047034854308,-0.985787975991643,-0.281418409596231,-1.34694661304056
-2.681192967942,-2.04998729995376,-0.452458808551261,-1.13408834469275
-1.98669615043826,-0.582588848305207,-0.752244748634346,-2.23738804247679
-1.00550071566908,0.13734202128783,3.41384910863272,2.48894697303381
-3.0043008952393,-0.0714085966122354,0.0265588617550399,-1.0309456292779
0.106261382094775,0.606679494997825,0.719004457664329,-0.562991652753475
-2.39504312060018,-1.51460815114789,-0.7706669481364,0.629330751426554
-0.869240779634836,-1.42099111013868,1.95291046055091,0.648904686736956
-2.55759819534245,-5.86680062571346,-2.81945798416909,-1.34914043811593
-3.67217822022814,-3.73514695624964,-3.48342253901918,0.10616408618156
0.274579394687412,-0.560971554655127,1.03662808774448,2.55916924911805
-4.28024883979387,-1.22536864066962,0.993995769705502,1.12731327909898
0.16669957066345,-0.350793883927073,-0.298194716322501,-0.902644980050171
-1.66658414684555,-1.05808021153806,-0.570920007391202,-0.314675415906234
-0.695223186291237,-1.25586597160149,-1.37985398136968,-2.1295382837083
-1.05184241019612,-0.280394355487648,-0.579695371362804,1.28955770429775
-4.70090309824589,-3.34950557926337,-3.22641385666378,-0.317686969228778
-0.532854897534472,-2.97524926841034,-3.57160418136416,-3.96078012490827
-0.159286487700452,-2.22181610810612,-2.43666611672669,-0.805516095793258
-1.28813128880345,-1.55079605988675,-1.04164361284241,-0.672817752461254
-3.50397153057046,0.276841816856523,1.52887819133049,-1.29672148561675
-1.55488100009156,1.09119881433683,1.3572776964631,1.89730111455305
-0.511248806413881,-0.0217602246307527,-0.317534332436445,-1.58252964245751
-1.45442596841168,-1.43944339471546,-0.66817916313771,-1.00169652162007
-2.68942092089281,-3.3929661716167,2.63513504860816,0.534253551354113
-0.973942800911748,-2.49364255802352,-3.10965715442583,0.39754516762474
-1.84764725451966,-0.37434504913162,-1.97155485293684,-1.22290666021334
-2.01189592478714,-3.55257515030873,-1.69452872214149,-0.192358801249024
-2.22684525331388,0.540444455979347,1.37276160154368,2.03429025309824
-1.0386011848431,1.82617912416084,0.894568163601096,0.494499076785362
-3.88853129681203,-2.30248281318121,-0.217201134370287,2.3121225109928
-3.69910671884039,-4.26424063948861,-4.5420266274331,-2.615740266342
0.864312731771771,-0.618657798867133,0.952153758433352,1.17423311966587
0.751731820443529,2.57067674783549,2.9922778107266,3.76574995921841
-3.24845526321002,-3.6816423570855,-0.670129717998028,0.0962127056384141
-0.85338686411708,-1.15767110698474,0.00390275037573897,0.568393561410255
-1.63187368138486,0.522264436678617,0.57951243408574,1.02138307511249
-0.820723316392796,0.15918133563442,-0.44493707905565,1.58789668107704
1.34304258886122,1.53644683388547,1.35880154572316,1.01683300321177
-2.29192003356751,-2.22900681024362,-0.334715831745562,-0.75979785221142
-3.56246799152109,-0.788477497714027,1.30563460771021,1.04930243600062
-0.522996961658193,-0.571603660171886,-1.77345894391831,-3.11636867736779
-1.44589652398606,-0.494233689651622,-0.27764696786012,0.810282509049974
-2.63044690846333,0.188736502582405,-2.39606276207547,1.87904349514886
1.87925367721375,3.49455560603821,2.46852173102221,-0.118189487370785
-0.783954881755018,-2.19741628090371,-2.20140269824537,-3.1980759020123
-0.583617541375424,-1.62251897561875,-1.18621294687789,-0.729568852625978
2.39906354452757,-0.603790463001431,-2.0693378267388,-3.32580787501452
-3.88284916530391,-2.39802852018063,-0.284225934989231,1.42378436585125
-1.10565296691878,-0.859280651388882,1.1379553477323,1.71051983170602
-1.13738214955264,-1.55729049393893,-0.296666411901693,2.29466095380391
-0.997133310219433,2.87077561276238,0.935220567970549,-1.38197715201392
-3.78459078726369,-3.75678336345242,-0.107941256520353,-1.52744028547838
-4.46983610885426,-3.53527843808893,-4.04099078629486,-0.27067289953724
-3.41722229531601,-1.76513082311266,-1.14180635227757,-2.93633883814878
0.255904783410782,1.10050465789425,0.510109344116873,-2.14983336383915
0.141520762841696,-1.21662526131526,-1.34828266960808,-0.646571440756056
-1.64669741163222,-0.230772844567738,0.401740767475189,-1.30450356352332
-1.02719699986839,0.55125160367737,0.16941828826525,-0.37537541792034
-0.221779365515184,-0.988977836493394,-2.17340870713407,-2.92575741177952
-0.682243487117812,-2.84070416538204,0.66904725926203,2.04263214131549
-1.5057906526868,-1.89715069394826,-2.45141584745389,-0.37554265117483
1.4724110253603,2.95410342561632,2.29536361474552,1.69651128575583
-1.72244307397586,-1.34242663181562,-3.07115897615761,-1.33081655322346
-2.77132616821578,-2.34220002423739,-2.07526654326609,-1.79067963399726
1.34347909517971,0.40550258529268,-0.663405406695038,0.3351410169981
-4.28434389917102,-4.90922628271628,-0.577515091619331,-0.356878962053641
-1.30626951755083,-2.51818509475092,-0.723576080637188,-3.06777850280013
-3.71279631683556,-2.31938541147553,-2.11990199389857,-2.02671057805985
-2.54103498348105,-0.584579431946449,-0.630561960212732,-2.81603486296104
-1.61227920296892,-1.26738867883232,0.141527522170984,1.85451861522601
-3.33552463712402,-0.234899618669147,-0.192127773568341,0.189573388964749
-1.14114200590014,0.479931868812771,2.60214678688028,3.40147104054725
-0.816141068279912,0.3350204599268,0.69321119771554,0.493761041742777
-1.16953438968221,0.427777752915381,0.494636470235287,-0.119731081347841
-2.00419910524139,1.29825097342513,1.38669408621687,0.643537397660447
-1.22485118562772,-0.0295893325436145,-0.27126704622594,-0.177371410984322
-2.67503330811932,-1.52440632148169,-0.891782216775348,-1.57030566893363
-2.13472298249335,-0.401314484502701,0.370088994558373,-0.197159032122588
-0.804657115816781,-1.02893668652623,0.485349644423697,0.0996099575777474
0.680332072431406,0.0189508902969693,-0.207023902734568,-0.0672010829766554
-3.81497409609816,-3.36355911005761,1.66405354453612,-0.276972354928993
-2.79373206235554,-3.57691027007064,-2.46530482611477,-0.329782322103014
-0.455519578984967,-1.41779202259864,-1.9616309428475,-0.889704862631528
-1.67731959114192,-2.65938463263836,-1.03707407978257,0.283841616699409
-3.61869135004505,-0.367925032629876,0.89197272503578,-0.376602448135477
-2.28290224522874,-1.42143432405292,-1.66357674119801,-0.75259258687689
-1.53695143201467,-1.00476352231234,0.557325146491677,-1.06714793627305
0.684725693157334,1.70151963491823,0.226264526236003,-2.75305915872495
-2.10255775924115,-3.59872372082871,-2.44103700334361,-2.30133790115472
1.29994918864814,2.5750787092637,1.30089438231119,-0.718689352240444
-1.59739546404673,-2.09553883010332,-2.37004237921328,-2.13693997162906
-3.8424736633143,-2.42024102994502,0.229381178796827,1.12810787485453
-0.18711453452204,-0.0644586767957709,-2.64139883916624,-1.14633277469943
-0.123318031964479,-0.026756241250462,-1.70832701947229,-4.11669223027482
0.417716810137245,0.176275624747271,1.89918745042041,0.754845324954994
-1.72809436488312,-2.53143596339806,-1.07857068851309,-1.93052486072754
-0.66825482054831,-2.94858588499188,0.207038135833,0.138918787966404
0.262473002657555,1.9597200522259,0.198240793002723,-0.506243944771031
-2.85125654284333,-0.551955913703659,-1.56379548318964,-1.29573707399495
-0.97869462466603,-1.23886158085855,-0.806864144987405,0.0676226042935535
-2.705152975835,-2.46856570519696,-2.0999505331089,-2.75152365764321
-2.54349022362401,-2.301019381559,-1.69858324801453,-2.87648044459887
0.905055337544707,-0.0793947139411606,1.14438462987071,0.0545407353289962
-0.080274176738197,1.77161494102906,3.36116303725044,0.535428390977657
-2.53068771673596,-3.78547483538686,-1.3657308795633,-0.768685777412307
0.600171996782727,-0.0254160650662486,0.276114853191162,-0.88057064246832
-1.87052375466753,0.167721362348762,1.45337194334448,1.36164226659262
-3.82673034281129,-4.53639998246547,-1.71441488942165,0.327547537412152
0.781385242151562,1.09573520403483,0.996143726324273,1.20689909713831
-2.8141520828456,-2.05752624651741,-3.21561094032723,-2.22360070011072
-1.44093603815085,-1.96639829394689,1.74289868518426,0.0762079541751987
-2.23138166684085,-1.17186434393609,1.22121880465258,0.379156341817172
0.305298245727698,-0.829146109951881,-1.7887299811272,1.05734634116263
-6.07295678157165,-2.78977274166511,-0.640524150856096,2.03639063704151
-3.48674427390508,-0.332379415487743,0.841423046115407,0.496952393186271
-2.2254581238281,-1.97483384576097,-2.59770022794753,-3.06353603536142
0.611334929202463,1.01127578776018,0.356229752273479,2.61856288950717
-2.91776045097864,-1.33577748654177,0.380963350002816,1.95101557177859
-3.19847997102844,-2.75957635358933,-2.49242065978097,-1.4052923123314
-1.53945230894957,-3.14359735659119,-2.30229803465072,-1.67222458851959
-0.241857594457429,-0.664496741035687,-0.141163429052421,-2.45999607103036
0.622282115803123,0.586645855438679,-0.865864252967125,-1.07029792424287
-2.43080425086233,-3.33349236087577,-1.63349722818206,-0.443450823810798
-0.996617978599656,0.890551239239766,2.37910712715782,0.381991960984952
-2.61551555400568,-1.36210484938594,-0.104492145358046,0.360093742755481
-2.86951416952274,0.614590165555344,1.39097398070289,-3.70424556351458
-2.65596984763481,-1.70893923907104,-3.91895567604265,-2.96034601757079
-1.41707079741211,-2.00607347551402,-1.49087445081894,-2.70457065039688
-0.983823802206073,-2.51005827362376,-4.41770192683272,-1.95748815980239
0.336869125968906,-0.494866450293233,0.314398826678826,-1.17664105164959
0.312324930891037,2.28576374092066,1.38863681303691,0.720110519451124
-3.74292037833624,-0.576272907904593,-0.372869480807378,-0.456417038088441
-0.79498037533579,-1.18746135616464,0.635352243368196,-1.12922932565178
-1.73482550359488,-1.53032914221056,-0.772807621254993,0.0466876221745933
-0.11520902233081,-1.90303629304823,-0.244855050574684,0.418331582738789
1.24663742471221,-1.17710237892811,-1.34183409710083,-1.57269235591649
-3.85544636984283,-4.18636174671295,-2.78955015031012,-1.1535152557424
-1.24983939405618,-0.960876052083343,-0.963359268453462,0.581923806281699
0.494738944281753,3.29734336769053,1.42470873304069,0.157563079031033
-2.56608442111599,-0.429556180333484,-1.27837740577963,-2.74684702108991
-0.781016632431432,1.04889142204748,-1.12626303129152,-1.94227510264818
-0.783982874488973,-1.20906934165961,-2.33593688365832,-3.0389079986066
-1.68075075577761,0.835563811619411,-0.0860417282124615,-2.0922503275129
-3.68071224148644,-3.98217704956383,-4.0574627592271,-2.85515356432323
0.699918055973106,0.148668522853546,-0.251484721299851,-1.03860717549529
1.11473057014511,0.0289972093910681,-1.14085222587533,-1.06605199311149
-1.37011438703714,-0.938583218411731,-3.1429217525026,-2.08452501534723
-2.76677976453698,-2.35910733497838,0.181957988112816,0.408579810476667
-1.47007097753313,-2.26295059309566,-0.855782500325988,0.674506470112092
-3.66497972231102,-1.94087193400081,2.5514394623269,2.5980813224814
-4.00288799027368,-0.022916838199453,-1.34314618983725,0.964445043892305
-0.617189646579767,-0.353361885535106,-0.320718206335004,-0.101221979995143
-0.675687626415033,-0.49304088503511,0.941504236762584,1.10829077179404
-0.7178457772247,1.14804578127708,0.649944506586995,2.48794116419364
-2.25546934497842,1.48656525872837,-0.211364054708456,-1.77236824411556
-0.169054528731966,2.12538490114656,1.07410430040779,-0.808724365846835
-2.33359296519494,-3.4748287043495,1.09170434516319,-0.440635332744318
-3.61387281437654,-3.57620751590014,-1.66209556892212,0.669353668436965
-1.24523540569614,3.06368206877086,0.89838739221043,-0.141278080831461
-3.23841775377783,0.84987983794089,1.46005153738654,0.198805239475487
-1.80934371197322,0.591704472431762,-0.768678004165849,-1.76078296608842
-1.51399551399079,-0.67815377127453,-0.0202915275745922,-1.03259486278194
-2.92053376000217,-0.816203665834045,0.872867991156399,-0.107933854851279
-2.30323782382136,-1.65525623452618,-2.69387083273267,-1.26777146211973
-1.64596669985883,1.50564958457299,-0.935283158595747,2.26578029291626
-3.92482802297022,-2.50704903185807,0.35046105765766,0.253719608965307
-1.42825443335534,0.0381621876013765,-1.01063237793473,-1.17175561915992
-1.4992406923363,-2.36194285760756,-0.961515356742927,0.922004368338382
0.986328391064847,2.00914405726555,0.76624103659416,1.94863482373489
-2.74154512548017,-0.183439545719285,0.100998629280223,0.783555008377342
-3.12094491056389,-0.381433875548329,-1.2521287354104,1.03544507222366
-2.3454211209629,-2.68328985242124,-3.56831520588703,-0.429926123248971
-4.17344208797864,-3.23424647547282,-2.18688082881522,-3.44149288670115
-0.149754413828537,-0.303905240766122,1.10833707120292,-0.21808662802107
-2.72551237262591,-3.02370708115379,-1.90822230250893,-2.01297927996379
1.46395050018156,2.2147951648529,0.100835141238372,1.15077289858416
-5.13538916478132,0.373915826591926,-1.02926151988294,-0.909485331876979
-0.0520817333581486,-0.759920645448317,0.633821951551167,1.01677263316521
-2.47515943546902,-3.96325638701771,-2.32804579914302,-3.60813109027599
-2.44957096686263,-0.576651525304123,0.757785867821156,-1.96956373342385
-1.43834826740953,-2.55127048336381,-2.46906425216174,-1.08375090662669
-0.984528559679926,0.168682791422617,2.7682641729424,0.997713920942692
-0.156489903762924,1.14186364432047,2.57690058037129,1.26686329947442
-0.0127830912123579,-1.57405889357594,0.716606005000065,0.40086150097841
-1.72879157213953,-2.04549994309542,-1.38452627038528,-0.666954185799154
-2.46227628564279,-3.29937788494167,-0.122716027175868,-3.33441512146324
-0.56714408643452,-0.0529554480834782,0.538299960190643,-0.437652560827223
-4.22378726628319,-5.17008806262201,-3.32853280240133,-0.877511305408595
-1.29813298421082,-1.41524919696506,-1.07905512888145,0.691626758198728
-2.08559087819109,0.0877568478545581,0.404556773587813,-0.87181449430103
-2.73559257143601,-2.68016659675563,-1.82696645950056,-1.02678256364196
-0.48500087015293,0.106904210260266,0.42314416259401,-0.547072289474008
-1.42802078400487,-1.63321604980406,-0.883115131461007,-1.46919588808958
-2.80133391728764,-0.240554764194387,2.6646236108861,0.111763756951649
1.66738207428489,0.248906540322255,1.71206265710288,-0.413859455286333
-2.36039855779721,-1.1122004984428,0.803335267038327,-1.30500809238431
-2.19718873264043,-3.46887644199549,-2.8217838843837,-0.506872448532782
-2.34395384859371,-1.01290756870514,0.854565152346693,2.31202097401342
-5.04944858938357,-3.67952200139706,-1.43105054724391,-0.588908329878544
-4.13234965984591,-2.93138362966549,-2.56445139063473,-0.299098182579627
-0.627342120400161,2.16561167722177,3.38262763283495,3.3014848150109
-1.12572803536575,-2.96289067164386,-3.37117647952074,-2.66017160782577
-4.26184783474838,-3.70641564943297,-2.80896884429591,-1.40093159442133
-2.75574391628489,-1.60951793369799,-2.42723744562902,0.331425281625151
-1.91881997796121,-2.74269206795063,-1.24317563194364,0.211268942306261
-1.65650441429348,-2.44837631578233,0.00580710260794148,-0.991471118413926
-3.9248893712359,-3.82951397297336,-3.21874465315487,-3.61834532286639
-1.07614743230499,1.18875749009238,1.19458259685547,2.20565812581662
-2.37231172482158,-3.78421689116344,-1.74897532666688,-0.837114706022546
-0.575570263855982,0.909712752292619,0.995298069970664,1.33362282545309
-1.18720540852749,0.0301423343252978,1.67341506556646,-1.10031625110307
-1.1333238948652,-0.750335290030881,-0.240133323651129,-0.387956397508858
-4.53744042867965,-2.54851329882777,-3.04437257429987,-0.638483790289928
-1.79311984110322,-0.688899756844454,-0.61094505845128,-0.294131077738412
0.680429525952635,0.0814319769471055,-0.757535029523132,-1.62217682877157
-0.658355848156851,1.45753146644434,1.75725718781903,3.17761978008194
-0.167814670220612,-0.793209089146892,-0.426048312194257,-0.257411736116363
-2.38802298866595,-0.87664569638874,-0.257026743526276,-1.1745090877673
-1.16773858072396,-2.23878241840661,0.660146959432926,1.20630288378689
-0.346967066248664,1.19082242509646,-1.03788781743884,0.94806927764066
-1.90518289587413,-1.10909202523562,-0.50494616805902,2.91570636714421
-3.07329597327412,-2.89911305080204,-2.44795502367676,-0.389629299740107
1.00214340983041,-1.37801226789118,1.49550161159914,0.0909263079842965
-1.2691505731108,-1.3872400863688,-0.529748297404963,-1.18272875906014
-3.51125604964014,-1.42802894308593,-2.63774064849736,-4.07873069298825
0.552222700030421,-0.0463742878892319,-0.230831539428288,-1.4303785825588
-0.653440456861865,0.104827155052061,0.681802383905118,1.54411739964998
-0.229446548365559,1.85433629614719,2.5161058682473,2.18925901793471
-1.06274732041967,-2.60246710705198,-3.66511449439934,-3.07206661581312
-1.76648909777276,-3.34819126099528,-2.46508479181907,1.14975485260706
-2.08865006330018,-0.399620094522925,1.35988061852918,2.26562409251145
-1.8908543063954,-2.76797519930313,-3.71685928660293,-2.20630753392956
-0.590510983631928,-0.334052306742286,0.186370013926738,1.11920286454929
0.713924650556425,0.0258577759968613,-2.15174371530037,-2.69135744085174
-2.29235057092549,-1.02743306091529,-3.3811984985495,-2.18232789939811
0.672110505153968,-0.585335732016155,1.53609467495848,3.50707313258013
-4.25718609654557,-3.61767414469062,-2.27937703885356,-2.48731317589277
-3.08764247468933,-1.62528888188016,0.0290297080738852,2.03967036178171
-0.972410657963704,-2.16272512613252,-0.943099594600872,-0.406636549972529
-3.63436908629067,-4.50203871209188,-5.93871993115414,-2.38606182407295
-3.25150142012905,-1.59112460663135,0.12672143110282,-0.129879062209114
-0.837828976688491,-0.810545194179315,-1.44273672828362,-1.84272476042986
-4.7935835710577,-3.23614876281509,-3.77307635763078,-0.555378846617075
-1.49994782907578,-2.85413482971136,0.209534272294951,-1.65282857380107
-1.3480594531335,-1.09603734555421,0.185549910912098,2.21359559889744
-0.462785094923059,1.15552822854141,1.65053574724464,4.58815987353592
-3.49862428484371,-1.17416653119431,-0.485417858118907,-0.529835663957812
1.19726164023358,0.972828083675488,-0.93613946115353,1.76963903608821
-2.97896178373794,-3.17055530020699,-1.01008385562799,-2.24767489480899
1.26013125731382,1.02540636491556,0.34501918270339,0.0312750358436373
0.0858850548392317,0.424124012159106,0.95189834172874,-0.307081064469289
-4.32773615109925,-3.42205690409162,-2.29015043246127,-4.0282200347794
-0.205649915115647,1.27673207497606,1.29839924530509,-0.443376810809933
-2.05435179633865,-1.92148699171634,0.561925161182234,-0.798952859509669
-0.630286265774664,-0.129649420361159,-0.968305947622665,0.294544042574589
-1.46038217912526,-2.44404501725164,-2.69082079663819,-0.92317553985126
-0.393349870798591,-2.35832890942432,-5.04759461040029,-1.77806198120806
-0.751987247702095,-1.5671500456395,-1.48606655297324,-3.15488510532076
-4.11610077081546,-3.12909879324108,-2.66215892741934,-0.362130422619884
-1.34583051229045,0.359450430496522,-0.684652653043982,-1.2196042548686
-1.26603047817338,-0.294334402555071,1.40773696754315,2.2855075580244
1.23121112309314,0.885273343579646,0.991361284523244,1.59870869901305
-4.32765743064294,-3.91008229405015,-2.15126935935037,-1.78029262563466
-0.279176541414735,1.89919314250435,-0.50529332876231,0.861798273021208
-2.06143611326422,0.388360084644173,1.63409028048665,1.29276767429877
-0.722247029478713,1.35493401814489,0.613700886515461,-0.777475875982256
-0.441359906669156,-0.251967686543954,-1.28860908141508,-1.42493100444143
-3.36239869479216,-2.54235784714635,-3.11700566348898,-0.836269380198857
-1.59848987340644,-1.82445318954398,-0.719020436641746,0.241530383241087
-2.97343362754636,-1.93853887693563,-0.623881589744748,0.566357323604896
-2.98913483504083,-1.27814073885475,0.698236215450666,-2.46133338989833
-1.57003662259717,-0.0544947881946025,-2.32192983477443,-1.11753509494292
-2.30104135357297,-2.27858300618148,-2.06087256440159,-0.47963869065902
-1.7367396473573,2.14136940724955,0.7259340550501,0.635860207688633
-0.790866788352093,-0.463419691088268,-1.59409635501387,-1.3104380162658
-0.169394770553398,0.0224327230433865,-2.42641690014571,0.212156465808987
-0.65508922460752,-1.77435155907002,-2.58237520832483,-1.97313240259257
-0.225810379208604,-2.15069904135024,-0.533817528607342,0.801697102225521
0.706945031397022,-1.30040808373881,1.64813892419732,2.05321337754759
-3.02395650222164,-1.56937586821022,0.113028829688587,0.292537762161155
-0.256818242759693,-2.48356179387497,-3.78759547864977,-4.37272177321138
-3.36087152095689,-2.8611354799342,-2.87256588654546,-3.06296354864323
-3.0510965996514,-1.15575892957592,1.70391191999668,2.24505312270872
-1.67030275681437,-0.815216673100598,1.93749117814544,-0.0821737154563368
-0.625288093438693,-2.6426290951217,-1.55438819395993,2.25204553184496
-2.8956665384488,-4.42580635092551,-2.15231728884058,0.205590620473471
-0.90873882341787,-2.11865275521641,-0.413922615820496,1.22459011932986
-1.71755058248557,-2.44853838792768,-1.79565755270208,-1.53330142916676
-0.354583304003108,0.139985328736414,-0.439105238138291,-0.904759708781213
-2.65580890610316,-0.0242597513243612,-2.82494112212792,-0.412578493275813
-0.243117584109634,1.69693926632056,0.238207613415874,-1.34999786378838
1.3257881603704,0.21730698872679,-0.117093311392563,-2.20909592161256
-3.38425448554281,-1.18001742382154,-0.939347069351769,1.1550094481967
0.204919054202055,-0.379134108010896,-0.116570245721585,-0.289903569956921
0.0163835520084452,0.811183117730679,1.19392588095546,-0.404173293788701
-3.39317724642551,-2.96557760095321,-3.42099610210241,-2.30891604700205
-0.963682500520819,0.104299710516644,0.454380622641107,-0.258833861725934
-0.870218433269094,-1.54107691557324,-0.784859955488866,-1.12208261278864
0.979135001927513,1.34205016958364,1.01844475347399,2.91778894753099
-2.83363570464318,-0.391764912669925,-2.8250665174185,-1.5594092495225
-2.40760837179412,-2.64652022205157,-0.175345085822381,-1.01670691180202
-1.0042851589166,0.680995865753064,2.83046869364246,3.37573393791345
-1.25849382326799,-0.177112669499757,-1.03709366998861,-2.03308047957011
-0.619390057561004,-2.7645591070853,-2.25875988562903,-1.14086651958455
0.585287523941278,-0.537924133365925,-0.313288864085454,0.294972160206686
-3.41614308629769,-0.194673550670585,0.265715592613659,-1.37811329197605
-0.465567364264379,-0.808725041753615,-0.732398024522366,0.199286008632518
-1.69354851178487,-0.150007853323411,0.137212685775425,-0.292829446058329
-2.45489062931298,-2.62964098986291,-2.1402528921298,-1.93732998739518
-3.97963432533127,-0.871877941687317,0.454227204904284,-0.821325052124624
-3.79880727470938,-1.41706084145039,0.732301447773123,0.221413050598333
-3.68685237417186,-1.80151613252682,-2.97963580596717,-1.67575851351114
-2.30678293380756,-1.60821731956823,0.390686701443888,0.709586344961586
-2.76340752918592,-2.86728203940807,-4.27419267248719,-4.57795223713949
-3.40415579584759,-2.90198414244166,-0.470030215272799,2.85576838577276
-1.3560271741587,0.367056257021823,-1.00666824820077,-0.300816688131979
-0.942879690852153,-1.97102647327889,0.872804751641008,2.11293176449647
-3.79206980892422,-4.38250843784331,-5.42958459204,-4.18145763845531
-2.07900198525619,-2.25156957125724,-1.14240588916842,1.20642629216765
0.139939618237105,0.604987777089915,0.0510324492236303,-2.5677216448861
-3.42961691509965,-1.3385018544764,-0.0713298287512873,0.338126709664808
-0.732884466697132,-0.464140059473651,-0.140958517880514,1.46173635720052
-2.09848382394069,1.70337975503605,4.04243153554097,1.83322351800324
-3.31986696319035,-3.40574894916388,-1.59539310892359,-1.45489154122838
-0.96181508928077,-3.26664550684866,-0.601151185517343,-1.09577015618081
-2.11992856230404,-2.18301389086825,-0.9940972386075,-2.18131325932136
-3.80033227998178,-0.668758031659375,0.973708363291466,-0.380595011375674
-4.00407768488429,-2.40245190518591,-0.957018568461521,-1.80724041185742
-3.19416237571426,-0.746418326593916,1.46901419478564,0.513128801027015
-1.65053848121438,-2.15714462790385,0.154118996456047,-2.17162168292054
-0.392996711852218,0.249358725988616,0.12865385361507,-1.25727835719308
0.138377851464388,-0.827246381825217,-1.3802117668743,-2.55719594371089
-3.16972533869685,0.333032871144893,-1.08374425490875,-2.53688667561836
-1.19364259996197,-0.626512332948522,0.2524897662874,1.07359736166895
-1.57838183550932,-0.82300418252073,-1.56067814928538,-0.766540375034146
-0.928872168977305,-0.256729630836274,1.41367177407473,0.829925196790404
-2.071667671755,0.0591995956431232,-0.332726970220496,0.514540757520618
-1.5682504765355,-2.63868476082184,-0.535033966714251,1.80206011691208
-0.661292385022914,-0.048087284284662,1.68018018235568,0.184719055667207
-0.768314221610482,-1.19657362212281,-1.44163813959943,-1.41371859256518
-3.1823764678023,-1.58984019514867,-0.4495209174741,0.918071831574975
-2.48974779624803,-2.42446003542563,-0.289480193967119,-0.274294602636208
-3.57458333206751,-0.476056652160783,-1.06131699230639,0.31367833208388
-2.85610786940633,0.267165245633384,2.37989590511467,1.75183921736666
0.658741803725689,-0.856139010892906,2.40622602648321,0.85539579828966
-2.50031803298811,0.46745001663908,2.77309049538054,0.00143448517823963
-2.46570222713636,0.167051065758752,-0.507984599004912,0.257400651133054
-1.90519814010719,-0.76401479222696,0.466506569357364,3.77465823330068
-3.47745911559685,-1.92550775963543,0.625172907310593,1.47476345158872
-2.0910975301665,-3.52097958311926,-1.64730403604531,-0.0580848809076417
-1.6470400668103,0.165612175367526,-0.288909713224508,-0.802435102690701
-2.24629227093566,1.40225972171467,-0.512989934903151,-0.729015087680738
-2.66736805305554,0.273700503944583,0.426835547101818,-1.46663464128787
-0.691121557706479,0.482825281153403,1.7350005563175,0.781879886146321
-1.10084063796902,-1.48311969292211,0.0779329874560153,0.103109937063706
0.82745575005351,2.25873490963209,1.77883654948428,-0.369584653765364
-0.354081889638614,-1.76354900271488,-2.29250081145694,0.121443998415276
-2.19645217596328,-4.17881349364245,-1.72234569730838,-1.9737267199503
-3.38877317234515,-5.24296395874704,-2.2045932483202,-0.815318873310767
0.402349143241838,0.893307449405541,0.295234818328151,0.246177371073578
-1.11533857221471,-2.09202885314726,-3.30587524125979,-1.16809860980581
-0.791691943026961,1.31180488170828,1.83060570432261,0.354528925605027
-4.16752953157844,-2.41683116977381,-5.12256741464489,-3.91506910922677
-2.05180207094166,-0.888102958458324,-0.211920595257893,-0.984154700728707
-2.16176793429373,-3.43692171837183,-3.34877095369458,-2.85417080973681
-0.734679501803879,1.92363406367414,-0.247627890545251,0.047318644902484
-2.35440827831003,0.722727551692075,0.986352621116142,2.36646486577227
-0.623182263456071,-0.0883909154681,-0.0517586524275555,1.21279521336307
-1.3634796902072,-1.21639893892155,2.27481118308303,1.72249444986853
-3.88203202297074,-5.73378162132529,-4.96455561549414,-3.08529968850609
-2.97160514534781,-0.829703139046701,-0.0833636725270294,0.243323976798168
0.848145468642965,0.290671398566085,0.246890928692827,1.92474696667259
-2.59196704928382,-2.75114692634999,-4.23031877418418,-1.16096804738386
-2.03360683453419,-0.846836861766903,1.18507018137348,0.377121999396363
-3.02730270203606,-1.27592442516418,-2.38254159855701,-2.20303561618361
-2.79754178781593,-2.25712163204855,-0.130184474787994,1.00119463931537
-1.71021682874323,-2.34613891677297,-0.125623302495124,-0.473596901703954
0.273663115461326,-1.49972181283843,0.449711344527185,-1.20297213163763
0.762157744416671,0.789676941963144,-0.61262008444078,-1.59280776013358
-2.19367666361579,-1.12057048842908,1.38781978854397,-0.722063658821559
0.94738615730088,-0.0720095244246549,1.18475846805535,-0.804314135830675
-1.63303321877045,-1.0394710762621,1.66731091473551,1.6681673845966
-1.85401008578753,-3.29519004437458,-2.36843485565065,-2.2464236904193
0.109630030074689,-0.157663085240513,0.270581436044093,-1.14074432023927
-1.0260429231128,-2.18699067998443,-0.801359373926954,0.901463417530873
-3.84863157544412,-4.84534974359456,-4.67519690668953,-4.81770703550344
-1.70955675073423,-2.29228225910589,-2.82273927599958,-1.85359791948817
-2.98249482781106,-2.6122771032996,-1.8435543805571,-4.26561307959006
-3.38580042677875,-1.00315133949006,1.23134329135678,0.0319989360223332
-2.95661077610548,-3.28791541948833,0.0191326727040799,-0.971820108847025
-5.73699093501417,-0.635511844933868,2.08213696129122,0.827168278810681
1.34832687172239,1.88504373497126,1.89440933121158,2.11449697947993
-1.41013545072607,-0.619377690437955,-1.49771354911258,-1.50772999223275
-0.848218996219734,3.84927014890762,4.52329985568875,2.76365432626713
-1.30017330367436,-3.50510806259719,-0.456477602984835,-1.80471350563287
-0.492139105699051,0.0285519420924791,0.877484725463688,1.79476171050245
-0.968176856662069,-1.45606642787848,-0.255360787708869,-2.03093642993955
-0.167221359944923,-0.417222392511133,-2.54916235128473,-3.56475008367127
-1.10331834430113,-0.120487315456785,-1.98122220230713,-0.41450015727174
0.0371498988052201,4.33235237265849,1.50236418906401,0.570219083686257
0.151113513367176,-3.2064773909677,0.281913626284425,3.16884760221032
-1.99247792658937,-0.338569773981822,0.924967667629012,-1.31588633502213
-1.01830978360298,-2.03541689250313,-1.0835490236356,-0.111520627852636
-3.17525738124397,-1.54465376281155,1.4415298995176,1.24407776469055
-2.21528891190145,-1.89510108256522,-2.380541803122,-1.50954417981331
0.137127892850204,-1.0551109055493,1.61729593276511,2.14381287507693
-0.614915017142207,-0.823020486185825,-2.09427746240749,-1.59840217631081
-0.659243227770013,-2.65327891403777,-3.58660730591157,-4.43780498901529
-0.587795610692993,0.465698581434866,0.657280308719731,-0.502267660226892
-3.08338861508208,-0.629694511002413,-2.12118173884896,-0.0640143721397761
-3.0142314434464,-1.38848172665781,-2.04452728649005,0.257965438041997
-3.84077329923224,-3.10647280120627,-0.430238506390505,0.402888507832327
-0.401512298496772,0.635979828491806,2.07207145191787,1.52315761359203
-0.703731731056052,-0.708390869350432,-0.986127831859718,-1.01630585984498
-1.82904788232885,-0.438541783507197,-0.233560983641394,-1.27079337583263
-2.19122952994677,-0.833759364175089,-0.739466909346144,-0.988736545959506
-0.454561504438646,-0.0412182182934422,-1.1661099735157,1.93252655145142
-2.53523205401349,-1.40950219543896,-3.18921014501802,-2.56718552536647
-1.09715464830013,-0.444390896252424,-0.783923695880049,0.606260567475488
-3.12717799790672,-0.892879454050971,-0.0586475928452548,-1.13886508899206
-1.19166267547952,-1.1779326812295,-0.220933351191144,-1.02603068210777
-2.78009026075889,0.759167863266718,0.259572163181493,-1.28541159336223
-1.48820035021252,-1.85777559884315,0.405903824605197,1.25338104171226
-3.0385176527144,-4.09920503878247,-3.02348366700027,0.11775955008158
-0.439261233825912,-0.975674302868252,-0.464400672220368,0.0956465305167971
0.861633224908138,0.989248749857652,1.74855782381839,-0.88777883398391
0.443602133549708,-1.05059962205014,-0.839004935446802,-1.65664941538237
-1.02110322296795,-0.577488745697435,1.83939657000457,2.07151059378559
-1.75840289770761,-0.348719662794466,-1.20084047780595,1.62763210440435
-3.17348693910709,-2.14666664306351,-2.46787442913927,-3.38349866666182
-1.94204563876413,-0.770041407661324,-0.0803301877706499,0.793978785017842
-0.960475571164999,-2.90420887870655,-2.15636404502464,-2.72848440256591
0.121151386062472,-0.369719267212131,1.57990798511164,-0.965934043515006
-3.33590960047896,-4.28441739849072,-2.77350984875492,-5.20783313275059
-0.0776218640111723,1.55396763952545,1.56800904951426,-0.133003307003461
-3.15409282999764,-2.11958223619016,-2.26319298918444,-0.637733624848452
-2.3441405511674,-3.19998673495485,-1.79655910910886,-0.459577898831583
-3.33571042284901,-1.03208703768571,1.16169411943819,1.36857097511242
-4.23645036028167,-4.12717231502113,-1.3888854513131,-2.5922348849908
-4.16419430947023,-3.74076561898796,-4.56376734724376,-2.24739119122467
-3.82759433088436,-2.8250518839797,-1.31622656454745,0.966925871576935
-1.26317989832088,-0.962924991865683,-1.59455713251131,-1.39110499449029
0.97659786757637,1.76161770557458,1.14955234249838,1.46066922645311
-0.973949334028548,-0.695647450747735,0.294886095869314,-1.07479262694976
-1.37139729354595,-2.63486774507078,-1.06849458456122,1.04927100875909
-1.08683604711811,1.21363488203696,2.92964770852022,3.34265581511489
-3.22667580005757,-1.31911618746736,0.393792595576027,1.59209408777638
-4.18593738902064,-1.88876522608781,-1.5068160081525,-1.08773819340812
-0.638671196407113,2.04544096163089,1.68721561445026,2.07596598084418
-4.21874241059531,-2.876602688701,-1.9587912104529,-0.980692448772175
-0.715294962202366,-1.25689215890255,0.401835482071909,1.21703402016605
-4.95515828722428,-2.54357448700155,0.910810977065728,1.31963167933621
-1.04898236345305,-1.94298967994852,-0.292085761721097,-0.950418310889966
-2.12767772080456,0.230295796569905,-1.31994232882369,-2.10662667822663
-0.590034850568351,-2.42836803441418,-0.164266181760331,0.0536742140531943
-0.762234217134225,-0.79288946367545,-0.425350407644899,-1.06983626489947
-2.75617366289057,-1.76516856208244,0.475352924441805,1.70541444697603
0.285942436278395,0.345096827416234,1.41636847641305,-0.0697257391516817
-3.15827914482848,-3.4116682373196,-3.24549723237819,-2.24173647054021
-0.00634021854855074,-1.85025701714476,-0.605391432540125,-2.27948350559836
-0.591141072244144,-0.622777767452249,0.178539112765476,-2.2587861506908
-2.16944355601578,-1.82364950326243,-1.54305547457364,0.21914224383007
-1.54596781962587,-0.563479478871534,-3.22676446319021,0.112531165325672
-0.954757930018492,1.05229539993202,-0.0125716368177053,0.0837747659508687
-0.438434727840007,0.41595803320892,0.174604000309574,-0.672330419928426
-0.853680087818503,-1.23046206446711,-1.8799952331425,-1.65838548179342
-3.06988681563247,-0.841873117977226,2.14862823058687,1.686974739573
-3.45047976328872,-1.62457196793478,-2.08183287053211,-0.657104816751026
-2.56675717954437,-3.32624647062647,-0.561265429020157,1.23876270560274
-1.33176718542585,1.55992923951724,5.64935019663726,3.35919191125069
0.422772616646969,0.391699961109514,-0.247883876226701,0.248355078378815
0.158149841786738,-1.21569741377645,1.48394977408063,3.32278718193219
-0.359923575423493,1.81947137454546,-3.00073872343636,-3.77608060973204
-2.77965089967361,-3.02729208888896,-2.41192688582695,-1.87261395605158
-3.7731160518513,-1.2316984748758,-1.09345266645581,0.372107478971985
-1.07259446603943,0.583873612211295,-0.315631256586998,-3.28954922392924
-0.734054247027317,-1.21221389788038,-0.388917648159609,-1.31708571791803
-3.70196905313813,-2.68457492351363,-4.69970949539362,-4.04340614329734
-4.04107228820302,-3.18846098149268,-2.80098670133661,-5.28314312425971
-1.77807206489662,-1.8272789245602,0.646532267290124,0.557877485389706
-0.336512519757785,0.108836201448389,0.676345468958042,-2.52729748808245
-1.49813690534571,-2.97134291694109,-2.85645755794669,-1.52306570912127
-1.6955529196316,-2.61343311747378,-0.358530175814898,1.83773826409268
-3.08418267968339,-1.95857555978109,-1.69657362141963,-2.97835072106529
-3.15050729604582,-1.18998425061392,-1.97157357878701,-1.32388918358465
-4.25948750227793,-4.4236473276942,-2.9188335632511,-4.5304225388498
-1.72847591398458,-3.88269004291364,1.61334395831407,-1.27244290645729
-1.27100244698169,-1.08637193234195,1.67860117253239,2.96791000707091
-1.78205477710879,-1.7197129028373,-3.28530229919818,-4.24061286153221
-2.84987673715362,-3.15787998749484,-2.88770874503616,-2.67742977262373
-2.22285728305765,-3.42422370908605,-1.81359844413455,-0.922317084873536
-2.33175049939964,-0.932708589524505,-0.954970356898829,-0.35152219278928
-2.48216530059287,-3.90107909812612,-2.25450146787321,-3.81757405715724
-1.45310923078795,-2.33601312514438,-1.02083571316171,1.13461342038133
-1.28300872789298,-0.355440353906973,0.721292760044118,-0.589266603213497
-1.70853749742337,-1.90742794266779,-1.50245632485889,-1.85791166750638
-2.44090662324766,-3.23981557583641,-2.55457562170912,-2.67890314678298
-1.58997080810928,-1.21866346667735,-0.601822802652465,0.147443497875411
-1.68389307123625,-3.10715023109819,1.0482316723766,0.760838740674946
-1.46994705923433,-0.904749621116192,-0.74000364933453,-0.603080524036328
-0.467452791891853,1.72299620170547,0.247904108845593,0.0557251017845422
0.407717125678999,0.123941876430785,2.00620493379003,2.15005550181111
-2.15246681762243,-0.452699977042787,-0.476393053937084,0.940975807034415
-4.4049947775393,-4.25624406097831,-2.93986114767222,-2.8959242429867
-0.794352835057408,-1.29058419289532,-0.403839912322836,-0.85354049791739
0.617916658814615,2.69786267443846,3.57457249541745,0.871657063334875
0.776038490271662,2.07152795946659,-0.173814865018181,4.04382583065335
-3.08595832121897,-1.29756550201619,-0.356882089063655,-0.174475728844592
-2.16174547461155,-1.29854801796954,-0.452909708373972,0.0412576009105238
-3.145093802802,-1.44722700218709,-0.689447380597063,-0.443320324182141
-0.304664424605656,0.0614654486870413,0.162247242473026,0.246750729998586
-1.43079538356991,-0.881872052315945,0.394011388646304,0.0519431238020502
0.876503870802965,-0.778996218749282,0.516733103932559,1.78902392970054
-2.3887839315736,-4.03906085147835,-0.669359454832294,-1.18105491515161
-4.27644891573462,-1.07629063207591,-0.894276991245438,1.01558936042783
-0.206401527682488,-1.43907943071689,0.483422954419163,-1.05691078763549
-1.22141936497848,-1.51600507202204,-2.20716534274956,0.335658019802038
0.322709095482963,1.98246021099064,1.85025679700289,-1.47055855629823
-1.84184203980195,-1.89941035810676,-1.12441524554059,-0.95182839594889
-1.72376742084661,-1.84889976711369,-1.49633247243449,-3.10132744182905
-2.6256415227474,3.96874328303959,2.49179539904076,1.17213264866162
-0.780406140329198,-0.473559264170722,-2.06003715198145,-1.96619021179673
-1.72719544524216,-0.679080721977174,3.1778455164825,2.37920426915062
-4.89659423040247,-2.50028221154377,-0.0956875447289343,-1.9158853540494
-3.78834917506919,-2.38713772713941,-2.57913393425248,-0.486800047086353
-1.52245593312335,-2.80059396947336,-3.07601487572142,-3.80916864715536
-3.3724690271467,-1.60042305842343,-0.243920437084759,-0.638407161503567
-0.553662755331777,-0.885576679740054,-2.07827915772067,-1.91869702576363
-2.9884871329106,0.00920805696892257,-1.03570246881631,-1.37072560966419
-3.22811888023755,-1.42477132257923,-4.5774129403887,-5.16055184132558
-1.02634100962927,-2.41002631116035,-0.866696169682203,-0.721037557085168
-1.93426052311484,-2.47234265236394,-1.91953490923102,-0.72499441261408
-2.40672821576113,-1.35091859535644,-0.974593018175714,-0.514079368790762
-0.8793700080274,1.8196740475964,0.668474569039431,-0.502244028573899
-2.95821631722557,-3.49014089723174,0.0293584249419148,-1.97082861928738
-0.696074659298466,-0.590294185520069,-0.400466115408668,-0.16481183565066
-4.04902499385928,-1.49487306036867,-0.726768363295114,-0.0987176358823999
-1.69152155127055,-1.57881956789023,-1.19516267276229,0.158867411577991
-2.60087600409287,1.09688335060371,1.88277692726693,-2.25699279394258
-2.53399162414678,-3.09573171044239,-2.9302605118533,-2.61324305212018
-2.45733743023862,-2.54168126746026,-0.151447270173735,-3.99107857901939
-0.225752291534187,-1.25502570272164,-1.57162174413125,-1.12887058267403
-4.13955232559868,-1.19249041849835,-0.164167436861186,1.9553588886759
-2.08878145496681,-3.29643110111812,-0.976119359576252,0.0434876084659388
-2.44782967297952,-2.94942593298474,-1.3617231114047,-3.62326157453679
-2.12992956005626,-1.08850860988921,1.30043218787398,2.23286752157908
-2.40913206145732,-2.5786226869958,-3.68863383066027,-3.9781583621963
-1.32094640968014,-0.878057538437899,0.251372578553769,-1.31753205717283
-1.60744944195683,-3.93731242401551,0.445282672947903,1.21912779584977
-0.705754122317487,-3.87907860885683,-2.35430727006938,-1.22758872322808
-1.46766650821402,-2.62790553197375,-2.59813379255994,-1.68004409381326
-0.400639761896139,-0.768276261451719,1.09677945084439,2.09742371053718
0.850187899699762,-0.341434468171608,2.06206684870711,-1.2617146711798
-1.04180936624618,-1.02864640812615,1.19266425409926,2.91615454911033
-1.82777971911861,-1.10813459650358,0.785651735308041,-0.495414306745396
-1.57490837834614,0.0779870770535941,-0.973963736411687,0.965801859781256
-1.00634313106047,0.662859697223223,-1.07559208951993,-1.14774674750767
-0.966634169398648,-0.269523356575141,0.346520123861561,1.51199473271461
-3.97287108500495,-2.48905295806119,-2.89087952853189,-1.96296040069638
-1.64614237401532,-0.490045109281616,-2.21003905863556,-2.15107522082593
1.29019734919103,0.568500954506206,-0.74924467177125,2.08417214757402
-2.3726736257246,-3.15806868945304,-3.79403931707704,-2.58653230581759
-2.78983524368001,-0.202521542114286,0.230742824562841,2.49550025094127
-1.71368150501679,-1.03726905772922,0.149184473339044,-1.25413652320026
-6.12596210443829,-2.15822375767975,-2.34574351065326,0.55293789902125
0.842880771622716,2.94103980460527,3.46640526102179,3.02029423351684
-0.716476902673356,-2.57605142102423,0.371474351158633,0.218088216113583
-2.12265630354187,-0.159090363527585,0.177539871324092,0.301135079107433
-1.97854978539447,-0.583366699340447,1.36211071246424,0.0151071918908824
-4.03867900622064,-4.07388378386977,-2.04433064880719,-2.22277437511718
-0.0226460970946262,-0.986076407153313,-2.52118090090697,-2.06226901279109
0.0619680033495639,1.12006212893905,1.32978451914853,-0.143993339376553
-1.59343397156928,0.559183398340326,-0.660276647126055,-1.49720642568849
-2.96026311347768,-4.49476084714973,-4.23906435884135,-3.11192453056348
-2.05102925671148,-2.17821856367566,-0.181927689235073,1.04868973981524
-1.51452585962018,-0.149046445013899,-1.20458419966853,-0.182042127612972
-1.92065018179906,-0.804016708438187,-0.731627065254642,-0.120670947905861
-2.99362488983886,-3.77312129801554,-2.72576917423593,-3.59264485479144
0.0251540838709965,2.21383608276982,1.18303300134842,1.99772623754131
-0.693416959980033,0.771729324847276,1.61133728806137,-1.95433067137027
-0.957588237571662,-0.34445902787005,0.447868157960153,0.540722667940987
-0.124344401912126,2.87951826259433,1.74608917907551,2.0478081180667
-1.56242250649475,-2.2284674001384,-0.71045568072903,-0.521847027463961
-4.99535104499523,-2.5245397019319,-0.615622716528636,-1.55614630229239
-0.28047777189597,-1.72206411407899,-1.10143093839955,0.415464341242663
-5.46684496316544,-5.04894912264765,-1.9861527270305,-1.48101640849587
-4.00310725817602,-3.35417649524262,-2.39200482773623,-1.16839979516144
-1.53226251838806,-3.80223203279212,-1.32931920270729,-2.14989036596216
-3.79451285021221,-2.56014771234968,0.089963451968293,-0.314792028232483
-3.13641795376602,-3.20622431155014,-2.8134598442348,0.0106821926731684
-2.93389054869957,-1.60110820277195,0.75180246839929,-0.0252253321010135
-2.44758087861944,-1.94455106664876,-1.44793823881531,-2.71753496292078
-1.90693944573583,0.0268689886036682,-2.53594700217899,-2.27650480750089
-1.66276944571986,-3.31129514126569,-0.209072606869277,-1.2163394938038
-1.47721256129909,-0.962056193812397,1.89258920008464,1.45399052339251
-1.42665299186705,-0.148613475119463,-1.06315916671393,-1.68757409418582
-2.55019922466797,-0.893534913396508,0.979080992638289,2.94577420848438
-0.0069369254238586,1.41607604755122,3.45234684254961,2.96258038587951
-2.49521489029765,-4.00847805368581,-4.86486845003256,-1.02793908727042
-0.793347795792317,0.317750665945033,-1.57354807024423,-1.56747565978525
-0.0663061305904671,1.25992577949177,1.70072478268482,1.48974804727896
-2.45035841133815,-0.179452152879818,0.976528522807608,-1.47303470392485
-3.3855132157059,-3.77089917041418,-3.94413817124793,-4.84392406279612
-1.60769024106982,-1.07791076148234,-1.39302533342871,-3.09244479354238
-1.89591169845726,-0.718225671481655,-1.06348989019832,-0.340018965930361
-2.39583651832437,-2.60743580354953,-2.13972115920667,-0.586834199302454
-1.79886505015581,-2.57843240052389,-2.12226234126982,0.523341772770538
-0.16431417240706,-0.635980718925737,-0.543513240857156,-0.532499910676804
-2.6826848150744,-2.81527184523381,-2.12416570836004,-2.88289758260728
-3.12755457703279,-3.24334356376822,-0.469911621880625,-0.634010720096102
-3.52357446833802,-1.38309832477667,-2.03506664308548,-3.18604632431325
-3.35884602733658,-4.79474256428387,-4.55703244358721,-3.07603071298672
-0.972048929574529,-0.183047276563472,-1.06951159380145,-2.37215066607732
-0.147795559115889,-1.60687831348884,0.177970936403808,1.37270930635367
0.937345017493314,2.5826166245284,0.813251733887176,2.09089179046308
-3.25635834244801,-0.969495302429139,-2.13220510594032,-2.22840588203968
-3.62266695461668,-3.16610288346209,1.77389511200606,0.17219531767924
-1.41632511356261,-0.667334400321497,-1.59873813007675,-1.11482033661507
-0.244048130499285,2.32076581721774,2.21456199513064,0.962200125118436
2.0975658556627,3.36356596354038,2.15737025733427,2.13917008976599
-0.0318362254394791,-2.31110459988641,-2.46344831454961,-1.78305217633762
-1.48562180859198,-2.33437834960871,-4.18351653644821,-2.26584797067932
-3.53903766215844,-0.758015739143594,-2.02748875186613,-2.90684970544361
-1.93685645768591,-1.91976318425386,2.06744168375852,-0.129496882639791
-3.45401674755375,-0.874411615040191,0.578253227917054,2.37071501631429
-3.02661403141653,-2.58279662128709,-1.70227608410576,1.47529659789922
-1.66138937052552,-1.50041687110859,-2.39700638931298,-0.809741263524194
-0.388887457490019,-1.88192045612728,-3.26188552322733,1.34692744683954
0.247672272173431,-1.70893440088304,2.20527743992756,1.3938596060188
-0.0105794682304583,0.541004281284461,-0.0715640660956632,-0.100795799797534
-0.952829557189009,0.0826028666841879,-0.307788424525204,0.573381131356297
-2.40191740803731,-1.63652664208334,-3.34588093802183,0.369458961615898
-2.19325634838127,0.58786154853438,1.06943345702791,2.09794321768114
0.340205584043001,0.0255384175875406,-2.15798575523006,0.916785688385615
-1.57195614300213,-3.62099248910319,-2.95432686994235,-1.80855146746073
-2.78009536485317,-0.382020642737493,1.09075223792468,-0.113026388951269
-0.106786947573229,-0.496385456735132,1.25778450925571,1.27452292130138
-3.86663045659475,-6.47831983770763,-6.13255514868483,-1.92293907762067
-3.98344612736565,-4.76540758844193,-3.97070676781575,-3.45858439217703
-0.349976561996206,-2.43084088439053,-1.15963508579112,-0.183961705827806
-1.9725538150544,-2.40012529000274,0.345425960963876,-1.13796872422547
-0.969101281484516,0.877237324772819,1.18421205678805,-0.11991407581109
-2.01607548067637,-0.543743538846613,0.338345615425837,1.4560622459248
-1.4781974151508,0.465512506394022,-1.66993543314931,-3.33840542283375
-1.14145079102506,-1.9943464676361,-2.27289413505526,1.36119881674101
-1.01772398082302,-0.3643005963051,-1.81550893263198,-1.69898607239655
-0.717681025579294,-1.31499238216507,-1.32472771871207,0.795809316632818
2.602030958608,2.07375214530356,2.21098983472347,2.40581864006305
-1.20022504560168,1.27264848843596,1.2966619082682,0.983606783240415
1.31943621334725,2.62481143810797,2.44383890345361,1.85253264740046
-0.965364452634258,-0.0987468209778286,-1.94391995912958,-2.31722277376188
0.364285087197073,0.55646203949481,-0.617763731077818,2.53571808018957
2.30139884146858,2.07718027422253,0.898093851919364,-0.22663900891297
-0.04041680810209,0.0989548543940191,-2.89510284134741,-4.29382779132061
-0.0772006590206489,1.32032538280436,0.32720450436679,-0.650660600102909
0.343017678352877,0.388997777829857,-0.288949322493615,-1.17459868441181
-0.715886580269883,-0.451667623018673,-1.98249360971982,-1.17855784100209
-3.36990455531267,-4.14006528980063,-2.41145693570291,-0.0521707740306353
-4.18294233323892,-3.14054694969016,-4.51417993893233,-3.29284142895632
0.10083144668706,1.23135466354778,-1.81889830478866,-3.3402867771326
-1.90615972405384,0.458264094702046,-0.562968881192093,-0.776626358914745
-3.06819679192219,-2.43804590208352,-3.64935543832073,-2.29038275109681
-2.17990638795116,0.282806977156136,-0.138439867532449,-1.7164033553197
-2.33422371042701,-3.31684765645545,-0.512976582194257,0.179712048631336
-1.5260269406618,1.43700002126772,-0.894294001193089,1.13003141152009
-0.739812622769374,-1.41317950830127,-0.526661587314195,-0.585031017749499
0.300663664054809,0.0272929709668731,-2.47188790924064,-1.70031021074851
-1.62672502124398,-0.266242116568845,-0.894829187627445,0.309562669309233
-3.54285977603071,-2.15119506141932,-0.813197488652272,-1.39217947183819
-0.312361612039534,-0.439931231486617,0.640922032137803,0.164626045875871
-1.86434962237383,-2.51904836602561,-0.493628807606494,0.680692652391317
-3.5030581693078,-0.261367781307439,-0.194783308976316,0.354165585524026
-1.123544971474,-0.832965432986145,-0.0821971581988606,-0.432231665652613
-2.49436175631812,-1.29198828168906,-3.06995549777297,-3.03771301723334
-1.47163814687607,-1.77917724680927,-1.32766903826417,-1.16126429235629
-3.11420250840213,0.338980601270216,-0.459178934262807,-3.13127981153646
-2.46973279033156,-2.60777619861971,-1.64080383659165,-1.39298437188717
-1.84863535978103,0.0166951346504578,0.868848234584526,0.280378065811687
-5.06525766889752,-2.49789560640526,-2.77052020066087,-2.44709208874772
-4.32614390735971,-1.71670796443104,-0.14017100523471,-0.0487915935928893
0.413868194173169,2.50907473050535,0.959082259814219,0.324137215343499
-3.6394292982701,-0.624038013720552,-2.09808404517169,-1.77975362102773
1.25670904380125,-0.360988974266094,-1.82911274190133,1.48909072782289
-4.80318297226929,-3.65676602078005,-1.94306318464533,-1.20962972076526
-1.90174717317165,-1.11473721336644,-0.0693909506544401,-0.629546968689703
-2.3912399823689,-1.49829063124833,-1.48145987644146,1.8579104692268
0.460628912079002,1.66379816751493,-1.87415641597928,-0.769128254632124
-3.43834824953143,-1.90724841361594,-1.23131733848635,-2.5389948713276
-2.29144886039401,-1.93793288384562,-0.68455127315919,-0.604113405822515
-1.96808232215523,-1.41242257109675,-1.78870037077983,-1.96368845399527
-1.86534105197159,-1.2316192726018,0.111833474065116,1.34080186273738
-0.384498297116072,0.0693659869911017,-3.19998695122188,-1.09691658248433
-1.94831504397971,-3.00450746185603,0.270830729624267,2.73404695940708
-1.7487459147504,-0.921042203865415,0.48273563600973,1.3692036074227
-0.959686411243903,0.748107569153216,0.475172112398248,-0.880183178304498
-2.06898518483279,-1.94774500234501,-0.614878971261695,1.98070497134784
-2.14810463778583,1.53130456703561,0.478903869902611,0.237547078217878
-3.74452901483438,-4.92677921932482,-1.44507308888573,-1.99193815488186
-0.909713702470492,-4.24455474724729,-3.45815938209893,-1.47829931081628
-1.70787516755834,1.46546901216636,0.934265448851968,0.4687957139802
-1.92784346471563,-1.68014618328381,-2.51678063952173,-1.52126666093147
-2.55850977248375,-3.28445036563039,-3.2024879611527,0.254711927325142
-1.71410727300294,-0.922033541067219,-1.00409790888812,-3.16206010601755
-0.459863784671157,-1.47965476671843,0.147560644099352,-2.22636885508148
-1.36791180268335,-0.0563303878249445,-0.84495862283113,-3.52389047969148
-2.1813401870072,-2.10092341226267,0.930912797317318,2.99927676342903
-2.12107200165695,-1.47017505820455,-0.469447637985802,1.228084472807
-2.13472834281485,0.372662534961396,-2.20364231701777,-2.46144459877071
-2.95153070375477,-2.58396536978315,0.742071046452358,0.253180379705673
-4.34165843292012,-0.973481182732967,-0.180344255297159,0.653962044413181
-0.570617023536016,-1.20486169912692,0.536093064971006,-0.206824241499515
-1.4687479795584,0.349333713767369,2.67848559986566,1.62127271331525
-1.83461127178757,-2.06218919347544,1.96214985023972,0.762885712849835
-2.01133528714817,-2.62772245951787,-3.05638351042932,-0.464456571243307
-1.51549450931935,-0.288407448638771,-0.40795427266565,-0.512426759842419
-0.528520146732955,1.46056668593561,2.25206165766522,0.861464433955198
-0.685062394462874,-1.58958425487576,-0.195370120369521,-0.623897988386376
-1.34426498793954,-1.48278774496957,-0.390436025765737,-0.682822413038793
-3.9067569835024,-3.00228668638658,-4.96480356681879,-3.88184667640055
-0.747729704871724,-1.8818974783411,1.57361047252684,-0.236482431903408
-2.99870710795201,-1.943647050416,0.193830527025111,0.101221877249458
0.215141121966208,-0.677917689403584,-1.4767035869714,0.626050316627811
-3.68235964760402,-2.82956625570496,-2.18689223953556,0.0883758973545
0.176391515809684,-3.38802824514305,-1.09736016613229,-1.99862477319165
-3.37574252195048,-0.902375365004286,1.36984753759251,0.419461629444102
-0.518212796135802,-0.120008769907056,-0.215764063520549,1.07121403245185
-2.20866995430536,-1.08317097700128,0.24171598084789,0.146268270362472
-1.68709461029883,0.615096716856769,1.58701936618514,2.25464080753219
-0.718625545187618,-1.52498281170397,-0.659995459774867,-0.716114098539822
-2.34193811617528,-0.458384959180582,1.80330452136134,1.00409230353288
-0.342962033484214,-1.75806567779169,-0.665039222134589,-1.34453677090991
0.835332900578985,0.686943280531833,0.685671509032467,-0.776108192868805
-2.5695681568814,0.115295629712775,-1.06757389840833,-0.754985922699136
0.104267018849941,-2.50986193537253,-0.875696533496764,-1.44359800707142
-0.785762202722048,-0.115164675326012,1.41681238384923,0.583960616253728
-3.11581595003438,-5.73855223261491,-3.5083863937763,-1.9688097969131
-3.10906507872735,-1.8044962489802,2.53366444890949,1.7928168675627
1.01037722665356,2.1017801295971,3.45442918173934,3.38984045444913
-2.41303771128914,-3.17455087855335,-2.01322183433023,-0.196095589699453
-0.0399705893390689,-0.315932430034526,2.5870925838271,3.18512112178147
-3.59731307138281,-3.67191261619581,-0.706408172668739,-1.44400144848418
-3.84962836686045,-1.4843378309214,0.0183457415463217,-2.34805791849532
-0.0931884973578569,-0.514936909597294,-0.513156875852594,-0.761883403242865
-3.18429296412439,-2.50205552003738,-1.55797883142815,-1.8831574542233
-3.07073934402069,-2.41108504573237,-0.577873151066892,-1.43154482485495
0.00934793820962865,2.94047111282366,2.91602561357539,2.82318697610927
-2.45079764176752,-2.1177583188172,-0.908737846234622,0.614126425878713
0.568309925644644,1.02838696363489,2.03313693314863,1.66273206967991
-1.19966752559344,-0.380515809370675,0.0700496548653218,-1.69818729784744
-1.14480920033479,0.142256757558967,-0.636145407763609,0.497187981724046
-1.79033981606778,-2.31406134352706,2.48663468976159,4.86809120951125
-3.0660714402155,-0.803557457068293,-2.19130574854931,-2.16773918281059
0.00763755138083788,2.35961222041875,-3.09327465573928,-3.27590973099133
-0.429606925546701,-3.80191257844811,-3.31921808076271,-2.75678614329528
-1.52769516133559,0.45668877365178,0.28779331137599,0.364293076794853
-1.75916847771678,0.519235052185918,-0.0447942504175065,0.105557163517745
0.818996997442922,2.85653023766898,1.11881512404029,-0.724904678862803
-2.74004545574872,-3.8192745464992,-2.62780474254637,-2.03540521621454
-1.15380267694038,-2.42123514139391,-1.16540551092939,0.205999796950204
-2.68532671843558,-1.32041758876202,-1.45451340926227,-1.54226097808099
-3.4685088009813,-2.87989817714808,-3.01137991257518,-0.171644625136859
1.1091861834366,-1.16370473256688,0.601599821421799,-0.522762497024826
-1.08434188591576,-0.142377640669019,-0.637543207785906,-1.947421710346
-1.40580857135365,-3.79085918005363,-1.89953370938963,0.568305670966333
-3.67935130508899,-1.05758668063974,1.59427838540268,0.00324645427074516
0.162692319391045,0.101559982083303,0.456008624681606,0.76767021836575
-1.26834001288427,1.52071810488331,1.77119275235409,2.2556395380922
-2.63019970233354,-0.403214704292113,0.362342066946602,1.30691109404134
-2.08627585656606,-0.226858511028503,0.0245559165149101,-0.0544029612784863
-1.76395526468423,-1.14957983284155,-1.05536544069163,1.03306537615613
-2.95831398875825,-0.745360933450387,-0.638368399499592,-2.20334253410688
-2.40667537721991,-0.54102896819675,1.93326834977032,-0.710710540208458
-1.35336041032657,2.14750375111056,0.737765706388045,-1.07330186473932
-0.312744658278716,-0.493007110540929,-2.30028804247784,-1.53968346818532
-1.9454590988143,0.284233731828327,-1.08581815993711,-1.71622926765261
-0.998642473188967,-2.24593935217273,-0.504858646322859,0.101621077416797
-3.7440013587936,-2.76385433386028,-4.23293154998853,-3.46068639026143
-0.750567562488142,-0.87560594394644,1.06859014437081,1.47205535601168
-1.74080153197971,-0.56627747652537,2.00106189043381,0.590583354261991
-1.12446481316078,-1.42768843446336,-1.36449482549041,-0.432589552878265
-2.43254785258069,-2.47682404484299,-2.30168125932614,-0.323787100444231
-1.05531405282875,0.125883916239837,0.240057225633626,-1.85659162004492
-1.2256382208774,-0.467691494355428,0.246232653349432,-0.207070863374937
-2.24680899490334,0.0566201027995826,0.805440186798807,-0.604862797826829
-2.65661405021947,-5.60951295018611,-1.25228552104908,-0.602656316742218
-2.24337673053781,-1.53725999993171,0.379712538870907,2.54524724709424
-3.55341752385442,-2.62431977020518,-2.59544034425676,1.18955678602544
1.7502545985935,1.87151658086064,-1.89928641379397,-1.3897930126571
0.149630291888623,0.0170311212098214,-1.21684202388744,-1.66150677568594
-2.34477649102186,-3.39704710544735,-3.74946896508555,-2.556853680452
-3.18522755641351,-1.5239373724411,1.44207011143017,2.6661891903665
-4.31619113920997,-2.97881277562618,-1.39178658971117,-3.18502090776927
1.28100436363208,0.41642396101422,2.39499239370271,3.89905612361972
-1.10018988862309,2.05560032202843,1.53785028336525,1.52369849500185
-1.7681764939935,3.73745444193461,3.2557658635993,3.16856037170673
-2.72904474652492,-1.85706007884927,-2.10037790203359,-0.647618379289927
1.58687109113981,2.80188576518476,2.38116393916661,-0.323643819332006
-0.402780660596326,-0.22566634341127,0.599360193088277,1.69598840848545
-1.61000900992253,-0.18960199193805,-0.268377717218104,0.00453333910094896
-0.242341152436634,-1.92886178686632,-1.43474140227335,0.68498043048355
-2.35805892151664,-0.672761012427653,-1.05547795282619,-1.18990091815248
-1.63910209361876,-3.42554769674834,0.482448278241063,0.962933953634978
-1.29170251713214,-0.347700424250146,0.742838091113337,-1.13430712574473
1.01140762842226,-1.01539069240954,0.259168134556263,1.47469896881417
-2.14300279619475,-2.3523578669404,-1.21384886792052,-1.72135774733432
-1.05382639065301,-2.2370043872881,-0.00491100285778745,0.622091458948604
-2.8534573283085,-2.01072224101203,-1.02773525831571,0.902690810952754
0.380775580187084,-0.47476394206615,-1.19101798098873,-1.78086591130668
-0.746541191261807,-2.2844456285292,-2.5412440222717,-1.0000807803862
-2.22515856475837,-3.04053942300697,-4.27960789865707,-2.21443585577278
-1.85013357683816,-3.28869620403298,-2.46791960155011,-1.64390311483814
0.174360730426015,0.228355733674496,-0.95045543994759,0.997088855473043
-1.91766194622113,-1.30992894881652,0.0405993610315273,0.848640407057874
-1.12984425118194,-3.01535122449093,-1.49950398519494,-2.27207929556603
1.55195687555335,-1.40036473407713,-0.942830522132104,-0.676768360048554
-0.301737800567219,-0.0177615759772234,-1.21634517595091,-0.628497908941782
-3.699352653252,-2.66948348331512,-0.580457752371714,-2.17248555044995
-2.17107343081492,-4.19288223855588,-3.62774353002037,-0.73358616924609
-4.03644554298825,-2.22696939366929,-0.516379188699177,-1.71906941966814
-3.32006916933384,-1.34438816216459,-1.45610782989465,-0.477977772643994
-1.0899793276473,0.251171935431721,-1.64940353414894,-0.309275540669543
-1.26501299383471,0.0859572445968289,0.189088375936115,-1.59065061047092
-3.31904642071044,-3.43719535860733,-3.59220968052161,-2.14231809019728
-1.84978392892152,-0.420707622758044,-2.00359182857304,-1.11842530611952
-1.5397513746756,-2.33380695226385,-5.81553910045141,-3.38208783751214
-0.186356188512967,0.820507853415362,2.39603696724263,2.22059654534126
-0.116822153867816,0.793740313942997,2.30773625329838,2.17873849942785
-2.52658689605894,-0.305918910696032,-0.654417873621777,-1.25491159764749
-0.0245144195921281,-0.429864198337452,-2.69517059307125,-4.15213218892665
-2.6231871988951,-2.61190739541879,-2.8118371398577,-2.02078779536759
-1.68999270232775,-2.16193217101427,-2.4450579387761,-2.54527263849622
-2.72530673744633,-1.37688279945264,-1.15474996250921,-0.0193739803160249
-2.90081640558391,-0.418459014156441,-0.467442018875394,-0.951162308823725
-3.54039062172239,-2.34636767370492,-1.61472850298762,-4.10562553001942
0.938951278628875,-0.891864137259194,0.74731243930847,0.630401359436748
-5.40426273363172,-3.63401023367487,-2.98797403519107,-1.50973207424975
-2.5401274991754,-1.93639025032927,2.39904496071165,2.76375565125698
-3.38970037249142,0.305485913442462,0.855624507747712,0.376257262985417
0.924758669851328,-0.053880500729168,-1.00402605212143,-2.14868132790285
-2.76811520858955,-2.26381472905181,-4.98293064949062,-2.96256449937726
-1.24237895527777,-0.13774240052401,-3.45447694627469,-3.57005997315029
0.1358976582357,0.0404507160127152,0.67043030504337,-1.47551706188364
-3.82409842185386,-2.73934485698432,-1.10367628409176,-3.22235837852681
-4.62451917267202,-4.36835589008368,-3.61585223085294,-0.084648276300014
-0.160899595879419,-1.41017821420327,-1.28237229163781,-1.64282110668048
-1.83955361788513,0.453971776009361,0.0645946987137964,0.675045350583914
1.24561308539577,0.956906715713548,0.336998308285949,-2.12417082780155
-0.927516373890266,0.789522565599883,0.378321349405992,-2.17483139761177
0.336887721371565,-0.429294868737585,-1.3828078154625,0.555939631874108
-2.77724111710362,-2.22087345633526,-0.93439140513484,1.12413009096954
-2.01340510229829,-1.74863315758498,-1.41048475455112,-1.63186862536526
-3.51978773108435,-1.14381955394417,-0.301791735424511,1.85947132490884
-1.90725014480407,-3.93460136326885,-0.962025885767511,-2.01872592214007
-1.88317213374658,-2.96224061942435,0.0825710127562751,0.615590382752486
1.13097842543127,3.28121913125479,2.11454795387643,3.01327494632325
-3.18916244391302,0.272108229463282,-0.726107409025817,0.689160018954909
-1.28202211448254,-0.179149595831556,1.88896157555604,0.734839627505191
-1.50693262554863,-2.37510548339988,-3.19114088419536,-2.77643857321229
-0.336458608696841,-0.666680861722812,-2.66684745056599,-1.10989856587443
-2.58775647420692,-0.929762838405844,-0.616876568431681,0.451782976617172
-0.00691288475569118,-0.997734486754094,0.136887002138054,-1.08931306704539
-2.8370807146344,-2.64112173661976,-4.47526440389905,-2.41745331067899
-1.29030343609295,1.59580044458866,2.27405903348752,1.60252810990136
0.516882903598335,1.38731617163559,0.77551513152018,-0.803851662488936
-1.83667468908649,-0.792596156036077,1.85647233963806,-0.632018268069814
-3.50313063342583,-3.79499223436634,-0.412174156246537,0.0716156386321832
-0.65731534240058,-2.23007068119358,0.34401938759359,-1.09667750338803
-2.90264191849225,-1.20328807772478,-2.16944516471991,-1.23399680227615
-2.41151121224333,-1.04013389639508,-0.812335038911634,-1.84732194330259
-3.10107624564708,-2.8273615583551,-1.17432163401361,0.761420591924989
-2.65528181551765,-1.52377449833806,-1.45730165120733,-1.49727770496721
-0.590024549324,-0.744794990931717,-1.61409054830167,-0.270683966502705
-1.23170202616865,-1.36359720540942,-1.9167410456601,-2.39222821542661
-3.62839171468189,-3.13559610447898,-1.17080409599347,0.114076029442736
1.39309196575498,1.47541550388953,-0.0598240956803233,-0.647232655708449
-0.0082086548446938,-1.05322501492317,0.150537905020993,3.08098858423979
0.69843079598813,1.39083811079997,1.42197154663478,3.45380338455302
-3.74923162142133,-3.71639994727851,-0.746335907175195,-2.08513860553455
-0.526142641463974,0.297788810721405,1.23906177984386,1.25767579744318
-4.44533510640582,-4.76697184403049,-1.47019321191825,-1.71880634031885
-1.13893893180963,0.153666177042814,-0.535580439187815,-0.618042572985884
-2.5455746023504,-3.64470741593192,-5.74194499973679,-3.57927072152981
0.0713462094768271,-0.55967408137647,2.20539738717784,2.93455608892609
-2.76034047219021,-4.50634332560357,-1.97494727793253,0.0776423148045383
-2.59756053710918,-2.91200632555875,-3.01461690963045,-2.25727965591502
-3.04874976538345,-3.87941430001594,-1.91497556973455,-0.368117439987076
-1.57649032271016,-2.76964344080813,-1.55313015418529,0.387514010017763
-3.68912073486049,-2.12363902807633,-1.82670682311581,-3.78477580554627
1.30710916051555,-1.09025042737824,0.000173329280377832,1.86934856056567
-2.6495358371567,0.545838094206106,1.3206338335616,-0.340784067538009
-0.315196280158693,1.47417094521743,0.789890513617674,1.54006182882653
-2.7991737922055,-3.78080117152817,-2.03753648951771,-0.427401919578871
-0.585408771142712,-0.0665268818730166,1.63532412307681,4.0259943478182
-2.85350163944537,-1.73435633727929,0.843367536538818,-1.17897416951606
-2.28670508764493,-1.76332752545401,-0.707165554767793,-0.27945498175992
-0.0786463977049932,1.24140964600434,2.37969568733383,0.526064241569539
-3.02566861898874,-1.15944999790387,-0.451649456126993,-1.2448908681856
-3.20986451489136,-1.50278347934703,-0.12230236401261,0.453751705988778
0.551896048735535,1.19327427095672,0.184056892131918,0.438839774508344
-2.18105082919683,-1.29963241048244,0.868241272879879,-0.54930382399409
-2.58036959034601,-2.54404656863832,-2.70580709577071,-2.52767573430662
-2.73261240452925,-0.361776170057225,-1.11000413772476,1.31149979057812
-2.79623121588062,-2.17569877244052,-3.3467514900664,-2.30679713682863
-2.45572085702138,-2.64826308626902,-0.416728162653162,-1.83938376813009
-1.86724294190015,-2.95495013274495,-2.70015547666842,0.2911158352089
-0.607283112895551,0.27920095521245,2.15003445771122,1.95324885432053
-2.69761062323443,-2.4521340061587,-1.42930878198586,0.0863841420112602
-2.99697560822643,-0.428085536386175,-2.27754924469283,-0.166511279038717
-2.08798621501397,-0.65772122453509,-0.544811529893193,-0.662483948260698
-1.46727908939176,-1.74103300560374,-1.91937930792576,0.369693470863538
-2.08481672087368,-0.0800617271888379,-0.513368457423051,0.662933316175461
-1.83404249831119,-3.15622607249388,-0.533732786071563,-1.03352785266117
-1.6124558380317,-1.2515725942502,-1.53635355292835,-1.94041828597358
-0.374909716093795,-1.0653682719458,0.219402138049598,-0.293941480170481
-1.09465444482977,-0.741401449186754,0.14624568193266,1.01817250454406
-0.805741652580293,-2.99980663298637,-3.13745603404151,-3.66812566685914
-1.76312784970654,-1.28239278572459,-1.17480638320791,-1.05426948152552
-4.68112478205471,-3.4460332636095,-2.34117867497762,-1.60656798180458
0.436460972165753,-0.690158425535882,-1.56385469568419,0.60446825402612
-2.32628176311905,-1.47661116065577,0.239963638005078,-0.270955390968202
-0.532860870715957,0.0894737467305848,2.16501477956345,4.59530393090633
-2.59429144298989,-1.86957808705725,-1.81069915821562,-3.81618054592781
-1.7564837608905,-3.38988379238988,-1.03116048267616,-1.52986627535406
-2.7094600360212,-1.23551290861189,-0.135750918346661,1.10869474934199
-3.09154579642353,0.996838585267733,-0.0694590124244857,-0.454642552107171
-1.45469721573763,-0.918638883646149,-0.543453955308602,-1.21781794802554
-0.313219082894848,-0.261106842070804,-1.22375521463083,-0.590142685427104
-3.70409524942954,-2.5734302113216,1.47878811105435,1.69339612614828
-1.917444212684,-2.58696021452585,-2.28495915907525,-1.3146164748463
-2.78552809094168,-4.27690002052388,-0.966465312350636,-0.258505134148637
-0.936527927485785,0.98984282474126,-0.581354858031098,-1.92156546581087
2.93551511440986,4.04662583091967,2.98508864382999,1.60174062829883
-2.26156019089555,-2.23760076245419,-1.50112715571922,-3.23458249817035
-1.71211428549307,-1.9640793339769,-2.26555956009277,-2.75559776334958
-3.1096317892403,-1.14271551217274,-0.345295486818454,-1.31492744611404
-1.34180423813063,-0.173989525413276,-0.549812874011992,0.631447826216284
-1.02764911560832,-0.592739729835546,-1.23184070315886,-0.248743810349723
-3.02401367856176,-3.57964453407462,0.24693596832689,-0.0464907896814834
0.489970310001804,0.263604130229808,-0.433033426600595,0.544873642471902
-2.4973155232635,-0.594967858571421,3.31384918235437,1.8589560175993
-1.39408749974247,-0.113647506604505,0.0130453371200747,0.590888518673798
-0.983967408313446,-0.757263387897241,-1.22053820208207,-1.03793433512976
0.709709178630746,-0.00246328625626879,0.971004157678556,-0.0217727015473198
-2.45251511375104,-2.1675383087022,-1.63030521846557,0.428960745291082
-2.36981675098491,-1.35506125953288,-3.93963340178917,-1.38190017576243
-0.272682693844647,-1.28815066219003,-0.066945097492794,0.527568530550907
-1.18892834382313,-1.95565698699694,1.21558868235576,1.58742773850541
0.706852804740576,0.778549736856537,-1.32981945461368,-0.158883518761449
-1.25980952848177,-3.33715688989157,-0.898436657403014,0.589799909832283
-2.12051902357874,-2.67702037065346,-0.576211186893431,1.20441915242697
-2.09513671165374,-1.43865131910054,0.972824578833683,0.234721490781179
-3.11460701931945,-3.07050044140596,-3.431546477701,-0.538307674880695
-1.34135986174647,-1.07315819809927,-1.40204030883313,0.499232096394799
-2.57228234876556,-2.76157627842126,-1.82811972780038,-1.30536712619211
-3.38823759007067,-4.06149594858796,-3.01900743196603,-0.214364134597784
-1.74581830057605,-3.33365878171642,-4.69151287534017,-2.2953224542301
-2.57118142901771,-3.38120626389748,-1.15691534459135,-1.27077898447628
-3.61239303170635,-1.41227037521639,-1.46184416342176,0.279084082460212
-1.71117190467549,0.688629101763846,0.43264411820431,1.79297449557739
-1.0260893178635,0.775628178594569,1.79537351856919,-1.55521915331049
-1.57134683910223,0.284720602441316,-0.524685495533154,-0.00342669899059733
-2.44362857151146,-2.45224110573913,-2.71762618329077,-0.492081619727057
-0.520424967553002,0.790618126272826,0.705900673955408,0.00247945801659473
-1.50904295807832,0.22298575536068,1.97929254022613,0.151263430163127
-2.63480580727812,-1.66424975467622,-0.463561103166791,0.665643026540472
-1.8724202413852,-3.65988556495055,-1.76249924979821,1.52432407949812
-2.85002506636939,-1.1696915168631,-0.234807406411061,1.92202089648984
-0.92771547723189,0.687644436601047,0.213812001139606,-1.01542762504531
-1.68473310605719,-1.63474658200353,-0.0388317019466506,-0.150791321919421
-1.01254605560617,-1.16529834571769,0.819125402367154,0.0913263241067547
-2.13607904042685,-2.15032920490437,-3.24091939940428,-0.8914342988869
-1.8877004945131,-0.782449250544179,-3.18375120636842,-0.893205450186046
-2.26737133458973,-2.80524364150743,-3.31405729185025,-2.08243721792852
-2.30418307772879,1.05639925476675,-1.55097823019868,0.545492651309481
-3.64528750821382,-5.22218585376887,-4.93864699682556,-2.74983881217773
-1.01268571158813,-2.82783018878157,-2.80167727121467,-1.21467967800147
-1.81922389223812,-0.750898121845075,-0.941829261085596,-1.91711911331325
-0.113525293738122,0.0570484434856247,2.18387541962928,2.08243772536325
-0.373998983177432,1.1334197380675,2.68320476684542,-0.423309970763737
-3.63014226791685,-1.91631268644034,-0.98171033725896,-0.741998604912288
-0.700099629188681,-0.22606103374208,0.342254019921057,-0.452438374056653
-1.14707180284293,-0.502870037177029,-2.26819662577092,-0.427424415027639
-1.49101447311535,-2.49848235226912,-1.10222312122798,1.09179871954874
-0.531829300231434,-0.0860782481263731,2.84100491052986,3.61677606911299
-3.5613114418831,-0.571741314844998,2.38178926522274,-1.15726196854438
-1.38742086430292,-2.21314820674807,1.47546626584583,0.972445343765985
-1.03368601959816,-0.0948395040150749,-0.177794566059208,2.47322761884512
-1.30175249157736,-0.190920249461673,1.82682621008619,0.255797014798197
-2.06135574567012,-4.35135275845104,-2.99073979790773,-0.344511728566557
-1.56740324109259,-2.51447842603987,-2.27321710121876,-4.81045415971204
0.812110483670836,1.26946924118969,0.533613928849866,0.019101306746062
-3.4355612520693,-2.57303264691105,-1.59522073217744,0.491003644817572
1.24110918545352,0.629212566471508,-0.950929279657694,-0.065774357000172
-3.07033971193195,-1.04679400930102,-2.40906008200922,-0.759371244561762
-1.17614717071047,-4.87745847878046,-2.64503951228379,-1.33170305866205
-0.779226856309388,0.831208103946471,0.472120216082883,1.58733392888022
-1.48545459613532,-1.44297440367418,-0.783225452332671,-1.22849916988578
-4.4812913533464,-4.55670887838694,-4.25138919138781,-2.08592979222965
-1.28504153526046,-0.230177947391675,1.75686745919013,-0.0453402946347009
-1.08931026192034,-1.05097689807286,-2.01176203108054,-1.6870719974545
-0.747633775946269,-1.1117195959559,-0.0744605667013161,0.870570151889689
1.08660224856389,2.14510842902012,4.67652031579205,3.37285636387666
-2.39383334975407,-1.74576673820938,-2.06181170299833,1.75326884932954
-0.618992118596483,-1.17805353410125,1.4847529358036,0.79384998281462
-2.14511420548377,-0.784226868914413,-2.4324857969766,-1.43003850296627
-1.14947928023152,-3.00505690222465,-3.54551973177974,-0.514899166683718
-3.61890403600238,-1.44612320819696,1.90246604354782,0.893263244399664
-3.66892152222384,0.0801064915675336,2.23247367207618,2.64788262382242
-1.38013324100158,-0.0388327807645618,0.376583697781419,2.71156166853259
-0.597689445524044,1.98376001100837,1.37799656116188,-3.04881501297827
-1.43144143357831,0.532065772263672,-0.272230505373619,-0.718611577358467
0.265738470344194,-1.55815094269268,-2.64442318837418,-2.70833664123767
-1.03958643255978,0.907462935986937,-0.802634257004363,-2.1046020976194
-2.44945909919447,-3.67848259877121,0.882808301293994,0.352775900889016
-1.63660455587157,-1.52612929523533,-1.16397192791344,-2.68577591014183
-2.32530037898916,0.459427199233202,1.60547188871427,1.9518073859621
-1.04027435275181,-3.48008341666494,-4.90725767718831,-3.0482736804568
2.06797942628856,-0.674314489301686,1.66227256695747,2.40597842762961
-2.43720744345916,-4.20881871399601,-2.12113777055436,0.164866760248665
-4.65665233382297,-0.619419982990289,-1.60730129149403,-1.85794352628763
-1.94186500495136,-2.48534000299241,-1.68338267463979,-3.11798879258075
-2.43840159470816,1.53685183641153,2.31244920653148,0.227032863429948
-3.44820663386154,-1.05419195081815,-3.31283592281313,-1.42916166760816
-3.51041593526389,-0.399495724326027,0.587869871195601,-1.75503689987482
-0.672796960910112,0.212165805366214,0.405288607453595,-2.59038903997063
1.69316470324196,0.68789744022041,1.31632590873902,0.481291487185458
-2.72924707961036,-0.937881510765269,-0.708698494055699,1.4641165115276
-5.19045625949532,-4.37113300122285,-5.1462883023848,-0.649959537054515
-3.29974818770707,0.495737899372201,0.313044172994701,-0.407595647180643
-1.17751397702182,-0.570245456206786,0.723816950064311,3.56685276416389
-1.14293909148821,-3.73584385036231,-1.18809276988994,1.81763155369331
-1.31161402214577,-0.40874365754633,-0.390927716098098,-1.15735649352181
-0.853886926180551,-1.10840013766825,1.22347987912655,0.509071297501567
0.736260569459666,-0.633390872671899,0.0287176686947519,0.0743150029406607
-3.30350049377831,-0.221409367687268,-1.91453438177975,-0.136866511033628
0.380994299205234,0.157125517228777,0.768806956618438,1.56972583297033
-0.942585246136642,1.86989145031276,2.48308627476174,1.84304010921067
0.648420928182163,-0.556840760827446,1.32006769712421,0.572474727565861
-2.47118873711984,-0.124632426674366,1.69193423714731,1.71381525714301
-2.81158767896715,-2.70396040768987,-1.03841109758938,-1.48268914347778
-2.5636074749876,-2.23844372316339,-0.722398692076662,-1.11925242840734
-1.27802611911507,1.15531807218503,1.8034069611644,2.91727618728159
-3.32370809342444,0.502047151848482,2.89494347536595,0.421058861044129
-2.75674993305483,-0.732152848627227,-1.75952137654261,-1.65041450514979
-0.104874911075145,0.583771937312624,0.644019266008253,-0.074885473077704
-1.22996975391025,-0.779604436050339,0.242801165478553,0.879478939220732
-2.93750108422511,-1.80465127114574,-0.12789205898511,-1.40832976255867
-2.39929684841621,-2.23650831685841,1.78006413027823,0.923718500070034
-3.89136084315108,-2.58679983364413,-0.301709635800813,-0.728831739996808
-2.98575745928331,-1.54770601059124,-2.31515657049507,-1.09439752898629
-1.70734370066555,-2.62532199734232,-1.2157451424849,-1.58255642776592
-2.25134838786823,-2.19219774072326,-1.43310059364133,-2.2278857441204
-0.819833410777802,-1.31298936784083,-1.81721743769633,-0.298499267137656
-2.97988806125393,-1.56694313687674,-1.45773634382858,2.11227419986815
0.369802289392066,-2.36460398992699,-1.953692633004,-1.50735765273409
-0.730111655934258,-1.42200294808313,-0.5001271072866,-1.45257408763461
0.249534199770451,1.48217363474235,-0.79026625918886,-2.20052683577517
-1.49942448245412,2.53168477532181,-0.00686871798646771,-0.476379784030691
-5.0978629669756,-5.84417445949874,-5.59170659458621,-4.72424629478456
-3.56097863569352,-2.41565875838536,-3.56258338740752,-1.23560236684779
-3.78149729005924,-0.451081495489466,-1.02742797917742,-1.1076621300831
-2.24297708795712,-2.03389128798909,-1.2020160855626,-0.326904036048314
-1.38482755803762,-0.686482362564056,-0.052472525510693,-2.27680851389373
-2.09381839109118,-3.69080908646904,-1.98362906182243,-1.65520289136752
-3.36717935906421,-2.38706394382248,-4.40855610678003,-4.51902107223609
-2.21046871950917,-1.3400186482584,-2.20226052248883,-2.00130190746861
-3.45469479099733,-1.27967027546396,0.764711460154413,-1.42046684417413
-1.34017139788809,-1.91205370230298,-1.55282014792341,0.0473412781665965
-1.900691456869,-2.02611279621052,0.0245359301944821,1.77683010898455
-3.84868097204697,-2.64000948779293,-1.82323632025269,1.13927444120393
-0.718910284764617,1.98060070625216,1.01287641409727,2.98533719739207
-1.47836701189527,-0.578254324898548,1.61579441131373,-0.121162977501301
-3.48872528805857,-3.31396835976932,-1.63100681206541,-1.67902126996226
-3.23984442947258,-1.79564481321745,-0.628982125924812,-0.757620629658012
-1.6376438034862,-1.0381561861141,-2.55487951655574,-0.218798822021753
-2.6155565044537,-0.118544822029364,-3.20758570873275,-1.50781204430951
-2.93001990701142,0.449550570425777,1.3945648349924,-0.878499965043873
-4.86275558788414,-2.55359819297517,1.407431116862,-1.39080292730833
-0.350581890887123,1.36483089648009,1.5549188144039,0.439821523206955
-0.11974874994548,0.31147388651475,0.137845531487013,0.519891538167594
-0.993604502587077,-2.6939304338331,-0.445155069147413,1.08130721443485
-2.04201999564595,-3.10699999573702,-1.27666154288717,-0.600885856002276
-1.01790134558866,0.0254519350696336,1.04044603314985,-3.45604176040478
-1.24713228819553,-0.879385499466595,-0.454737135763961,-0.474682446262753
-2.30271642703666,-0.242673811391679,0.336537973783882,-1.64285957579607
-3.33956826077455,-5.33164799938421,-4.13796504071738,-1.60099572094989
-0.911591361383968,-2.39672355897166,1.71743268278352,1.70457699187916
-1.41679368789647,0.455001477440893,1.7532058191587,1.80801572264112
-2.26416514070241,-1.73624229852863,-1.3442187068715,-2.15266106495515
-0.873538834570083,-0.850313873852265,-2.35735927916383,-2.02512801209576
0.52398923058682,2.7229174885099,0.834029624829689,-0.266563383034561
-1.64049969860121,-0.741454023253888,0.262684634704571,-0.259991381823901
-2.00483892594672,0.979525057419932,0.546027003003061,2.14537265793838
-2.58494489923535,-1.7088349708497,1.6326485131082,0.415872666183167
-0.397663870768871,-0.128543846590351,0.969843907924302,2.35108667435694
0.0882660151891018,-0.172977225560702,1.63041038280065,0.292922998517551
-0.742315055945457,-2.33378270548374,-0.946506196596723,-0.816988840567681
-2.37359774808971,-3.29214213921555,-1.51369411659363,-0.64688528171913
-2.94362122383468,-2.25389240053028,-0.688394201119357,-1.72009961929487
-0.390297437085511,-0.174069419429032,-0.323129860270457,-2.94885297644031
-1.09167255975773,-1.43963850364375,0.382794692662291,0.522833167789973
-1.61676643955167,-1.16242814883683,-1.92035183949869,0.350018115604185
-3.09407365688784,-4.44561674052292,-3.70154447050438,-2.5115930859175
-1.37711443205894,-0.439645871722248,-0.504529956885405,-0.482752851409714
-0.607944166491557,1.68735478349832,2.89865299552876,-0.676635865899491
-2.45457694066698,-0.742374334154686,-2.14606887845208,-1.66162816236869
-0.276454017254179,0.307371642431016,0.853865032486864,1.57225392441123
-0.44794690956113,1.62218903565837,1.26802193050363,1.49416531351064
-2.11417581064394,-0.549855970560292,-0.0694418918621054,-2.25725180587844
-1.1764552247371,0.540916437044862,-0.273371163544333,-1.16664205535082
-3.57149454620176,-3.19392369178255,-1.61187307158661,-0.511742774885377
-0.807456381726118,0.65403616963025,-1.53186229864982,-0.327968501009253
-1.74832095246221,-2.1560680121109,-0.237307633982555,0.726521364841216
-2.9900947076427,-5.62789442668203,-4.31846475009411,-2.87792558445205
-0.629559665572307,-2.71116274717743,-1.07495083049736,0.766349287828355
-2.77117533634356,-3.43580529400844,0.580188418561395,1.8317966484536
-1.67905238110761,-2.19106174673115,-1.41439483669697,-3.25578632059837
-2.37302293863363,-1.77916389214382,-3.03682835734227,-2.32320511861803
0.0634815411347042,-1.92844111207498,-1.46878483405812,0.418274308540467
-2.30212595695902,-4.85997411645871,-3.83961703487701,-4.51953650073741
-2.75541316191887,-3.39497975486801,-1.49335716314262,-0.301920755887787
-0.258128412022977,-0.386614750964936,-0.273065416166107,1.02671215767718
-5.50925711798268,-4.13459806586454,-5.31247003467013,-5.00583277287949
-3.45628428366905,-3.61050987660409,-3.31854817656152,-0.742344402194376
-1.39108360769354,1.43180510379718,2.57511003818713,0.211160515308099
-0.284724980481695,0.00323470726778924,1.02726180680568,0.81554263958389
0.580506166346978,-1.47731275836711,-1.2459133429296,-0.229646077679477
-1.56265534301872,1.18329629177999,-1.15961596930604,-0.682028437431581
-1.76380407306336,-0.346592079330051,-0.879551600813666,-1.0371131786054
-1.7703751534379,0.156915266294175,-2.03028673848661,-2.03803991488663
-1.52857631589829,-1.81487303313266,-2.70470118043025,-2.67709721259384
-0.0715924660387056,0.255098188214472,1.28936279325498,0.257176172827876
-2.52299877338492,-0.317811160156805,-0.752863382299154,0.333773949270117
-3.84368553976468,-2.34629853082009,-1.77440902576189,-2.97484374080188
-3.97095074397738,-3.41805224662596,-0.711368599555581,-0.51946723325114
-0.0841613378183615,0.22525765264445,-0.632974235941484,-0.936986520147938
-3.57521430387976,-5.56369295311985,-5.82883274103823,-4.17068408113084
0.222797488104323,1.46435689836114,0.287700746236404,0.347434396792422
-0.554529741747457,-0.154178203460856,-0.633257246293596,-1.42617671861987
-4.22688917602211,-1.12893044948762,0.223316659518283,-1.08418833937308
-3.08343697181411,-2.36583194340954,-3.78910946837205,-2.71788133431086
-0.906966427892942,2.18239700807249,0.769363858594119,0.652746283573816
-0.296930620761909,-1.86439808108185,-2.08562159865771,-1.0568139261476
-2.33405004066283,-2.43066366067824,-1.14555811270599,1.26702388513215
-0.410326136972497,-1.70932379640507,-1.95132493578383,-2.26411992797878
-2.98301608346822,-1.51890409097958,1.14173624302965,0.628565258546641
-0.191172755168714,-1.34202520452394,-0.974552015406258,-0.102847595396184
-2.87247919948309,-2.39783591163393,-1.15190427255921,-0.532311301199038
-2.57011331118806,-1.94272595270686,-2.48263627226871,-3.212950550033
-0.733649589563306,0.271802799112345,-2.75506742958321,-1.60690993410094
-2.46720283764074,0.0327430987704231,0.840777668307624,3.44122406993211
-1.33044896526128,-0.923832044949914,-1.25603605626402,0.992522443417848
-1.1786589166995,-0.259405472508416,-0.549636851326989,0.844807451329866
-2.76272638989616,-4.18874485467907,-4.62082190971802,-3.70563864334654
-0.950228345560661,-2.24245523068466,1.45977972138216,0.872395319603894
0.167731871449082,1.55946990951735,0.61719903494782,0.180638801717584
-1.27251507801221,-0.895698990832451,0.0780541646189796,-1.67526650368436
0.60621559642218,-0.711936263041119,0.416619678334448,-1.1551022269232
-0.603115685972823,0.982803744751041,3.34801713277841,-0.114719521871423
-2.67999485777225,0.700376431622463,2.13682786784522,2.81053106028589
-2.27041105894413,-3.87327899902816,-2.26159680965082,0.729071900457014
-1.01557189454887,-0.0418973312901316,2.6230360140556,1.07927064787156
-0.0441221422414828,-0.369973427077294,0.320392937889852,0.673691108889217
0.0439579111916851,0.246480245225543,-0.589110898248979,-0.155935336546519
0.930308004870131,2.50699135410543,0.507591022183715,1.619165933455
-1.7023294693146,-1.26832265345055,-1.63959539067128,-0.0875446383665546
-2.67305991063034,-3.05283490724827,-0.674746132652905,1.11095834335518
-1.13992474272398,-0.576366833353888,1.00595327695356,0.0671678869467501
0.364993127833041,-1.52538006841117,-4.66124119085185,-2.60425783145972
-0.333320491326742,0.457645883532378,0.448732025550322,-0.60577274364556
-2.86165185358061,-2.8309092963273,-0.733538733627962,1.34579429974722
-2.19190312119499,-1.38348073408211,-0.590652805203332,0.68838544527784
-0.133346988794835,-2.47067519164321,-1.12399159002849,0.0170554592404825
-0.835566787424671,-0.00326534673350121,0.798738839063391,-1.41723538102678
-3.43082515264456,-0.876419916986859,-2.65593442190017,-1.40554407244215
-1.24689646297022,-2.04815834868024,-2.49808138439619,-3.50786317518989
-0.724764671750815,-2.44963756970762,-2.20471352945834,-0.377790625274548
-2.58308587801448,-0.103369337572106,1.88271879160195,-2.66149024659292
-0.940917936480481,-0.835694640714485,-2.05607349097186,-0.23608310777955
-2.24805719333599,-1.37391589986529,-0.102918142143138,-1.54276925081061
0.156596879418021,0.834176852980025,0.614162622487327,-0.890441782902195
-2.15048730101714,0.241488033709113,-1.17850588756259,-0.0346777299564942
-3.58962640562864,-1.42498620740418,-1.662325396363,-2.3834727329391
-2.88210023772171,-3.76740810268261,-0.63051045787497,-2.13984657377349
0.929482492493246,-0.950558648184452,-2.77965520354662,-1.85308390233026
-1.86225882796887,-2.98469224795936,-2.4576886912988,-0.145976888282714
-0.429776341387815,1.64122935097123,1.70418584619571,2.53011908869867
-1.85794562714196,-1.64989843257837,-3.79783452308524,-2.93137910450635
-0.257928180113421,0.31026883669957,2.36194728984669,1.34118995343849
-3.17472882842079,-2.25865946469294,-0.720300140865357,-0.244536435761773
-1.32899189161663,-2.49064860237093,-1.37519880552922,-2.67816672183873
-0.87238753589754,0.893707077880979,0.29315893351718,-0.921754799079632
0.742717474753299,0.522400992375868,0.868450388191109,-1.20976715117819
-3.80144970873222,-1.86449527141049,-1.98145469867262,-0.875996676606301
-2.15129231268511,0.295624151125922,-1.3919095771272,-0.967345548902871
-3.04399792612265,-1.6181958932679,0.0902632824875372,-0.435344801230577
-3.492572854436,-0.260028629835567,2.41835664537255,0.488252724814931
-1.22186888815794,-1.72447518182201,-1.39455281367126,-2.05626183981687
-0.763967335384574,-2.00999222163305,0.334406937332151,-1.51205720660777
-1.55120196240543,-0.269590882142193,-1.11068921264836,-0.889007636834329
-0.842543360059033,-0.140563758310453,-0.365600512789652,1.47402145210954
-2.96325671492437,-1.62754708905463,-1.80522959910753,-1.99360004343796
-2.60439334406896,-1.1677351120155,-1.4052078761666,0.466993915285442
-2.63398893296537,-5.39530819964331,-2.36437046790433,-1.27519542908139
-0.559857442970603,0.424504421060597,-1.92611125476388,0.425905322999296
0.324499535446841,-2.70932142089795,-4.04789110892791,-5.27525776922759
-0.84706717609026,1.26547314644588,0.823189814050564,-1.5985186146833
-0.373258989246164,0.514089161978898,-1.63468685839304,0.559523077161881
-1.93320650496943,-1.23951246107356,-3.98255196605975,-3.02358897475857
-1.62104437091957,-1.68959985279925,-3.59505560773526,-2.95401195387011
-0.322304432097352,-0.797318976095905,-0.0777325131496738,0.279768098825735
-0.80795304612789,-0.589094271173476,-2.3749399081852,-2.01703133480751
-2.63474247113286,-2.37079967346549,-2.39425105795735,-2.77413581108896
-1.754588854933,-2.00340139813192,-2.07427077366562,-0.59465280732792
-3.98440876017742,-0.726021487605117,1.01519036130077,-0.345133044028255
-3.1260008819902,-2.42204124374545,-1.86362828936829,0.443059766037201
-2.01521445299417,-3.08721574474472,-1.85697261084787,-0.758666677597004
-0.116777426008338,0.754049175910735,1.32068987420666,1.06649478714252
-0.0287682606410695,-0.43058666171668,-2.71831283370897,-2.33174422519053
-0.991938117115448,-1.37873419291052,-0.531492458667926,-2.99894126170541
-2.79521750501066,-1.50071352247937,-2.12557801960106,-0.0317749733578261
-0.300493066708615,-1.52469997958169,-2.71614528613334,-0.740115592788435
-0.0299044878170456,0.380040692965553,0.0110944120816412,0.194392361097031
-3.73167246295522,-2.6253851118984,-6.22253274399792,-2.29813928472645
-1.41310116664562,-0.0145566881410412,0.00152696368087868,-2.34817142860154
-2.00909289878965,-1.20561562254914,-1.70199816725063,-0.164496305411701
0.216521410422043,2.14717739685552,2.66522063636416,2.93713239245249
0.177267741064582,1.67834382586653,3.4582564382085,2.71511746068471
-3.67988093454304,-1.40560425482021,1.38998693992755,1.89317334641843
-4.94624759541211,-1.66354957761876,0.747407755637888,-1.22416318163931
-2.24089164558063,-1.78298974663737,-1.75462065293642,-1.89997757610024
-1.77891091143271,-0.733187400772149,-0.422499291464102,1.91238825876373
-0.0165696088218718,-1.24850381808586,-0.647914679696965,-2.66729272953735
-3.12680444535417,-3.98796366819505,-0.616087392650075,0.812465009793956
-1.44795880361044,-0.97945811262296,1.91654347571065,-0.127560855979355
0.343456360827572,-0.0607554854129478,-0.959126052874542,-0.0851955642338166
-2.68670992528686,-1.06262334599438,0.151457155539307,0.739480432581037
-3.04389941880131,-0.197802314953594,1.27567520916715,-1.83445459010531
-0.1934347409052,0.613442304398902,1.54933268672449,0.630494253103907
1.54964408302909,1.93343385453015,0.82842127854088,0.774185159303829
-1.29246766212209,-1.57948329344288,-0.991168560129164,0.478323415694489
-0.119638156416573,-1.01763889817005,2.13006685190345,2.34665827799453
-1.08857284136584,1.25890554172451,-0.692320095362428,2.20170020566949
-1.49833146769296,-0.0503448934535383,1.70164116499209,0.0172529542301985
-1.54280172303182,-1.21072339094449,-0.377092193250977,-0.87569708273464
-3.54266134172366,-2.59833307176039,-1.2456960355701,-1.8236773458289
-5.41115614226294,-3.37376407390537,-5.28593701643357,-3.42028948451601
-0.587138448155265,0.236974813700365,-0.690012460334809,-1.45598785558318
-0.75482724038216,-0.777663560790645,0.640619043157806,2.54170205101003
1.41312391671817,-0.145600373627594,0.220129426058137,-1.55683709083384
-1.2650895290308,-4.34517363453603,-0.966297837212785,0.527262745909919
-3.58853092628242,-1.57929470173976,-0.869912920843938,-0.804980179952488
-1.85867472601611,-0.354952577986197,-1.09736910851736,-2.4582950481899
-3.27053676610017,-3.27848784877276,-1.53015776485306,-0.00888571878143281
-3.1422200973303,-2.06181027355652,-0.913913286738954,-1.46931957363115
-2.34194416245904,-0.169652519404088,-0.383191886566685,-1.37096370741143
-0.586574522771561,0.0631006324761222,-0.393630157147703,-0.592825532926029
-3.38487107982332,-4.46910431759947,-1.66803302609542,-0.986307613018473
-0.158062911220291,-1.6134044561353,-2.76430568350253,-3.30334333220578
-2.5458795322817,-4.65527914521201,-2.15628084810538,-3.22073112276379
0.226951134113454,-0.0877096767742356,-0.945042649828184,-1.21338426435013
-1.2357051605548,-3.17766465614119,-4.21826696830715,-3.90433982185948
0.165086426714234,-0.0740112868033458,-0.405279469425513,0.234066743918481
-1.26723407941537,-1.26723834204505,-0.53308390322108,2.55589893721706
-1.18618273389495,-0.681891438101895,-0.644531013180615,-0.732701287490139
0.403914261488123,0.295958032536302,-1.53828725910831,-3.2510245766218
1.01593531573519,1.64402183698149,1.86992511419684,-0.376349581649256
-1.11687186768052,-1.78022682752471,-1.68032572471703,-1.98062062021825
-2.7142503279422,-3.61009263720345,-3.32026512415328,-0.231118384287489
-2.99234657362598,-1.75303438053835,-3.05109887299778,-1.73313933472737
-2.94563407388717,-2.37341508212497,-1.40374181099479,0.49774056216586
-0.819069181372502,-0.268667913990391,0.261267399342999,0.212935066103436
-2.10651491114919,1.11887880787326,2.59554599864711,4.70625089886589
-1.13840672125927,-1.45012342878984,1.22940005120998,-0.496977444139879
-1.85515242625767,-1.47313567071767,-1.15215207264411,-1.85545511051554
-3.71640929027412,-2.61809782611055,-2.81966717849666,-3.06692020174958
-0.223793242144454,-1.63033692363608,0.739281831665954,0.432840776882542
-0.0371075902902002,-1.57856047775022,-1.20321821909578,0.41185726273766
0.190330876173434,-1.09301293902439,-1.16456260116882,0.0021810043770506
0.926035837160944,1.29970941376794,0.713379881861,-0.514292655992606
-3.03858321272981,-3.845193787345,-1.38282127460425,-0.979579915774185
-0.775700654352586,0.624190718265049,1.73942734739994,0.0801698827820831
-0.882109429835823,-6.05242723203274,-0.605183452049559,1.1138560470109
-0.618638428643914,-0.766068122114172,-0.410057746315002,-0.77188424271787
-0.928883646386515,-0.625174847401587,-2.76087762873329,-1.31443217570477
-2.15660249064613,-0.83810061863915,-1.58910739985249,-2.12209314831856
-1.90987381849927,-1.72414682746404,-1.75539280631194,-0.770793133971534
0.184971294633475,0.503371306812409,-1.40663469445024,-2.82032543224499
-1.48957780991688,0.0695988209695841,-0.530636129941527,1.15919946423203
0.637449598775572,-0.286486969326652,1.14604682745704,1.18989541864575
-0.292749150848742,2.14780536245026,1.74077584699392,1.80199652019383
1.02431076045164,2.6566742154152,0.830722257567077,0.492650511748246
0.0887485068635643,-1.98733155094405,0.533801838391032,1.73400674658798
-1.07707823918751,0.797184266064053,1.83543933661755,1.51296249786481
-2.39602294143105,-2.50650456852822,-0.674627126748815,-1.87866257854092
0.687475171837649,-1.3439298458433,1.03561545106877,-1.03227032435866
-0.410444375014967,1.66981444732822,1.33408581225866,-2.46472299619985
-1.68726607320941,0.036979667569434,0.066777884545811,1.18835077854434
-1.28266312702627,1.31977162603393,-0.0777169377968151,0.0691168456429458
-2.55782412197502,-3.31974848524074,-1.14574832026946,-2.00868695859267
-0.204056175927369,0.261086883355987,2.17104224883781,-0.228524617925209
2.07960999091192,1.30403784771279,1.44030302834671,2.16623971509225
-2.54073454167798,-1.02423753314626,0.254684023378829,-1.07717390530849
-2.79988524567037,-2.17361219045441,0.595731200279723,-0.992816636840912
-2.63664181362526,-2.7485229738764,-1.84206723626066,-1.4383648445674
-0.964004873143485,-0.690125760053073,0.333532655704342,0.443827457051788
-3.772928693431,-4.51720995427553,-3.76352711167969,-2.7756167442097
-1.93343711534852,-1.54636529193147,-1.34349686803837,0.714408275622495
0.834055048420763,2.45348264311497,0.87694485131585,-0.049301199153544
-0.999163885091281,0.319107994599152,2.90837148200628,4.64328473780821
-0.587068308472057,0.333874771257667,0.309027126927477,-1.62950372642155
0.172306077068684,0.244434396004265,-1.3740963272879,-0.205525825276093
-3.15045334310771,-1.68934747340488,0.47225957086884,-0.507636247079785
-0.721601744359689,-0.935353194292915,1.49555287827583,0.305644446169277
-2.88510930166647,-0.391855793350228,0.515437159899384,-1.61877763387276
-1.01900658312305,-2.9934091394035,-2.21370323361537,-1.78322440075994
-2.70145918498797,-3.78766141451735,-2.48755031081568,-3.398696064981
-2.35826809947258,-0.586416965516153,-0.735126016862823,-0.475950142837921
-3.72175492282638,-3.54588228964548,0.195029976470091,0.541345195801858
-1.9220145273844,-0.0877529047133672,0.361511399714325,-0.118078089273232
-1.21985048013017,-2.13904030291493,-1.28991095869758,-1.16990914360331
-2.55484900747657,-1.12095853157005,1.03641848421253,0.429339669890941
-1.01518638469835,0.32352004179212,3.30318892959074,2.67547533728506
0.688116163969286,0.630971579447598,0.0283994397465241,3.38303625603115
-2.1292361583246,-0.690655102678638,-1.80243639191074,-1.36667236790696
-2.75110581793032,-1.42765118664461,-0.73607288333379,-0.853935030777315
-3.5483703190687,-2.26916959577256,-2.89539068700361,-0.272625897551327
-2.60312693321512,-1.60029429767466,-1.91416421398167,0.0103009027533488
-1.82055891687738,-0.640307147165422,-0.168771194353366,0.250516514732973
-2.64692079514014,-1.17488616544607,0.62973854684998,0.81587278111159
-2.45107158772757,-1.16578725766244,0.935918766568136,1.23961260703969
-0.151062765154321,0.665222790229866,2.45628225738628,1.38492179469354
-3.26339124352872,-1.42562465800062,-1.34695025620024,-0.0408122747351164
0.00447851784992043,-0.0411654050104062,-1.30682235009899,0.427939099728995
-3.01140134618675,-1.46174679138991,-3.529591945462,-2.15734489466412
-3.55336334586138,-2.18330796256193,-1.9817677779835,-1.6335141047945
-2.8550293759368,-2.18882242388875,-0.760312255443946,-0.0818030782424581
-0.271124203817653,-1.16083061565078,1.58565612423909,1.26965205908937
-1.44902482781922,-1.56629422041562,2.44937370516166,-0.608694278247293
-4.56878028114191,-2.14432460601916,1.11614566530845,5.40049587668838
-3.48792110150897,-4.23661728025623,-3.40206958536062,-3.81402751814259
-4.48799725101001,-5.04464926524211,-2.96475718050586,-1.14537792053094
-1.46376538791477,0.130226975714805,-1.21171464098331,-1.86271326583379
-3.06764686158392,-3.62252806352762,-2.31053605933905,-2.1244473000339
-1.36872264611524,-0.408723493721175,-1.50776699709944,-0.68435277784277
-1.81996513855001,-1.44270391368237,-0.94519949110769,1.12834781185794
-0.582584148108906,-0.263170493381614,-1.12168200176826,0.115059870131059
-0.798979781896003,-0.0759602123606229,-2.77744433564772,0.211015632030812
-0.995734236485871,-1.60429662228148,-2.05734502279802,-1.69083400398774
-0.704940753138109,1.25686752408937,-0.0235509739829838,-0.112327484810255
-1.88946782412775,-0.428653788089901,2.65858064984045,2.21920576590153
2.94847586906283,1.65508101665921,5.24444997666915,2.28994397791665
-3.48956012959576,-2.83445016826508,-5.73759450618276,-4.20936183592812
0.414116555296558,0.550627928524331,0.958202973557948,1.50708678299603
-1.86298419949925,0.279026772892229,3.90493866796619,-0.0961600661717926
-0.655651754239691,-1.80249623881177,-1.03555774742834,-1.69718406074696
-1.24455206917297,1.08427623500743,-1.26252038432479,1.12918307133193
-1.82499035358774,-0.367167517368271,-0.685322092731181,-2.1872790471059
-1.25766153152926,0.593835540090963,1.24402637613658,0.215354904769481
-4.62881899868318,-2.58067863246913,-1.60118235301034,-1.10440525844023
-1.40002049544236,1.21653694353227,1.03022902649308,2.5705263210042
-1.15828624873834,-2.05058655049102,-2.72848094762171,-2.57582390830984
-2.02401232762421,-3.3837730120071,-0.522370505911115,-0.879912777750365
-2.13008653817495,0.0708196735049775,-0.585985703993988,0.0608058450154113
-2.79068405059762,-3.541850347805,-1.91248564389704,-0.0997476506017031
-2.51530670148464,-2.20081979228812,-2.25055397738422,-0.355627232191441
-2.37781657826972,-3.52685887164565,-0.0537030917782378,1.94433925899871
0.951811293360267,1.82744701195715,1.3948607979699,0.335254138037757
-3.06713378067598,-1.94629400435163,-3.05354098573376,-1.10363679053513
-2.12958469248407,-4.44649881853213,-4.25333087847942,-3.51020205977962
-2.99696070302205,-0.955734336130994,0.84165816118,1.53189608691211
-0.152182610122727,-1.04045437357645,-1.37773805426536,-1.5164548602666
-1.55449019012773,-0.78755354163691,-0.616992124515701,0.0190228791130899
-0.801919404843585,0.0160749518174278,1.12477633215782,1.4111979353112
-2.60574115361087,-1.6375278094871,-2.41614192790004,-0.0637902776566097
-1.65233095652129,-1.16562205121386,0.398536530767748,-0.608719659898986
-3.8227837504591,-5.05292998570524,-2.06336527279896,-1.38753390739048
-3.02487213790795,-0.828160307405089,-0.342939809963192,-0.815995426620379
-2.42852283663564,-0.54253997981582,0.661974877167758,-0.38055992074578
-1.88404559665008,-1.91111647194131,-2.29148094956855,-1.20101633609055
-1.59578445326669,-2.82789828736877,-2.11377025063866,0.048072796512714
-0.75369261045228,-2.51365825335296,-1.34886062198775,0.432430074912227
-1.19623123403599,0.907042738908838,-1.14957408415568,-1.06762977764506
-2.43299498167979,-1.03926603018236,0.310235011506624,-0.767980106266922
-2.88791494598684,-0.582801437789881,-0.121742853882502,0.188687852195476
-0.63657069404358,0.264370145220109,2.61407866292997,-0.262648634479791
-0.474804854304219,-0.493146240474661,1.03067258065374,0.443765878266704
-3.8754771721547,-2.43306268913816,0.802059065016829,2.07884807164803
-3.88580790717227,-0.930185528514431,-1.2038982996119,-1.72940075170388
-2.2619084588477,-3.83831049498021,-0.216398574659582,-0.0668781230575677
-0.34357130673087,0.204549279297573,0.258022662087107,0.937591591514771
-5.0492340661581,-4.55785318453918,-3.86970420007381,-4.17473782052851
-2.00404600663748,-1.77189900153731,-3.44973875529099,-0.974470721264748
-2.58701075324162,-4.51836147893726,-4.63398023211768,-6.79620940318709
-2.9485551138136,-2.5259124620768,-1.19688241641344,-0.320661625047845
-0.341268280727319,0.345460892461608,1.08819512992939,0.106255015411754
-3.65161201066058,-5.0465550494276,-3.34858111125252,-1.32699332199761
-3.20771362032775,0.110310720525423,-1.04014692865532,-0.599406227033453
-0.427336088673114,1.75055989589407,1.45394626385671,2.50489954080634
-2.88979206407114,-1.66044073943429,-2.76451319376056,-0.485801402768819
-0.271985991129684,-1.88267848658486,-2.32777099065648,-1.55884977640699
-0.870817159400614,-0.746764260853987,0.993951008480343,-1.06619131656311
-1.30297232287922,-0.871920399653496,0.545924635273236,-0.855590332931386
-3.6310718146383,-2.16488469774983,-2.32124196973446,-2.46004350809123
-2.93116453705354,-2.72462920638746,-1.84004273924348,-2.62252820977488
-1.4215989622714,-2.73633058403012,-1.9069711171495,0.0201098756772555
-2.05424800170736,-2.04313032272175,0.151785502947003,2.6859261019179
-2.89502610509168,-1.647477694542,-0.22530490595972,-1.60607944116513
0.0325537053331482,-2.0888033338148,0.29727396897435,0.962565907823517
-1.23823647517314,1.4005383659715,0.0785275811443176,1.94348941237845
-1.67744740778641,-2.81124599153998,-3.27973942293933,-2.61590095823267
-1.24740721526032,-0.278038990124577,3.48244013591994,1.61831642753063
-0.968451949850489,0.289052462646776,-0.230169093999629,0.483880700582882
0.450177639029056,0.921642013129106,0.983388381324146,-2.52124656713462
-1.48872893268037,-0.435855888446698,0.100409135059632,-2.24892888336324
-0.623557505122602,-1.263692485227,-0.277150948078733,3.73381705918543
-2.76743429932741,-1.59658115831856,0.344918761082031,1.20529543943667
-2.20977368207164,-2.45467678868435,-3.19561161579245,-1.45168209347871
-0.133644156093311,2.77529460257565,-0.486130947663803,-2.398141058352
-2.69010692003791,-0.651526859316078,0.557099844627232,1.83471905151826
-1.44754678599013,-1.07626814861762,-1.36144503607964,0.413244196327543
-0.673520304296987,0.953303238957523,0.121534862108584,-0.258074803121143
-3.00930734692087,-4.018200772026,-3.58044685260447,-0.0782886736051455
-0.561153748145605,-1.40210604241632,1.55892601984281,-0.456438293799552
-3.81011096614857,-2.24490116635645,-1.20935647971972,-1.45547534863793
-1.354442910704,-1.90302181189068,-2.29110447452713,-0.451815107799506
-3.24503047368129,-0.516128193484598,1.71834206661255,2.1899562683052
-2.65818806941841,-1.70396298304941,2.12928641857687,1.84432627755699
-1.92463933704144,-1.95015699790214,0.29463392688735,0.281135392649101
-4.16675747140121,-4.92831417494481,-2.75368159437925,-0.325199427339653
-2.80612776287466,-1.8608074195828,-1.04662065784417,1.36485196491575
-5.20333961653541,-4.9547551417817,-0.58574832796806,-0.469613442287436
-3.15743877255335,-1.49227359020091,0.385453303022554,2.59128693063842
0.424194590397033,0.97659135269563,1.13394774870928,0.857078772705077
-0.22640442259332,-1.97294257243133,-1.67623512879909,-1.0178032966098
-3.93282409657389,-0.40508724420744,-0.438712087809968,0.262994199714474
-2.07405965578086,-0.736796002528903,1.23023032372097,0.327400613590148
-0.43998163820844,0.701015236542014,0.750681042236094,-0.81787503741613
-0.259065845453123,-0.567552417979119,0.500755791090021,0.161247115968984
-1.60340628613714,-5.90522025271999,-6.13092875651236,-4.11334838503934
-3.48197238435293,-0.558673605819623,-0.726562265741998,0.668882560835795
-2.31591390907465,-1.96457773855373,-0.917571473272916,0.236616276402719
-2.66499350268413,-1.86271116903668,-1.86705128736132,-0.432873283664583
0.908193349896788,2.25656602577688,0.998748226554903,-0.674529451246222
-0.881316726716237,-0.16090154217503,-0.359064820307983,1.18896419276846
0.132942653690212,-1.46663594714203,0.354217695956533,-1.53763188372587
-1.99035609107318,-1.40797665376519,0.606873641636166,-1.04711121868373
-2.04169754717496,-2.15522097847717,1.11360451989946,-0.968843885325798
-2.36520709400049,0.629321163717709,-1.43092837078439,0.348347107182473
-1.71806004685109,-2.74976498210344,-2.1547966168391,-3.92736054223373
0.989410611592023,0.564407808872263,0.240872649459265,-0.207353973444493
-1.80825865246216,-0.973612489534419,-0.258276624789289,-0.990341233192391
-0.894246666187302,-1.86465818382821,-1.43443917064251,-1.64677716167872
-1.22702352864487,-2.32819874070271,-0.185352219746102,-1.29731080130438
-1.56268086857801,-1.30884331513302,-1.78604617720824,-2.17444230394529
-4.40836224278541,-5.07862383492315,-6.04882385801143,-5.56497043377631
-2.88909573805278,-1.71816513750696,-0.966703914435061,0.448553065812118
-2.99371055007529,-1.72061450113297,-0.993180074497252,-2.97573701325396
-1.50684359586066,1.12506962352936,0.34675543597652,1.22657104426774
-2.6643191054758,-2.37035971618415,-0.921561083677636,-0.384376535003803
0.71441270030365,-0.166998931839661,-2.8425182856993,-1.26856424208573
-0.29154514153213,1.59577166689879,0.0799480514599012,-1.76586834292456
-2.77542480141273,-1.44493896212472,-0.297964042564017,0.972164387095901
-2.25857712380151,-3.20166700650728,-2.07920169069246,-0.775071710839799
-1.25367082489157,-0.458649944151954,0.506766590225462,0.234875528778948
-3.23155462502661,-4.14341460716077,-4.48022927027796,-3.8321366474696
-1.35168779768509,-1.86798728989078,-2.1572022773718,-0.524370314417918
0.316302106984927,1.42437086410779,1.37629899267582,2.77675545180739
-1.47586639211895,-1.43664659708653,0.566497799455863,-1.07001111171659
-2.40269706698757,-2.11692411768671,-1.23459611889092,0.233703469876969
-0.776218722746078,-1.46112624019633,0.602414676607059,3.1172565010518
-2.02362996215011,-2.13528051798275,0.787705488215697,-1.58794047199696
-0.288442404419643,-1.04880221214478,1.18475953789861,-0.083654275782108
-0.323069521241991,0.767909548960223,4.51141392821433,2.31845699561888
-1.6368809981881,-2.93623785853408,-2.04925571973793,-0.0333717120656881
-2.05364677768164,-1.41773839096504,-0.159561275018143,0.927011475581737
0.57181409747439,1.48141737505868,1.15463372905174,-0.239422595187307
-2.5618459065298,-0.00364649669740519,0.854544565879241,2.44826836141743
-0.807298681194073,0.488029269675188,1.71408686847144,0.49227918769098
-2.41706307721747,-3.33868765900969,-2.07567228459831,0.0605766592773327
0.0140026197517544,0.710374564316214,-0.384124757956694,-0.175516059239644
-1.3738083303944,-2.61480026015452,-2.14676887479354,-2.46739112293567
-3.12465958491112,-2.36378894215609,-2.58241287459731,-4.26576550789398
-1.67681945787164,-1.35826289194423,-1.57370917125431,-1.84564576030687
-2.47960762574995,-0.53027904520513,-2.26810858658823,-1.84751363258518
-3.42692687342412,-1.36180826245348,-0.943614833588317,0.737619969897153
-3.13062982212784,-3.33662171555726,-3.59526186028887,0.0196287764283778
0.364660301553934,0.446688341864964,-3.41954529683799,-2.05457339427719
0.0842898707226126,1.38582780778023,1.65197945555163,0.298589738423414
-0.78516540758373,-2.07118802974311,-0.307262844831918,-1.03008890297544
-1.73719660372332,-0.941107101175912,0.661273872019351,-0.326694015310028
-3.17501189741552,-1.72935835961315,-1.90600093471424,0.0647539604939668
-3.44037091118188,-2.06601839872788,-1.06039563046786,-1.47997016840476
-0.0996215020565318,-0.702434195801876,-0.485186138410828,-3.05509711270797
-3.48232221095938,-3.15856261196115,-0.719363984267658,-1.25518438806026
2.01565402699312,0.438180627737931,-2.15074937175864,-0.0678540654713425
-2.53436028797471,-1.7814323098581,-0.302106258533633,-0.53780372683139
-1.50973885753928,-2.4282691229064,-1.07921066141028,-0.381446018815968
0.459011146814704,-2.50973492833624,-0.97162846143066,-1.45634600921788
-1.49103692991496,-1.3962356731167,-1.67910546684013,-0.943068996379627
-3.59534563745065,-2.6369194263054,-1.15246883876275,2.68287477001459
-1.8615577706151,-1.1960060735347,0.00397246695152864,-1.52545724023124
0.345474907982062,-2.41617289670973,-4.03339983907176,-3.87530108089113
-1.087176902658,-2.95617801088512,-1.96038203194341,-0.113407999477489
-2.00871240905231,-0.871773712809773,-2.50742006131339,-1.0698140106387
1.64418936586529,2.22592369206519,2.44015273038364,1.99878614172987
-2.30343647286106,-1.37957724149292,-2.23770261729059,-1.58718413667865
-2.23261152420474,-1.02468653097289,-1.60119794031518,-1.90222642361044
-0.402433738811041,-1.33460404966722,-1.45068890703317,-2.06525423160329
1.09059206246612,0.54995198147616,1.59386791597948,2.4709301399052
-2.66017931600495,-1.64928269551057,-0.0983598784491112,-0.81686818663566
-2.94848915976214,-1.51159824801207,-1.4815735069041,0.774137361473619
-1.24682812402697,-3.50223551618545,-0.531649442776385,-4.60831747802864
-1.54925858453561,-1.14791136082722,0.102719259735838,-0.753068415657566
-1.89282153974813,-1.59446443938551,-1.34221764965904,-1.19617705321094
-4.16500969797453,-0.538593173826007,-0.0273505431740502,-0.518289005289673
0.376307328663708,1.20728061334997,-0.510923497042524,-0.329162049958675
-2.37824184012235,-1.42714870125817,0.491224521509522,2.04515989835206
-2.33410974643084,-1.08159842141125,-0.166199290287549,-0.564434149175943
-0.414565602049405,2.3809050277688,2.44871420280394,2.03139491360464
-2.89422214142933,-2.063622929895,-0.525867821453163,-1.89611156301649
-1.83778879548389,-2.88214236610335,-2.53345462214954,-1.98752576797224
-0.554758106056278,-1.56244743418038,-0.587470967289186,-1.82109508288051
-3.22613673864328,-1.3156893466657,-3.13591522436135,-1.69319297683526
-0.679185810903381,-1.42726424909466,0.249280967842558,-0.580126120286461
-0.529393719536272,-2.58464691634881,-0.990333027454229,-1.22536840805661
-2.13988242903755,-1.51702200214645,-2.68480469335815,0.0629535185560867
-1.69408985334346,-2.68084119632817,-1.0977305489542,0.01117809867839
-5.27248517913318,-1.83210744711967,0.0338677255739444,-1.44093594187608
-1.66883796909699,-0.27273618304848,0.479934342913477,-0.765760893691848
-1.95915586716937,-0.668333037302543,-0.764203820643956,-1.70556590809425
-0.556430462322906,0.127042614147007,-0.67557005228209,-0.861121783044352
-2.03961957027318,-1.87823305406094,-0.560246574708962,-0.947440320878882
-2.2970951767063,1.15765634895245,4.24263972083699,4.69148907838855
-0.33415943320486,0.692057741390431,-0.444827225766291,-0.899838617338263
-0.0764733328919911,-0.0141350941275876,-1.73424745855228,-1.51502387224345
-0.567560802098082,0.659460417958898,0.764821995393066,0.136687509046283
-2.21034432580721,0.67338013214024,-0.417224731013527,-2.00487449192128
-3.58794385132868,-3.83627399280824,-2.58930942208789,-0.722612376857421
-5.12645408702049,-2.94119669543352,-1.15433050110001,1.49374922763777
-1.18579321795867,-1.00614463275473,-0.242435900159453,-1.18590698754566
-3.34993120112751,-3.38939960824505,-2.66713225860324,-2.2487608396061
-3.57239306299002,-0.450072355674351,0.787360200357881,-1.45084231194595
0.62254126331817,0.132180502675455,-1.67522215988904,-0.277933829936967
-2.37747441115851,-1.8282236326937,-3.70800176333154,-2.48298776559813
-2.98116704697597,-3.59022080954978,-3.37938201555003,-1.60396798066348
-0.736079787634328,0.155439425686591,2.0548716436588,2.72582498248465
-0.766248706089678,-1.56647424643539,-1.3641852761264,-1.6471039406763
0.298785079050177,1.95752795112317,2.18312089630544,1.05154969710421
1.35931637170945,0.856788735100672,1.030039185394,0.982166401471888
-0.89439938309423,-0.941868950005197,0.689594592314174,0.399461317845699
-2.21631520969709,-3.4826889903067,-2.12468027672541,-1.37332121660926
-2.24319832793495,-0.792857475392298,-0.888552510794104,-0.116330915240278
-2.82023319401824,-0.323994542044015,0.685633701457975,1.10603005385855
-0.665012668831027,0.848532900668103,-1.63857085414401,-1.64662643474445
-1.12085922357415,0.711005756323363,0.30610691022757,2.41992803958502
-1.66328187739943,1.85057091854419,1.13477693997942,1.14620261683525
-1.97255977786564,-1.60288175104666,-1.14127629761507,-1.72021728987882
-2.06918129658954,-0.809807328163852,1.61671051383664,-1.81692215470011
-2.50714333490278,-1.00072930402338,-0.530588787953816,0.0420409010503248
-2.7959564530208,-0.543424525667246,0.192807690829805,-1.90627277289833
-2.69317648414014,-0.822237660472959,-2.64614649505349,-0.153142492073828
-1.40908868492993,-0.474706261724423,1.02387157755268,0.0459864297406687
-0.7138640692212,-0.150479150550624,-1.85660584598365,-1.63227678982048
-0.881174860538569,-2.40866194280129,-1.24532973990257,0.0219187162571949
-1.95130858846743,-2.3874930611733,-1.64475313197132,1.59533240816778
-1.16673577500521,-0.192701069539346,2.66131689378147,1.55028035886859
-4.03485114133237,-6.27738051972981,-4.72500271254664,-2.20712916430106
-2.86284828079941,-5.27896817871889,-5.19950201861802,-2.3777555066621
-1.51933667623277,-2.25065067219573,-1.63180785525952,-1.2382654081004
-1.94053877657498,-3.285769801602,-1.92500879451476,-1.39619520022169
-4.5447274653718,-2.995707041987,0.0507674285351485,1.11961886903383
-1.37966900274963,2.25450122923518,3.100321133632,0.596277436552471
-2.66999669217657,-1.90774034143245,-3.8332834857869,-3.30995559789216
-2.68168856342686,0.319560716507495,-0.0799051657772732,-0.875819305299763
2.20197176579805,0.256111791603131,-0.726657445482731,-1.59566515319837
-1.55920042521855,-0.560630015250778,-1.80097111605893,-1.97063505032597
-1.49914327600887,-0.566468432006365,-3.63305612311837,-1.55479718962718
-4.15651853803788,-3.45855166102893,-4.4485860190322,-0.853950553394266
-1.92513306083052,-0.384357146513399,-0.216278349534514,0.610199336002357
-2.18275442000784,-1.14109292360942,-0.210948856189288,-0.0787220498000069
-0.930549539270325,-1.26739054157686,-3.29093886209729,-3.57064755787905
-0.959617053736284,-2.25719395865248,-2.04661907224497,-2.80435325359583
-1.79962127142168,-0.687492539861502,-1.809420980624,-1.32560474691088
-1.33891620048361,-0.227998339128722,0.493978348595217,-0.482990551355613
-0.357146864769937,-1.08072443801548,-0.205784647389667,-1.07424624192392
-0.917371056238642,-1.49659816543653,-3.07817494267766,-2.68777945650007
-2.82750894707377,-0.265558818781135,-1.93596683726499,1.19810578378909
-0.0593343024430084,-0.307705785573642,0.28395360295614,1.48050217760768
-1.62306120294182,0.301547059855914,0.233671065210737,-2.5990779844774
0.794581984932136,1.69511387266408,1.89504881212173,2.50728593447263
-2.91589781506207,-0.671600262782938,2.03628973148786,2.14241848803509
-4.00549014288197,-3.27155772005865,0.200943668924921,-2.57143054194132
0.500704018682938,-1.50119031042817,-0.402890533813641,0.0155707502762586
-2.23646467863326,-2.06568928516734,-5.02460283725643,-3.39398993438158
-1.43446121531456,-1.19626243560429,-0.657958758484785,-1.53208816662941
-1.04085301597514,-0.854976122746021,0.357410571385441,0.832267018331276
-1.17097552649134,-0.23280931916596,-0.966784822318167,-1.84140256617784
-1.85735007679974,-1.23744174970657,-0.725784139462843,-1.19408664137076
-4.12787134840074,-2.8189544178219,-4.4275467101606,-2.52997686067983
-0.652014718064533,-0.884755104966408,-0.232594286299698,-0.281159595454847
-4.32695435141701,-4.69711907937499,-5.36733504058032,-2.83592474382234
-0.657986461159699,-1.40315404739673,1.74487993689136,-1.69447492045867
-2.07368308143165,0.058751212198811,2.97940969296363,3.13048878944493
-1.43188459276106,-3.10919414975648,-2.52766719922308,-1.27988770251092
-1.89709080994944,-2.0446959323499,-1.83002889435249,-3.00263618548577
-0.894647008887767,-0.245292692413522,-2.13909012159636,-3.01759185090291
-2.86145662658386,-4.02463577741065,-2.18646549430243,-1.18999270986186
-2.42469034782816,-4.53255022177552,-2.47689984034738,-2.51324414931909
-1.80672052373384,0.328936778911345,0.466477327220749,1.56447822932338
-1.74921046389121,-1.56326400280064,-1.58752680226763,-0.686388577153095
-1.03533551387479,-2.79782894085718,-4.28763454058876,-2.09294671285384
-1.13338631279947,-1.32643599487745,2.09866591120413,2.93151859161689
-1.1116672650944,-2.08174826821845,-0.161050048824439,-0.603915518561853
-2.4861386338747,-2.30276093652284,-0.724638098692429,-0.413769071511274
0.673381019472413,0.0452067585805166,-0.447702948772099,0.401144319517255
-0.646199509466477,0.248700941334975,0.232366315657037,0.959948863691611
0.0713357455702626,0.530487808494816,0.765435520082313,1.87902283103632
-1.6708908465253,0.245869288295203,1.20090508930455,0.776184930438348
-0.129886701483691,1.58393618436446,1.80771811082867,0.984112384202706
-2.52044054586903,-4.48390796148434,-3.99983898166184,-1.47532096075534
-2.84331801611671,-2.38166457628353,0.201031717565761,-0.540480758865685
-4.3968962523256,-2.93445103452875,-1.96669115129563,-0.765564060949429
-4.89074332560915,-3.13950004302906,-3.15146878214671,-1.81328500408428
0.76935639632134,0.242788992574447,-0.703406372582497,-2.93499612301003
-2.39071492659968,-3.66319408427278,-3.51274810241626,-0.942053931717708
-0.314786315791985,0.630867153969212,0.0117198901635888,1.13815407271145
-3.20229247670444,-0.477981712291995,-1.16718275662407,1.37611203404324
-2.50386000903144,-2.41361899046957,0.325777425074953,1.19130133924515
-2.2223422995898,-0.562402102584107,0.914480819202591,2.31567975319775
-0.301809598247151,0.526955623534618,0.444489614266251,0.480920993603163
-1.68195863375661,-0.690253591234785,0.537613464471194,-0.424574215203382
-3.019033881542,-2.74631516130101,-2.81573321845974,-1.84251987452553
-3.12369584133633,-1.98138978819369,-2.18608521173412,-0.699110189629458
-2.06464140228149,-0.666054844783675,-0.225098672213603,-2.98556595956868
-2.65590953675193,-3.6812742708816,-2.93693817754386,-0.474696642581452
-1.68095187735957,0.218376850742355,-0.200150658972488,0.0727272898283298
-2.6443821605749,-1.22424745339227,-0.64580462661682,0.877555739301012
-1.27101697101837,-2.42337859641475,-2.61396146354663,-4.35938326588367
0.0591333237544511,-0.66285404442157,-2.16462129974859,-0.774802063786274
-1.14298349722467,0.702627306609945,0.44306193591851,-0.985514886066662
-1.21698871903882,0.381677986814906,0.140577529725449,1.06872952167615
-2.2516387583306,-1.78752521660232,-1.07688041706855,-3.0748483131221
-3.10127554156708,-2.15864454610905,-2.98730358524823,-2.84798670216385
-1.49337026678092,-0.340830093677156,-1.0541016023215,0.483602406419776
-1.41911069425339,-0.722018187967222,-1.84299336264686,-0.67413908622947
-0.367624031042362,2.83344571855076,0.713459241318543,1.90954531931982
-3.58902562910694,-5.24774856007967,-4.13495405821439,-4.3211741473517
-2.48064566021534,-2.51443255008219,-0.0295624881843057,-0.256050589963952
-1.20434229435459,-2.02629799949416,-1.45308734795321,-0.331190085828927
-0.735112971490705,-2.07347905522625,-0.741101471271084,-2.43289447197257
-0.417549556877661,-0.963547882391684,-1.35583021501227,-2.5623834983459
-2.82632996718749,-0.854504679841542,1.07001841040857,1.05933877569043
-1.56973924036468,1.72720850316198,1.48306350685545,1.2339234923115
-2.19833604084747,-3.73066952742636,-2.49302723197191,-0.814506025338053
-2.22176821370396,0.315557937741461,-1.4078349409901,-2.33329242836226
0.679854401843495,1.56050696879582,0.567051323052797,1.0621932539224
-4.65698731384878,-2.74684901479246,-0.556844415547749,-1.250748737983
-1.142820604141,-1.62843108745699,-1.80741917759283,0.177112432812375
-2.49798780799982,-3.43923891225442,-1.72906443288114,-0.590601699886461
-1.15877419640641,-0.458170138870806,-0.495221074605304,3.65338668887448
-1.27314312039776,-1.01275161292553,-0.960279335624091,0.00546566943040488
-0.732537009626816,-1.44448768705079,-0.274011156274167,-2.08217129046081
-1.07287221747253,0.209541879046166,1.37985724533792,0.967664077684255
-1.62222008695076,-2.54293127722076,-0.230406102808841,0.507795825657297
-3.2667011413492,-1.85087479763401,1.51193414630355,1.55738145027674
-4.41596606278785,-3.89829627974752,-4.14688043972563,-2.77078083414981
-0.35075848730658,-2.30153028829983,-2.2051471486642,-0.347897347622588
0.599592447262496,0.13104749358332,0.478621327472958,1.15862702902064
-0.513136056216366,1.91447371839141,1.02695741990577,-1.04674087864746
-0.378400893415965,-1.43718357173521,0.788255208367933,0.022299978518593
-0.627637684449834,0.279976207649371,-0.544441062594351,0.866375937810141
-0.310535713989949,-0.0229285993137429,0.175210358277348,-0.566039263421965
-1.2813824888612,-2.01877833389701,-2.46481573173604,-1.50620217873183
-2.54612437623975,-2.52829856300181,-0.109526489260829,0.934804819070651
-1.49632290082515,0.102364016035123,-2.12703645914462,-2.71534319967226
-0.456955726636356,0.702865982419052,-2.00300996001905,-1.49931874949248
0.359608320698497,-0.604813631053196,-1.01139955304828,-1.97833866090589
-2.43836677144055,1.75568877968952,0.0190929475674239,1.04943812351448
0.51201947733469,-0.975851814766244,-0.638954140578405,-1.13242529015303
-1.38256063869577,-1.82400851828408,-1.15379839599464,-1.71722238380695
-1.58739121822566,-1.867646370525,-1.18465417083165,0.0111509736435181
-3.85077113160147,-3.38036898832865,-3.19807005877178,-0.87697417630371
-3.84630979673112,-5.39516065929734,-2.79978133783196,-3.2775702928208
-2.47982662719756,-3.05726742841854,-0.7115509722505,-1.46523600985882
-1.23483325554852,1.29443195570432,0.853938428086463,4.29283712780963
-0.770692265636837,-0.79270381580903,0.494380613554303,1.1962784719071
-2.79317043949385,-2.16627007555396,-1.3525887225274,-0.452211508221718
-0.852641576862907,-1.76872728307792,-1.27695268206057,1.36784902108253
0.581107047060075,-0.327519311316586,-1.1668870739293,-1.66819063200566
-0.792375644824889,-0.460685695203396,-2.27489815814012,-0.64749505583808
-0.656198958877335,-1.45362161348986,-1.48681813908641,-1.33711875871769
0.232002841380234,-0.773059976664041,0.319656443140486,-2.20493417926622
-0.0739829370212239,-1.40692536640089,-1.78597427357166,-0.138154026423936
-2.99869103878081,-1.63241733757573,0.586578756960741,1.41721412329692
-1.79147957873979,-2.02751650431602,-1.79146685208653,-2.68806446397175
-0.889346160027318,-1.33035717568139,0.423438597012887,1.02316335065604
-0.418665003974701,0.70358470325678,0.211055705946576,-1.04124388548922
-1.74462751333575,-1.01974025966631,-1.69660602823712,-1.09431510688723
-2.20444883589084,-0.107381260400303,0.778996102757839,1.2135968378716
-2.34713775788944,0.96772841861827,-0.108466975291007,1.74248980899283
-3.525033652553,-3.67416654109172,-1.76858759804563,-2.68532998538684
-1.31468533884258,-1.68369765082306,-2.7760264521888,-1.07908380334437
-0.974448351754937,-1.21317829445392,-1.70904212243174,-0.667206625922095
-0.31435358816293,-2.18916772691876,0.90468811896799,-1.05139142237296
2.99449781710443,-0.390300841714399,1.11507094811245,0.535256899662228
-4.56955875227043,-2.38859393629023,0.327916231226582,-1.01696434549119
-1.8697491321466,-0.743858687998113,1.00513331607706,-0.601318726939088
-1.01888978082557,-1.98694024414574,-3.68098922319874,-3.59050339566552
-3.21984737516774,-2.92067348109734,0.970260901830198,-1.72685376148759
-3.19600653746048,-2.71445799964995,0.864915487902787,1.30660051738502
1.10691298404047,1.40039115573356,1.54034748753968,-0.796703036494635
-0.444381550422594,-0.418077196229641,-0.886647701143082,0.0153172074343161
-2.66455859831055,-0.832904373072215,0.729751120086645,1.66007676956829
0.388645617624098,-0.574692721088095,1.83067404303224,0.748642522266065
-0.797585190471762,-2.60044375769388,1.5527693912906,2.19137978358375
-3.00042116203889,-2.12441810087115,-0.939012770675561,-1.66950062912885
-3.20812446302779,-2.36316838402179,-1.99161207290404,-2.79849055108441
-0.346132306225769,0.913243045853466,-0.541042399420681,0.244813313531618
-2.27132545556854,-3.77987118560177,-3.48570377693161,-3.15925815566842
-0.156872336666185,0.767515050513023,0.805376587974012,0.2208678086894
-2.57155647019719,-0.505479799413244,0.415656167547574,0.31518827192184
-0.0668740922914676,-0.797988581319437,-0.131105927262798,-0.168880879220915
0.534885888536407,1.12527215435452,0.780745907013906,-0.130286486352874
-2.61525671094891,-3.97680556679632,-1.04336414317103,0.0704714110370811
-1.63322994438968,0.473322249674297,0.785215311859272,0.814411832719189
-2.49540984736538,-1.79585569185306,-3.66583805011039,-3.16227353550593
-1.94616549570697,-3.54635580201427,-3.3171078325954,-1.18770580343909
1.6541355835779,2.20383068900736,4.22778308288585,2.69883253850205
0.982346426531126,1.3691448471029,1.58180102485324,-0.444518918575059
-0.313541140456791,-1.75862365398281,-4.77947824745722,-2.15784968650887
-2.4521184935973,-1.0972578119037,-1.42702905540282,-0.460097657269277
-1.34645239864643,2.01193114143857,1.04630412383532,-0.949288618766689
-0.610391513720354,0.3779797277515,-1.51111591275691,-1.95704170629156
-1.93405237957154,0.0222361179980234,0.340340818497443,-1.31181541331861
-2.55355712659596,-2.1783022945512,-3.32209349087313,-0.947698134797774
-0.252139558969417,-0.198894472086355,0.584749933360198,2.07378868741745
-2.32231060411521,-1.6331608156132,-0.262268384101218,1.15189376208801
-2.7194542874828,-1.55527395795664,-2.912309162546,-1.47702849584131
0.408949319098297,0.516780927336741,-2.20312320002535,-3.73205281648645
-4.72013183747127,-1.93968165710665,-1.99508062343825,-1.27362522603086
-4.21836043569439,-3.6883590297406,-3.18557750104763,-3.85477659363178
-1.57532338810744,-1.39917322738626,-1.66398010480003,0.73208323335247
-1.88284498909284,-0.411826007064513,0.289143719259929,0.0713097972011901
-1.78063048575277,1.01937901484723,2.82018202460097,2.13670183881555
-1.04257172432375,0.0338452502582995,0.197005785412452,-0.143554252862324
1.82719921796035,2.61427243861153,2.14694129553079,0.51250894929146
-2.72982237622303,-1.13601437830541,-0.425705640287432,-1.23884925543715
-3.97540559131701,-5.00934421398653,-4.81097225479036,-3.55618278075633
-1.24997248684051,-1.74474927664431,0.271282856781935,1.18510414363571
0.119096256287694,0.439933083453445,-0.337596515163541,2.21802133451306
-4.36285176661043,-2.77932605129213,-0.621307173587024,2.85123855819031
-3.94108692258545,-4.51001650552506,-0.755343747276957,-0.298099797277181
-0.428522486028179,-0.726194703149681,2.15672864614892,2.5062812181879
-1.37749224284575,-0.891496219599629,0.0283059477406272,0.393874543698396
-1.03068057267192,-1.06607919189912,-0.615387538579221,0.613363304729085
-1.80351442380874,-1.83823169400036,-0.539208107671744,-0.994729048378635
-1.49596799406873,-0.0399107538046841,0.304206108425001,-0.244596032286654
-0.122386184772479,0.41975592700028,0.0704608723588711,-0.0891424995619138
-3.22378949004415,-0.875006158661096,0.87120495989666,0.676644712301088
-1.97439820574942,-3.26617167884645,-1.85401305234824,0.0659081305280054
-3.85490822564675,-1.81862364832664,-2.55959937685868,-2.33011220218849
-1.03870803069235,2.98450141938878,2.10068357327752,4.12940387015133
-3.05353990805639,-1.76767609938832,0.785456067193114,-1.22045746128004
-0.918544421970236,-1.32693336219502,0.785347045549588,2.30029257035019
-3.37138913616285,-0.967932373877552,-1.51391205548085,-1.17027162983206
-2.56870227929037,-0.485213282529322,0.930405395505546,1.00845672304122
0.0680075072451878,1.19296830684784,-0.722440955869651,-1.59206279763189
-4.91531362109632,-3.81231150829944,-1.50816340950692,1.15910954598072
0.398172246280427,0.591974710631956,0.00852144681119028,-0.975598852895041
-2.57957033880921,-1.11524820527605,-1.88462928418792,-0.470617930034443
-4.23197347914287,-2.24610513165649,-1.34427116887469,-0.632413945509943
-2.98678917385693,1.11611962978503,-0.769778191152765,-2.40022566513547
-2.61991687969674,0.461059894265749,1.97306433742455,0.719516810939856
-1.17238939955627,-0.591704320209158,0.215894892004002,-2.85026566455983
-3.11319904285793,-2.04577150479043,-1.06677317737215,-1.45203977117632
-0.806943873903679,-2.792533873343,-3.90307721692725,-4.58016718076599
-2.50484879665897,-1.5592639897519,-1.65377146981632,0.666321655082048
-2.10812637500566,-1.2251188283281,-1.00741022590622,-0.15921332262015
-1.88900892489814,-2.48053295638588,-1.16507947667869,-1.72819901958925
-0.832107842471204,0.695704742204917,2.67811887439643,3.61322790304421
-2.95593936420572,-0.791083006517323,-0.741235914974796,0.134222102174356
-2.804343044885,-0.0347211177911377,2.32732012679013,0.553608818091284
-0.324023191736264,0.440399657172641,-3.3986613523511,-0.814244612427004
-0.781732804228068,1.60544185332919,1.11660080875019,2.44577198395801
-1.81110644971341,-1.41809938710647,-0.0502729825451929,-1.10070452985155
-2.21387940862964,-1.74173288002506,1.73128494557006,4.57678864416042
-1.67974911126371,-3.7368481497261,-4.66507594630752,-2.82413591751383
-3.37779694856733,0.966636092741227,1.66529280486449,2.80230113004231
-3.21507644757773,-2.56006917107496,-2.0199448077302,-1.88899215058084
-1.90314133455252,-1.67372268019159,-1.76543505042333,-0.280962266663911
-1.67533308598198,-1.61540771553965,-1.67771409500302,-0.873167211922181
-0.282534967163478,1.29626032558368,2.90685468601777,1.43564353186903
-3.89190608608687,-6.6643328807214,-5.15374940522812,-4.26947729372582
-0.923275480918885,-1.40936610103795,-1.78527988278459,-0.893237876296098
-0.68582355400535,-0.63802730089793,1.62703896467569,2.72597623800804
-0.657974761255906,-0.367963806447008,-0.590944046872331,-0.365560390209607
-1.73302923649396,-1.52449830542651,-2.2207461865466,-1.2696619955684
0.820299263124538,-0.953804746978769,-0.590082625443108,-0.692408391679652
-2.1389714301331,-0.970557199842662,-1.90476692148854,-1.25061322651378
-0.816425024121257,0.670076284987013,0.261880385526229,0.450621525571481
-1.91299530900276,0.647194249083856,-0.460320243858282,-1.07192483520115
-0.850201104364483,-0.808462701012576,-0.365230509400485,-0.46855036106301
0.492911036379475,-0.556931626957642,1.30838807942294,1.31220101827967
-3.48436600724404,-1.96547580331286,-1.27970070629887,-1.95320325939618
-1.78122939997859,-4.29430345569171,-4.48926016468683,-1.74781593626407
-3.47631653732644,-4.44317655685357,-3.87820884353771,-2.28855008637255
-1.08164690910945,-0.59671499227171,1.49131913782148,1.61538680575565
-0.66562726710489,3.58920137120841,3.12279384272854,1.7802726426243
-3.51043930222083,-2.78781960283258,-3.37510554883586,-2.69347140902659
-0.802692190263162,-0.0200936298943135,1.84004535734776,0.52362132948989
-3.59748741182603,-2.05477857942654,-0.113069438295183,1.66163468718586
-1.4494771755567,-1.02870744373777,-1.60494975483731,-0.487460540684189
-0.521654880553019,-1.16785743626927,0.557301053573562,0.122306439430913
-2.08419812001918,0.945013425098295,1.0326986237556,1.83397696925768
-0.339971455005661,-0.944894991684224,2.19158183979026,0.106495239408956
-2.96695537887923,-0.243693291881399,2.6606866858793,0.839161598292636
-2.05094283255927,-2.65899172304358,-1.36333867693245,-1.01382676902293
0.303568534413878,-2.84472604729878,-2.15568918319745,1.54595175170119
-0.475741523405392,1.20696801012582,-1.23114931089373,-0.587519351026861
-0.0379405760517442,0.922299100033216,3.62404581414617,2.82426593450727
-0.529206145184708,-0.645798201281747,-0.676971637690279,-1.90719259737685
1.18985157258737,1.11438924834801,-1.80736570325766,0.539980107864237
-0.616201698754696,-1.06436490088044,-0.913795209553791,-1.83623806842736
-1.35109948292692,-0.0431762359052714,0.0936098106231104,-1.57866481071639
-4.85765179918072,-2.23351724522241,-0.906284257339053,1.27167121764627
-1.24204551979887,-1.21701464171481,1.81121016051577,1.38301933787896
-4.45402512561041,-2.43734083800589,-2.00932479505312,-2.12113735083398
-1.72754377964324,-1.50570421358669,0.350906217923036,-1.07469179426752
-2.45808256569583,-1.14583659610981,-0.519881737405074,-0.648900435833817
-3.42691496369555,-0.910088892049758,-0.850492850060888,-3.52599748269148
-0.851426381991427,-1.15719723599697,-1.08642039923752,-0.175629005602553
2.27061763379896,3.0744908173617,2.15838992668531,-0.771662267264713
-3.97898960962985,-3.28485604934628,-1.18817129540575,-0.676619946792592
-1.84142680250322,-0.920131046978616,-1.1996901440932,-4.16428315574401
-3.22626644245533,-1.76071930850306,-2.82400568494068,-0.494849426634609
-2.15201007850492,0.970175456825878,2.63832972265468,0.711865834869733
-3.96271388707497,-3.31612370423041,-2.99878649127233,-1.76779656083
-3.98477370727763,-3.06140210286642,-1.20640825000966,-1.6603174705943
-1.77900307589748,-1.56653734306472,-3.14876123560407,-1.35142931079807
0.0960447346057225,0.396260211934191,2.72491328383191,-1.09083842970095
-1.23423912975897,-0.662227356400495,-0.539847068991727,0.301437430138874
-1.47254986871582,-0.963160399836738,-2.42990008284464,0.20643321730307
-2.50263925427138,-1.94080224839002,1.10333833360168,1.7791852671662
1.42960378326717,-1.22434386628794,-1.00208738127949,0.839031968489008
-1.36903867986315,-1.9652777724232,-1.21124845354707,-0.768353860612424
-1.79583310087761,-0.484665111215969,-1.01345848880311,0.602273616580142
-2.29700962638758,-0.190384819350348,2.41741267452394,-0.210247707380589
0.793896764810408,3.65721656249028,3.48013296806735,3.45736650299681
-3.00952929944099,-2.78927945743067,-0.198358018158274,-0.238959017956229
-1.45126863637413,-3.38389265340967,-4.62380383481944,-3.28252081412638
-2.63887322874235,-1.49459286425537,1.46215330660598,0.487019018006013
-0.556305032907626,-0.617588147844591,0.9004310421043,-1.14884970335945
-2.63150360670051,-2.17486112864287,-1.62411955087399,-1.06913173389124
-1.21261191960962,-0.768981404363231,1.64235088029688,4.1431498467965
-1.42671157189688,0.0638421351377613,-0.721481211696082,-1.31091539432948
-1.62816943267032,-0.91612911716001,-1.63781334163891,-2.92196030919537
-1.93588692838566,-2.17668366383112,-1.28427335490719,-1.46549888356515
-3.61417570340836,-2.81128966413764,-0.084965899805807,-3.37218118362891
-3.14885445571079,-4.31852293743313,-1.87877140961011,-2.54853338234075
1.17396923694099,2.31688264871341,1.36124965913791,-0.0584876138582299
-0.424979646621099,-1.43190688049087,-1.28250956174451,-1.80446832747454
1.20961890241577,0.136135314251692,0.883324640353564,1.13843288241625
-2.70128232000873,-3.57430969020365,-3.21217373241575,-4.69252696252685
-1.99363721977035,1.14565330759541,0.989038234976473,1.80442883464331
-0.128954702347615,0.109478553695017,-0.379856114011801,2.54460877797594
-0.53233596144878,0.901155598579092,0.84637677062654,1.05807119705176
-0.103783674956842,-2.48753819117023,-1.2168875864925,-0.868744391125005
-0.632727279644827,0.26188366298031,0.121371598733698,0.74859715377787
-0.712265631831416,-0.579358004016952,-1.14247873899458,-2.2791783112052
-0.14684896244977,0.606251512728243,-1.81964371485958,-1.74222503991444
-3.09551468526927,-0.908293419065368,0.427883262375447,-0.696181825854305
-2.79508932819076,-2.50086741513343,-0.136935370683643,-1.62194062753421
-1.94682798702756,-0.678117113787848,1.38357192328651,-1.64073646686827
-2.30563901290999,0.052933327359713,0.239125705890827,0.151586737160355
-1.76522712450173,-0.654421790288032,1.43554026522773,-0.802616044361729
1.39974314464761,2.55110157036832,1.17549162683642,-1.28189281546384
1.59421878310395,0.894897750143907,-1.12725902597907,-1.99352072671967
0.925224942407569,0.265470965022281,0.292981446356742,0.398776906156091
-0.187536298412442,-2.03924831996954,-1.9229474477626,-1.78417252287674
-0.38181324912131,-0.352319447503399,0.794027632579287,1.87770704816436
-1.68134769832625,-1.66940288803019,-0.114673950262656,1.53631527219038
-2.8475599804044,-1.00049733694265,-0.130639084820916,0.523888214072933
-3.77160037498096,-0.466641478380671,1.15125472552512,0.512645407360679
-4.25890134700151,-2.17368254063521,-5.63119586551762,-2.03844223516025
-3.35995438001087,-1.89382591223181,-0.579576482077356,-0.842943063781625
-1.91021733100904,-0.0462824450978139,-2.11129432334596,-1.57912063510919
-2.45433606552739,-3.71968491380279,-2.56536208102767,-2.04412932761795
-0.53430677866934,1.19283993635043,1.05392454473746,-0.92617011101086
-0.0214610629577842,1.3061353395095,0.992578033121232,0.470376272682796
-1.99646995295165,0.0956082025653409,0.819247612601554,0.444964056997225
-2.60470161828596,-3.50516037503829,-3.08378556831088,-3.86629802466986
-3.17147777415742,-0.19621550100417,-0.156139215307185,0.912139798015334
1.56129450993121,1.35034208933055,1.27326048785951,2.93517255927866
-2.78011092168757,-2.20177683353763,-1.08741194312204,-1.75195337081983
-0.857586631590254,-0.15297016873273,3.74025573270641,2.65739567894125
-0.436694325133001,0.636268148767688,1.70152269507274,0.240000335950119
-1.5673601257407,-2.17800365084057,-0.62179044403009,0.256526955650451
-3.22057455793022,-2.97623123179555,-1.75292919214156,0.107526039799261
0.417811945684296,-0.328653875453842,-0.94432737617259,-0.647223606632501
-1.16995410169044,-0.0322734498513664,-1.43693291033131,-1.21606077291974
-2.45817990366612,-0.65322977211097,-1.03641633828651,-2.60787540675037
-0.0594677139044604,-0.194709209300389,0.393209585057744,-1.67930219655558
-2.31680019403572,-1.01828325175482,-2.4942824977879,0.569779870143336
-0.606606862103396,-3.38196756167243,-2.37365372425608,0.474170138026953
-3.85299568807731,-2.76911058019442,-0.820425484328982,-0.708344801294342
-1.51426099376623,-0.758825934626415,-0.681565813667604,0.587715406621448
-3.67037609732059,-0.420361427826846,0.133306285055818,-1.56585250051476
-0.614069492541771,-1.61977131494067,-2.37598116127202,-3.04150914731213
-3.01738795417693,-3.28198002513444,-2.96419375935298,0.713207356374874
-3.28434673396018,-0.87311592926248,-0.731010149545376,1.90670380878038
-1.07959050444757,-0.671430318579157,0.833429076807485,0.60006129172368
-1.48890228756674,-1.07318407650443,-1.36586119134434,-1.93708018025184
-0.262346596385411,-2.59204186626939,-3.45489547489038,0.20924448753942
-2.196395434852,-2.72778600814074,-0.721608095624344,-0.229057267610667
-0.841045544749142,-0.61864456891032,-0.8195209790495,-1.83537428493553
-2.33985041635114,-0.287309336335444,-2.4406364921144,-1.729741992887
-2.79747694281664,-0.584727996718826,-1.30491726278788,1.25216413243839
0.45170740027265,-0.20871582966973,-1.53845685934854,-0.635111971239784
-3.71637032958512,-2.96232017444842,-1.06220634338532,-1.62181504610145
-2.80795577365716,-1.53774212206052,-2.02805244916947,-0.480102738877314
-1.14948873621856,1.22930066253607,0.849280505964735,-2.10052300655837
-5.83250705431724,-4.96191602900625,-0.857831885981086,-0.396481662788289
-2.15821170910853,-4.84860420592868,-4.97143085493408,-4.2697037047204
0.478483705403758,1.4282315725652,2.49469307622092,1.21442103396733
-0.36498768528793,0.160488056579176,-1.45327816634534,-1.62124823300691
-1.28421817335767,-0.659635759756839,1.54135158554302,2.23242374000397
-0.970246222304513,-2.97195662022906,-0.907501368151089,-0.656686365898556
-0.992890234246288,-1.41950226347459,0.537445832721985,-0.100366530214047
-1.35241276347817,0.339768148982573,-0.852255608215702,3.46121346355745
-3.07753367955264,-3.48084852706464,-2.16903271941843,-0.0382476923403758
-2.07610115433928,1.11204459347181,-0.155388259788946,-1.49508102577401
-0.520981680129167,1.6135464716621,-0.243497810190019,1.00836083515034
-0.549958632105622,0.744741811953801,-0.433652557959099,0.115812039606025
-4.34312048555659,-5.04161010936617,-5.7284632910996,-6.42749532949939
-5.15839740512876,-2.69295877152272,0.011619350115171,-1.48463854940801
0.8248476434919,-1.8229776356972,1.15700925188639,2.70581177519126
-3.8427530049644,-2.5728720506268,-1.13173444392372,0.523599700561904
-2.06069357886558,-1.65951413206451,0.130721789397055,2.0879413693416
-3.66012647796115,-3.08627815258085,-2.47798774751237,-0.838500637452791
-0.619449267846579,0.00122990638881698,-0.651981835826146,-1.76776857979783
-4.85907888185115,-3.54187072742098,-3.37006386791916,-2.37268797629169
-1.93248966011393,-1.14070369340449,-0.689679242773135,0.873795198926163
-1.1845018232314,-2.20201824520768,-2.67180255235753,-1.6429806692202
-2.82779466753831,-2.3648372669565,-1.0072517163116,-1.16333816099516
-0.032048816402806,0.0540159972748963,-0.170387280400078,0.551467886533775
-1.07951637860757,1.73095594651726,0.0170107006200161,0.928944785195571
0.11318792821286,0.194238324672797,-0.7596762380079,0.256263060787427
-2.76822377924631,-1.88864059562314,-3.84476615542074,-3.91582170611038
-0.946649367284088,-1.47536802595076,-0.285292240878062,-0.649854481863328
0.605624780020085,-0.92602735391121,-2.40529456020559,-2.98582366458133
-0.145902153598767,0.167024390922427,0.333195878860109,1.62500533579112
-2.53148632692524,-2.66029003635957,-0.240399367395008,-1.14758030304314
-1.9742447697091,-1.78664439243104,-1.38599351555809,-1.58104176639751
-3.0607403527727,-3.23539480907481,-0.491396758502575,1.07360510373252
-0.0188906103028618,-1.61408549458267,-1.25435397848527,-2.78709542621835
-3.12192747491517,-1.06976137827237,-3.42317692321808,-3.83718373939443
-1.81830701215257,-0.252145927212361,1.55139309017391,1.09182655913213
-1.55010841629039,-2.2602787841787,-2.89837551511111,-1.28240526166561
-2.21249065279074,-3.4944414536158,-2.01486367049971,-2.65097749566156
-0.902391848997402,0.461428962220234,0.53536776427016,-1.88794439791428
-3.52450852063125,-3.7665460515055,-3.54311306522999,-2.27256499206916
-3.31271742813292,-3.97571845575067,-5.29449017202938,-4.06103574847305
-1.84667648277158,0.630856410761929,1.55545555340513,2.15255626636263
0.229166068046768,-0.96020576880182,-0.381884778200872,-2.11909439757382
-1.80293015260721,0.381311485776552,0.608565378131555,-0.19233440834333
-0.707446161622673,-1.93919703034663,-0.156867628307319,-1.19334339261045
-3.04038947155146,-1.86911735819085,-1.39573507817436,-1.43227996564747
-2.51123378461636,-1.94456900516382,0.272315222411527,0.137503585328829
-0.815170498991544,-0.165182623688027,1.3906164615962,0.305137177304799
-1.39521031614964,0.0828036779178453,1.03720353162947,-0.604687295060897
1.9048347312431,-1.39221508223903,-1.00113726035866,-2.96776708659847
-0.33439459456076,-2.71065858146676,-1.87547505189835,-3.65644150754176
-3.07328106190779,-4.09011177225327,-2.53237958475021,-2.4226763581835
-0.53046884279627,-1.8567702310791,-1.43310995375788,-1.34406099803226
-3.56080547362384,-1.92208158853097,-1.8903531359328,-1.30490179360182
-1.20511278455377,0.19749687058936,-0.846756049600794,-2.45285093266001
0.628236342824271,1.14209684721249,0.728652355172077,0.821735076013247
-3.81089655078809,1.07545216223244,-0.759898985629223,-1.01631528779925
-0.58059711153709,-0.570561974784991,0.780178621515077,-0.952342048764291
-2.48207941061098,-2.85251322308108,-0.560780248299844,-1.0736965303003
-2.0625482280628,-0.628857727183602,1.1626345253374,1.23129066450476
-1.56780347465667,-2.59418666584391,1.1969653633575,1.13531569469554
-3.96342111380714,-1.61719369421368,-1.40480709124311,-1.36474664450144
-0.269973699493709,-0.946501274362061,0.86531929198961,2.5091507220273
-5.99738973429427,-3.94273987513571,-2.40489892781944,1.52395176332898
0.909583349197822,0.150714942538402,0.318172298671339,-0.372263333385861
-0.493363552757413,-2.72797301005785,-3.77977462546193,-0.0766649539544317
-2.45801618608748,1.41706847227402,1.25798147268178,2.45936778003159
-0.355987232874915,-1.90467412268065,-1.72753273821958,-0.43193194411327
-3.86035572664636,-0.230857160596167,-0.52860124881187,-0.446028915734364
-1.41874570105345,-1.20262346663116,1.60599586447205,0.621002674762066
-4.48488685349558,-1.12738841934841,-1.08509921118695,1.25593563460406
-3.13575953550331,-0.65228845200018,1.13645435731368,4.63766624623105
-3.10595336752477,-0.386709077811011,-0.0718566420354882,1.60401978136835
-1.60108463684169,-0.573168705080593,-0.267372856873772,-0.0795159160368265
-1.70865916677177,-1.24411812595439,-0.682561452148643,-1.36607426971696
-0.497790829127836,-1.50866681029867,-0.721324912708206,0.508704980573117
-0.0700050413235529,-1.60410579319928,-0.288793162426734,0.467133155271711
-0.874724822389483,0.783005191572622,2.09912856866223,-1.73170959459815
-2.90774514006831,-2.12235429365885,-1.16717512137939,-0.473818526244159
-2.02866519298941,-1.67578033778516,-1.52061014445562,-0.284250759980128
0.988539201172039,1.38739914465943,2.32149025258939,1.00011765216639
-1.54996183641532,-2.35698891721116,-2.32979742655198,-2.47560609186834
-1.57895845598522,-0.632066713982367,-2.1313083476255,-1.74609484876629
-0.259581164419845,-2.0783886025166,-2.83549083426935,1.78060909897399
-1.73024455400575,-0.210376724628163,0.470623244082717,-1.84238214150411
-0.786442431707123,-3.42608372545629,-5.68635416494143,-2.40359922891267
-1.62608075629502,-1.00583987440332,0.447287814898605,2.44903937744735
-4.81761956064031,-4.81141850692816,-2.24469585508477,-0.755025995119157
-0.979688884941796,-2.04144171630354,2.25521968011305,0.255836229502992
-2.41151608576836,-1.02684380153893,1.02679183412325,3.34113638907835
1.98684056438021,0.309944856779411,-2.15512678417334,0.209473231463001
-3.05836579174187,-1.88912586746243,-1.54530613551348,-2.90983583983526
-1.50804467663637,-4.12409361888348,-0.909462046681505,0.249281101162443
-1.31032434802035,-1.70309405926932,-2.99238152737084,-1.65346359870472
-1.62387741885018,-3.69940730549873,0.00501964663297166,-0.0596446583432682
-1.39942039109642,-4.20564595310639,-2.00869925735904,-1.13183285514753
-1.08847043372941,-2.46034865101442,1.40212064590963,1.48594870576507
0.256403435610824,-0.259854302728986,1.89731461497595,2.77313129442861
-1.20050724320978,0.406759505517446,2.87324455894563,2.42904455385438
-0.985493995162678,-0.694343105375411,-0.636728259947221,1.58766421250346
-1.20474895418233,-1.63344351960915,-0.317332428737847,-1.19544378169697
-0.350524279002185,-3.43718001701641,-1.6832315463892,-1.55225305420797
-0.648152029085679,-1.13456770899692,-1.97793549773993,-2.44558588722854
-0.324873121564306,1.24549241976651,0.881986065990952,1.52170010988078
-2.72374149243327,-1.55427731291317,-0.0686532585528367,-2.0542421128861
-1.37298085498206,-1.8094297916272,-1.96026280344944,-1.05913963919493
-2.54718287300443,-1.19240446439696,-1.97767897268647,-1.93286918646009
2.48115798229383,3.98608471516019,2.15554235186579,0.977905543276004
-0.942885645254741,-0.307607284242954,-0.153169257046854,-1.31467840668072
-1.03478412702513,-0.540977103529883,-2.01078643086668,-1.51668794711593
-1.09925553787445,0.421998114157005,2.39302988437866,0.732408916911466
0.174567378927214,-0.782669892824076,-0.079321021915206,-0.324749913631447
-2.6040676034385,-2.60243286407593,0.345392452609598,-0.534889496537455
0.730156745420387,0.666414037441164,-1.36499583509473,-2.07779788556746
-2.4924366236182,-1.87386347110372,1.10037780876635,1.12978865294249
-2.94736407081628,-3.17122784008615,-4.77961050757903,-1.97757406320213
-1.37849387853672,-0.235855863730296,-0.169616366587466,0.767882508973884
-2.48111589937672,-2.9802405813073,-1.73018479224719,-0.981359533976136
-2.30318013600899,0.162802376179201,1.69804851263146,-0.930499869319912
-1.43918140259583,1.0170909838853,1.40666051911,0.998443290521202
0.00323791651916006,2.32640122025436,1.64585186651258,-0.274396890198935
-1.45140049650279,-0.675075821552141,0.557632234899678,1.3701820220924
-2.60023953343173,-3.71941164798245,-4.18607069697167,-3.41731336339528
-2.96607129998887,-5.9498962441759,-3.35090694367011,-2.95191028927441
-0.395359318564113,0.242151162871237,0.338143009707856,-0.673752242054765
0.345997405934005,0.892146663560649,2.82784397961793,0.435577467980239
-3.67972534959069,-0.809831684337926,-1.5323559119687,-2.36013071874075
-1.26497788823897,1.09479667197093,2.81915949823589,0.770041984354453
-1.30194302290216,1.11458233847811,-0.532985124270936,0.464325188431869
-2.60533531570792,-1.92199364257768,-0.320969109842305,-1.65394513201954
-2.8464873680296,-2.52742478140501,0.910698516202716,0.782869925576615
-0.594439016122854,1.24233980050037,3.61091102813286,3.19867697744465
2.05310948168828,2.08346053247524,0.950531151233282,3.03682892809007
-0.108914897075673,0.669326874048733,0.215846270034956,-2.87248095972159
-2.5859149297661,-3.13664357301868,-2.117697938732,-0.498585934934788
-3.13668164313758,-3.73541454958017,-2.11573709429041,-1.60094422325594
-3.27169806077811,-2.79196260883328,-3.14827090197401,0.644894812914236
0.135484606034347,-2.88329405327095,-0.954471674476719,-0.0207773469715266
-0.903190200806544,2.28223109284571,0.541232322598492,1.79953332139259
-0.880834532492615,-0.527867025084372,0.455679169176693,-0.787679386635814
-1.87631035203073,-0.0838894804941692,-1.17956712565696,-2.92700029325065
-0.910017966167822,-1.04803627825002,1.2920818498209,0.981809523960468
-1.84987092732949,-1.96802166381471,-0.654070932796358,-0.726277298638301
-0.112705943646529,1.12373850181909,0.455995619544062,0.945574829748547
-0.205836703460141,0.981260208182791,-0.45776091141699,0.182191835007642
-1.72324891196807,-1.88076634564229,-1.42228192791531,0.163450105696028
-1.21530747688542,-0.856694992317236,1.69826330641132,1.63833892136946
-2.51417704469375,-2.24392538328757,-0.568994752291,-0.225208228362746
0.367360533479012,1.23909030134696,2.13034008207446,1.77149665352651
-3.10349897360652,-1.09912006574128,-1.84909493566081,-1.02026941116018
-1.72626427203663,-1.68552197405469,-2.92156321932378,-4.7303505754629
-1.77851947815975,-1.72940936601231,1.74732960973049,1.14388074047111
-1.82730734722646,-0.73628199016134,-0.393995909153121,0.936156053484886
-2.63940624686637,-4.44349178997916,-4.72938293488882,-1.45214452926787
-1.34816307615864,0.852070732476055,-1.00020245031113,1.73747075126351
-0.416861027338368,-3.29112220071866,0.740475465834187,1.29565125048337
-1.07686909021982,0.278038816202715,2.9660071247272,0.428562679005742
-0.325917802242906,0.535414491841413,-0.207036459383655,0.839337557178288
-4.43526033297573,-2.71839148431659,-3.14569511181406,-0.997561260906486
-2.63486740901707,-1.09000697131366,1.17900143953311,2.81501501678162
-2.47180138178133,-2.86064976160024,-2.39923037385503,-5.06570031048287
0.468588016874022,2.91548014947301,2.98452017041358,-0.781868821406574
-1.79670759608595,-3.64687318989292,-1.8310552724574,0.264881178771227
-2.73344439981443,0.304577315888131,0.552310374513307,0.0718230379336877
-1.87800747687765,-1.67417324955928,-2.7394625981731,-0.40609123667788
-1.33774866122963,1.28942344013788,3.26826178085534,2.39742959499902
-1.77093316900605,-1.81285189758278,-3.63721110327638,-3.42460601738742
-2.53387972603982,-3.18879860338718,-2.38411144415868,-4.10501878325086
-0.330256421465995,-0.20262534645937,-1.44071777848924,-0.943010890927926
-0.745917353410827,1.51022287803224,-1.30642823420545,-0.909010778798909
-1.38089234872343,1.06565522777508,-0.502830382065085,0.0471237339188388
-1.87386975014684,-1.42593798583871,-2.02815165193556,-1.73148728824615
-3.81512081402652,-0.650041386732051,-1.83180969322771,-0.852892369706833
-0.276065033515546,-1.6396270934211,-1.55258871785057,1.80927056202003
-3.63211249806115,-3.94137736336396,-3.15774594110898,-0.694197891829899
-1.85582204039689,-3.62484113776062,-2.69786683124401,-1.50325027291256
-1.31987016798065,-1.34957509210651,0.775797088298227,-0.223464398084947
-4.48915010543898,-2.78788952564444,-2.20796624955315,-1.77557327636443
-1.73579513878439,-0.193722397283431,-1.31920043824605,-1.42655631487921
-1.98684249285105,-1.95111642965968,0.0308587540087799,0.256703777839399
-0.910850028216639,-0.00311785776880966,0.293467588002869,0.205304662116775
-3.1390406120977,-2.98901918643531,0.354606810097508,1.33058937610715
-1.18700789510818,-1.48826031109023,0.259468010241566,2.94687877524875
-0.638035093049266,-1.90797252469625,1.06368554951739,1.19084909131874
-0.280119142804387,1.01255370322011,1.37299335194864,3.12523293934528
-1.55965527612905,-0.446677388309748,-0.881169917268705,-1.03238153877953
-0.516531867935001,-3.24780019581497,-3.94545045597606,-5.17395076513731
-1.95787270777858,-0.0334577481175268,1.54083006822453,1.0664016432038
0.10508699970679,-0.554846997624018,-0.659716847298881,-0.331924611831708
-3.51488107699549,-2.84124431420372,-0.913236173128055,0.669167736406017
-3.86149363166587,-2.67434553688709,0.0676650156091583,-0.825150003048321
-2.93693644889832,0.343854048968387,3.76787633202084,2.39003007318303
-2.3259756382293,-1.39136582885767,-0.723027727823295,-2.83554502681535
0.00525108398525997,0.672467465688946,-1.02885104994478,-0.950079881372557
-1.79779203181198,-1.05963986271268,-1.684164122961,-1.84796908781627
-2.98485048763405,-3.96028922137253,-2.98792482539943,-3.46040519276194
-3.33089606907625,-3.08480443935638,-4.2133853282908,-3.4976688934281
-2.61239856714449,-2.83302953536604,0.41523615751428,0.826239410379518
-3.94854892628752,-4.39861698216775,-1.16972726046588,-2.5211975465838
-5.64232940676512,-3.52820487420991,-1.4803130222552,-2.48304102723017
-2.95406826310992,-1.92403958272261,-2.91233503760436,-2.55138192058183
-3.5488656450297,-5.53079350346185,-3.90807470911445,-4.47901861140163
-2.10321133967251,-0.424950501896137,-0.291092286176893,-1.6649769149248
-1.17440991139559,-4.82329462524393,-2.59998262293306,1.56121270281945
1.26863605427108,1.65143086233027,2.29391338605891,0.220260816303378
-3.45802593608422,-0.955334982741989,-4.51156078659423,-1.80461058685865
-3.63579978736913,-0.960126449034431,-1.95392211730991,-0.989714657601412
-1.73314933015076,-0.875079945304945,1.71038151562661,2.70113120912574
-2.21010049607558,2.1940287369451,1.36672549025611,0.379569092546239
-2.19934692878667,0.657308386626541,-0.27575522261561,1.87505550278638
-1.56101158371151,-2.37925027554286,0.652963425999769,1.40925849736469
-1.78021727245938,-2.2346421519489,-1.06893139611771,1.32896258992671
-1.31910686219603,0.093922836066747,0.794732463391485,0.465579891644881
-3.08314819757952,-1.1541159830612,-2.25789750441319,0.778748331888718
-2.27203205049801,-0.746241933389742,1.92827857181809,1.89770735065208
-2.11337781361817,-1.04515704245852,-1.84746883341494,-1.56482712041213
-0.938390141735634,-2.90302984858119,-0.578843301648447,-2.14697475271372
-2.20819281105115,-4.44080873630794,-2.70470575314581,-0.535704087306794
-2.07170629635686,-1.15939349120176,-2.07969396712401,-1.18253852163052
-3.90516548837976,1.24244998607969,3.72530663246176,2.24809677423238
-1.15973789588893,-0.516109216886241,-1.80473999150022,0.0189520070478646
-1.10044106085607,0.816599444557954,2.34198696428876,-0.343282901989784
-1.77069685252701,-0.893077810020181,-2.8965965813708,-3.96291195386455
0.0190555714599241,0.990262744053967,-2.57957796701605,-2.61236958511917
-1.61485597947328,0.52341350255081,0.178537209866335,1.90915452965107
-1.52506345439198,-0.810719066718763,1.05326790520243,-0.303807408435408
-1.52076435783914,-3.10078050915193,-0.911796654318307,-0.427780905199465
-0.126432188915368,0.104430946370303,0.425056667025354,-2.36796948639801
-2.69721922595851,-2.95771609708379,-1.8517795371804,-0.497540981676921
-0.282234024819003,0.327068438716422,0.624318199475823,-4.02206599105408
-0.251032485453832,-0.687126396753321,0.798319776127189,-0.370346037873294
-2.68279402859689,0.471163826457293,-1.09923459442861,-3.52563583880509
-0.919267609343661,-2.10694915930458,-1.44138277788139,1.07547426840338
-3.14794845445482,-1.48649502627927,-3.52420078284807,-1.94986947108583
-4.36360724886104,-1.11630221782484,-0.0459735452318875,0.0211281679504505
-1.06186315650203,0.795956197983277,2.87284340058742,2.1958083579973
-2.34915301623783,-0.39451051465328,0.261382876222969,-0.234149070725809
-1.18022380288284,0.217917223304141,-0.451416944426957,-2.36907868947913
0.956668921040347,-0.0285954659444208,0.819176240733226,-1.21395549993145
-3.42410867641568,-2.69771437394489,-2.31224902131503,-4.67163207304613
-2.36199400822767,1.00347626569404,-0.497391346068973,-1.48096548389215
-1.13968297095307,-2.50058211017374,-0.894636892753018,-2.52669167040884
-2.85521029447144,-2.24831675959156,-0.945766838076758,-1.47897691246886
-4.13432950294947,-0.561613520073869,-1.63714604810806,-0.023888569981302
0.768317808616088,1.77014214338722,1.74647991183534,4.43447158137827
0.0916277812985219,-0.912600385941604,0.0049641480932181,0.61009197680066
-0.502802243207013,-1.2605094088325,-3.09163602934789,-1.89330241997562
-2.17810019736956,-0.232050907710513,1.46005229197048,1.16394993639343
-2.21477564546673,-3.34139956434313,-2.6873350051551,-2.86729499712686
-2.94168976851799,-0.421423377632264,-0.261975692947234,1.66697506478449
-2.20583906294674,-1.0959172074907,0.505473739572366,1.15991940288965
-2.3917631839361,-3.62528893815615,-2.10434781472408,-4.54681298805253
-0.359469125969013,3.12573384437764,2.190505493922,0.58866968327057
1.2809369659221,-0.127065929494854,-0.69037298539811,-1.5106962867505
-3.93438801114907,-4.31871284841437,-0.105273211398865,-0.933504433081575
-2.57895769772281,-2.48057292108274,1.27011114042775,-0.647167819089075
-1.28615636456636,1.78999855277578,2.89937025147948,2.06826174092555
-2.40747817576622,-3.69882964967168,-2.42325653446409,-2.18969138667727
-3.02873570071005,-2.26154548031838,-1.92231915256636,0.677177691491998
1.8061716313355,1.25745048601141,0.798516323571841,-1.32410973315413
-1.3201879568647,0.205313061794519,0.937949876118533,0.308383013104317
-0.284295656999593,-0.425287003067415,-2.90957714951409,-0.527796622743676
-0.628628789549811,-1.98724327266328,0.579900911817537,-0.463000247827973
-1.36409553093388,-0.183924544728955,2.85692493187876,3.01705865699671
-1.38669372246633,-1.64626976405117,-1.0318696869942,-0.0602449614625541
-2.87253760287617,-3.30647750092868,-3.03704076965557,-2.6854166081509
-2.42568929877766,-0.0327174759463964,3.22604082226666,1.29421008955258
-4.06187415375389,-2.87889915032861,-3.72530347990217,-3.38146436961957
-0.272519268921264,-0.666801279795826,-0.208571079238079,-0.371356358450452
-0.734373291144579,-2.7263805264349,-1.51368758440842,-1.29314191725535
-0.521474509686932,-0.851900279793437,-0.50661409213897,-0.925396676089519
-2.27227574126695,-0.50518988284045,2.45653843969367,2.27719166937281
-0.66378016299764,-1.45585123220009,-0.0672848363817684,0.587329263796617
1.09547497340474,1.70305941455101,0.916145321518743,0.979477374224026
-3.27878348994009,-2.38965591925627,-3.02332849921674,-1.61906197591366
-0.133601314889768,2.15714081206835,2.80768041549028,2.48406431031746
-3.04125869666396,-5.15925145164155,-3.55824903147612,-0.784758282570639
-4.80996715123599,-0.859939562756522,0.656386272910665,1.46626512314617
-3.24659817517967,-1.47323653154295,0.108342613746462,0.0950666996027436
-0.24420445727215,1.66446763580928,1.16976155687522,1.68340636322771
-3.80675353321857,-2.39212875753472,-2.62427991372103,-0.0213327273080535
-4.27427729524725,-3.37959769092617,-3.65914510734684,-3.39573675839131
-0.866869197218652,-0.565291059229174,-0.127405823022257,0.354799393988079
-0.724615260225004,-1.76214644117723,-1.16873814257722,1.41928022359783
0.319785977706378,0.094694462303769,-1.22400424648366,-3.42523655622782
0.676011082400414,0.402022280448716,0.45000691059347,1.13515504286893
-1.9289557408988,-0.503454609668209,1.14470498736765,2.43051878434044
-1.96635507919849,-2.24677070340994,-0.438526243194381,1.55191313937786
-0.811042214098764,0.266032875274899,-0.313727198358961,0.0950914228485453
1.0507282077881,1.05752716893419,-0.0707095704527513,1.60610788076916
-2.72072226089645,-1.66278719298192,-1.85015809824112,0.0388660881326576
-0.485120744638933,-2.34417292100009,-2.00904772218782,1.19984914708393
-3.18880440760475,-2.00844485182513,-0.90466673550416,-1.37259588271718
-0.188999904610068,0.662409694182638,0.329098840787944,0.43235216537117
-1.47478535397808,-1.30080951631408,-0.707780497045093,-0.266896496402795
0.0702864814130794,-1.08126346750931,-0.354300399718259,0.662275987881761
-2.734861527347,0.0290650309384322,-1.21908397151534,0.14198029832574
-2.06176826566813,-2.89168305283759,-2.10981353476363,-3.03095848914633
-3.02050498852555,-0.561423136211416,-4.53079391807305,-1.48549159185083
-2.22258405452184,-1.15082800668785,-2.53859510886188,-3.10810612186502
-1.85749104643425,-1.50281363031523,-1.48460688114754,-0.718638557978633
-1.58401171230245,-1.72451561483863,-2.85938449278857,-2.01774541395243
-2.20905371018727,0.931813730499957,1.63571580472216,2.31645190185627
-3.45014336286736,-3.01769769862638,-2.04518011120491,-1.88174712365928
0.265716055842932,-2.53600263976405,-1.34488202608109,-1.19698112123206
-1.3007908859493,1.3498868412285,-0.36705854622052,-0.217752699352315
-3.60619481721883,-2.06244561572497,2.7726872148436,2.65791275533884
-3.00729580500203,-2.95241052667005,-1.5384422493447,-0.174658111850298
-3.40813517520925,-2.16168978469514,1.14159145780993,0.245133234649324
-2.35043952454654,0.609397090330027,-0.160794538122868,-2.08853438651662
-0.615295940659797,3.4637284571562,1.57812558224802,0.926512013970133
-1.81030196628716,-1.35758540431362,-0.984620193935979,-0.651201676690377
-2.15653131493283,-2.14078654106515,-3.28691517871125,-2.00287411416486
-2.63463063076738,-2.16299447893632,-0.0278572030575787,1.22345309921461
-0.0428987699244041,0.844054214221333,2.21008628944737,0.835360686715884
1.75826366521705,0.700004708115092,0.922797096931661,2.01547562345621
-1.20871854669756,-4.45752619593289,-2.19797817446656,-1.39569367231666
-0.732698326982728,1.33868491188578,2.342806486847,3.81391234990216
-1.64119082738871,-0.591101717814745,-0.0209378865834469,-1.52940026078545
0.20571877702708,-0.919709052009531,0.863489745145464,1.63453651850861
-0.298850355904376,0.0694657013542646,-2.76029135408979,-1.09916579388701
-3.73498154193787,-1.92185310394236,-1.08305510333879,-2.11912842625683
-2.39994012554199,-3.25501720197368,-1.40424055773594,-1.08703566075307
-1.6631934286586,-2.19979280005917,-3.12215704149552,0.134548585709907
-3.76169689067808,-1.52945814492937,-2.47419327170542,-0.371288052593976
0.306071658367585,-1.46022673077351,-1.0897411222615,-1.62284796101766
-2.46368397130553,-2.03015796809491,-2.40381341586045,-1.09080492232123
-0.218725064884646,-0.764501341573638,-2.13976351466623,-3.04566419654228
-2.13746662063236,-3.43749362764693,-3.27531775162193,-0.727508046475885
-2.30614270561801,0.939013474682091,1.59720492566002,0.586835903277828
-0.898013915194883,0.843431292587269,-0.520197410315445,0.708672346212266
-1.44023978970384,0.240606259157755,-1.90875763087492,-1.7116674909229
-2.57599404336603,-2.21571230912038,-2.52245056475371,-3.13348167405114
-1.2530193716093,-2.78942585809115,-0.838216933292962,-1.85628860464861
-2.475750462205,-1.2736768947253,-1.69015615441206,-0.326068983149976
-2.51880903787683,-2.25029535508857,-0.423435029311919,-0.966295795112753
-2.62836623584869,1.81949947484347,4.10506441397674,2.01237811605696
-2.60915244045617,-1.27634310495551,1.55284678066588,-0.123979575847913
-0.972535220030909,-1.21187084408584,-0.538482878285805,-0.935297843703728
-2.03509679371883,-3.12802740922345,-3.45367322469218,-3.03818276073039
-3.66658062016272,-4.68481815235146,-0.406977018670884,1.54662923965866
-1.5662710673596,1.71032485352953,2.67084821185076,-1.28761146919886
-2.11457843358074,-2.03958495266928,0.49517955916504,-1.36633494150607
0.216082728567681,4.03623663895287,2.87334453114149,3.84063411607672
-1.48742220667991,-1.55698240061354,-0.283644588333982,0.797302986163586
-2.89905955085636,-0.0284364172175928,2.48109743214567,1.56820761875871
-0.652017365267459,0.544925793848686,0.0377175448490947,-1.74817132068423
-2.52994359827589,-4.07499637242972,-1.47514430151642,-0.0405467488207973
-1.12224399399622,1.85881514134123,0.849047492456753,-1.15644947574151
-2.07054519665586,-1.9824374795694,-1.86980527575129,0.147496498956625
-1.85177031730928,-3.78405579493945,-0.998434576957451,-3.59324198117541
-0.0110477744480278,0.425285135724399,2.06850985493716,1.91879767994813
-2.42125318849864,-1.9978022905932,-0.868065203715911,-1.91995529273993
-1.23312168541614,-0.90969752664785,1.69935117831264,0.486264743604157
-2.13375164053411,-0.890506249023156,-1.00410235105864,0.460863885222777
-4.20177792620416,-0.228075762343418,0.15846321971577,2.64861172698321
0.212485763004462,-1.59675853905229,0.512909919010706,1.15368615229846
-2.32892437676831,-1.97349759144198,-0.540476470299556,1.39589205929089
1.03008552005908,1.38793478104032,2.10492563716042,2.87032230463569
0.212716064131303,0.847432014109738,0.832763776757387,1.59188560340815
-0.954800120468988,1.41073737035694,1.56700860673935,0.193861016618137
-2.08824656814795,-1.6759342184137,-1.15946073749376,0.322011507044104
-2.02244063563499,-1.25512263543415,-0.647361995193668,-1.70358766417537
-3.12543571297584,-4.53373911265309,-1.25396959778586,-0.314811205183701
-2.31459493246858,-1.93521077477055,0.55275560224658,0.360978604261368
-2.87540724375304,-2.085724425217,-4.36983149187549,-0.134556558781078
-2.4788692691102,-2.13433927556012,-1.34570339986277,-0.852507867845842
-0.92527519863608,2.63504181136545,1.77876332362046,-1.01566928786776
-0.250622045292736,-0.479351491547397,-1.55835054775079,-1.08460571190967
-2.49340974873079,-1.95190074988304,-1.94971096123758,-1.14367034752854
-1.4515301839462,0.32118334975703,-0.564259974359846,1.06225554324669
-0.756590006822626,-0.329362454813229,0.0103379907373563,1.4934221641287
-1.24977688637221,2.67991055030519,2.30142668329732,0.691048900366423
-1.78676699783527,-0.759769833124676,-0.193463953939623,-0.774165841737356
-1.64659665015648,-2.45081834773811,-0.575757405989824,-0.0432665154990793
-0.855605560142744,-0.305337101589196,-0.283626273309224,-0.186911562531233
1.55507790937226,3.32193252166946,0.958974084250465,-2.06212093534372
-2.84824344427861,-3.65143999117819,-2.23909633382297,-2.84804054907941
-1.18172113842226,-0.243718464969379,-1.17819408591584,0.507007036631907
-5.25238609024546,-2.34687830937339,-0.720561630577589,-1.44933845181668
-1.68429353015876,-2.15481531882881,-2.2637671703134,-3.42069783117215
-1.72656278272904,-0.538097953323468,0.657724465197946,0.837695180268632
-0.978922029878662,0.890574082732278,2.25140631340728,0.738683924701335
-3.71623051188042,-0.882841280345057,-2.53899240113478,0.512706835158585
-1.17202197044087,-0.16178122820869,3.13326418954493,0.225990454207936
-1.55447033394887,-1.43380350698388,-1.90442584619326,-0.195725448999962
-1.50049473857099,-3.64583872089185,-0.20586371542936,-0.117586672022238
-0.073753828127418,1.98864297573284,1.01550214397885,-0.325133967214492
0.425529511130273,0.216426451528612,-2.28949489011721,-2.84171682646386
-0.175987868520371,1.48962678011861,1.44571111182998,0.876717011265235
-2.9531883066329,0.744799527101775,0.849890127758288,2.4518731917528
-2.93331737889443,-0.706524421609317,-0.720266380178201,-1.2360995401253
-4.28125513844517,-2.36690031719805,1.10048977137501,0.0508825165839066
-4.50965611158143,-3.54126919259862,-2.75484314679762,-1.51870915804626
-1.39765920404804,0.410224887111598,1.48699744640837,1.24817753183722
-3.97833636151229,-3.67613839303131,-1.25681297716346,0.495364405630012
-2.90721021140895,-2.57517423458854,-1.09862419389511,-1.11850081285357
-1.99849956438201,-0.424165105067657,1.08543496143427,-0.725837417858612
0.381834350439179,0.589261397870826,2.60561493150977,2.50173730366802
-2.12992739041871,-0.643550085561179,1.38674710897942,2.3552375031404
-0.610466596783223,1.24466212630969,1.91965113094786,2.18929260101377
-2.76324069931513,-1.63373207455122,0.422270887219906,-1.73067679286586
0.932187026835077,2.79744979573245,2.12383322753273,-1.38370669578035
-0.203209815400323,0.66657650791192,-1.36442904179997,-3.49013083105507
0.401249173295238,-1.13073229891084,0.0833817265344939,-2.87108098407748
-3.46119175916712,-0.903400702513817,-1.25203871254405,0.13024632093646
-1.8723935505961,-1.38059619805092,-1.93582606679116,-2.30765297069404
-3.53002354820333,-3.15115306744585,-0.502135171745511,0.827732721166124
-0.756382645251533,-3.76714059828796,-3.01890735852054,-4.02994709374095
-1.57508923680331,-0.54423708525797,-0.458395960017306,-0.716194782587297
-2.02648712820825,-0.469700022557749,-2.06777042136197,-0.531596771212816
-0.932504304018717,1.5945135617467,0.445316323547994,-1.13611875993144
0.638026428037173,2.78138335649357,2.8345825205625,1.9937951268601
-3.64574564164026,-0.0222527275884296,-0.496835527699402,1.55174097601364
-4.69021584515922,-3.56491969816068,-6.09151060179813,-5.57423193186712
-0.65544055679926,0.942522468278342,2.06953126497419,2.94620552200007
-1.37024535614044,1.72691914948058,-0.398382438024376,-0.950361033793651
-2.87299750448455,-1.43157645712527,-0.363378323976619,3.11418604307799
-1.929484817806,-4.68126751680449,-3.9678126954761,-4.39775652959278
-1.15446881611407,2.1332026447723,2.05502921432803,1.04266496546399
-3.16549978524092,-1.08108304691638,1.57732351832294,0.45191180185275
-0.907590017110001,-0.470081395103688,-0.135384171103246,0.618292251729723
-3.253655180995,-2.68625610551691,-0.861800269474004,0.860605988108137
-2.66157807338625,-1.05004319715125,0.538124296292674,0.820662304337687
-0.791313542526403,-1.47608200123663,0.182267556972866,-0.74723423536787
-0.997277014766871,-1.67334529652696,-2.15442980206769,-1.91453847269443
-0.250697669410662,0.553159228698774,1.17081348411616,-0.0452750463085094
-2.56002309654262,-2.91421656228495,-1.17015364749235,0.46556828437852
-2.1410989814723,0.318752583804966,3.01167611742961,3.06979629119695
0.365856455059318,1.72987120239885,-0.0829125157927262,-0.561302021009485
-1.43360695712399,-3.13288740565884,-1.56792714577196,-1.22895076543235
-2.18705344116941,-2.72517678540853,2.80562987121912,0.966423129827464
-1.79621790326575,1.5618716920462,3.07835332873406,2.34063526584014
1.65171096724544,0.801883724497921,1.87907372826118,0.109777969566828
-1.41525212686004,-0.770200877244844,-0.86887427353687,-0.17861016997215
0.723470433723477,1.73064797991187,2.24056776322925,-1.46222743375029
-0.419801361131051,-0.136038717436903,1.69286846824861,-2.31381079163255
-0.937429638730341,-0.233882231602741,-2.52481339643443,-0.609783074132005
-2.39163330925844,-1.23132583707687,0.603750907386809,0.543902768344972
-2.45109430330665,-2.07688002840961,0.532738725530414,-2.31023842006576
-1.69513192093711,-0.995121294544038,0.138419131984488,1.10693274315228
-2.72817465851446,-0.424052375980056,-2.73845777476645,-1.44803257562895
-3.1629836267196,-4.14379957757184,-2.55653465392004,-1.84517506928314
-2.9031812831739,-2.55145947905321,-0.427549813054438,-0.426989114584916
-2.39465795733687,-0.979248403059574,0.695305204501752,-1.58149702879119
-2.67858237519155,-2.13535849028527,-2.55102039425296,-2.04763194941917
-1.43734627622889,-1.95522859705046,-1.88512284868602,0.936152837243248
-2.55778500424184,-2.5030097254214,-3.22751376660112,-1.80677709357675
-1.06780280379466,-0.646142308178811,0.678267567650006,0.00709202103770182
-2.22541744752735,-1.31431237493645,-1.00475727424264,-0.21034818094935
-2.4448361627615,-0.699740184447565,0.211186573742129,-0.556199815478901
-1.3186328649583,-1.29638483564372,-2.31304535315186,1.99237344069797
0.508376014521872,-1.50288613346904,-0.843879080250361,-0.41850082130616
-0.886693781186874,-0.876019522134682,-0.743417071417319,-1.27810920769762
0.0221470324986508,-1.05732558211201,-0.293563627478218,1.756840266523
-1.51757555687703,1.98166228296945,0.870473874319902,0.764032631769528
-3.04054677639072,-1.4408353003216,-2.14568206046886,-1.27509329847294
-0.197242428263326,2.06767531196289,2.51966093033041,1.59519100156794
1.14585680942238,1.67600576300633,0.0551653783292955,1.07227004133244
-2.54010682365517,1.34397731006993,2.73747850544758,2.40773555934768
0.357888174402485,0.722371584746309,2.87751441341316,2.50465591125789
-4.31117083692122,-5.16552424357012,-4.22589199882889,-3.5717005888993
-1.83051387616958,0.481230027598004,2.64303308913227,0.966093164363778
-0.629269015116888,0.752518226075426,0.951632622069732,-0.000671077424849648
-0.878333397800951,0.386938149352599,3.67448264597786,3.74353248726083
-1.08297111396277,0.600885350334336,1.14281417020067,-2.30826249447941
0.920892790897911,0.573933713067991,1.23973418319886,-0.648204903542708
-0.863796048928322,0.835785242290517,0.600299703738059,1.11502067607364
-0.457351922149227,1.39598514885433,3.95774681720355,3.71055843077168
-3.22164296529311,-2.43517939964815,0.0161240514569773,0.835972377307704
-2.359155582451,-0.793783115267961,-3.11306296260039,-1.11751236086004
0.209857748853557,0.269590390377278,0.68994002836969,0.935678628561075
-2.6301559419593,1.722176661052,2.44921392738422,1.32931671443594
-2.47449600155622,-1.63690206014101,-0.76369528765536,-0.339511721571265
-1.17267823283205,-0.0885368476556777,-0.384454452589898,-0.277274338560558
-2.60321604195838,-1.40180971581153,-0.816310239176388,0.760783411742452
-0.680212702281406,-0.187456687388079,-1.66552487847916,-2.26990162054136
-2.81347144619429,-1.29363864849072,2.14983767897639,3.4550261196019
-4.59971113689825,-4.44221910988224,-1.25417956569302,2.0973803107982
-4.06559556334292,-1.41371935102122,0.137444563984481,-1.6933022186629
-4.9118663713594,-4.30540901025013,-3.31657872385542,-2.05873832383293
-1.78473089868116,-1.56472371401663,0.259857269509722,-0.517942325060155
-1.70228146993577,0.298033681827695,2.35344219185288,1.49193886617813
-2.26443953644772,-1.96917374700156,-2.29873373756352,-2.34915977002351
-2.16603284351099,-0.0434273961575389,0.3413286061926,2.04928155203884
-3.59010250164591,-3.95502796057804,-2.62701962940869,-0.98383672761737
-3.62652371616091,-0.394826982779896,0.717498289468001,0.306059929341969
-0.198698345833428,-2.00881775212706,-1.10800888212756,-2.76084159822731
-2.54264876813397,1.05167899577359,-0.599785956735308,1.27834099672277
-3.12358474684554,-2.00064078224722,-1.62097218355767,-0.663891003314816
-0.299782977205224,-0.206158362945192,1.77679698754774,-0.0651294249004239
-5.45129347890013,-3.93016332004788,-2.67988838517192,-2.51959379606651
-0.174792412117286,-0.912215097274796,-0.684856169576575,1.59438006009186
-1.61592592309515,-0.442687514323001,-0.387924465427909,-4.61536725900677
2.52501669361414,1.48903968945804,-0.527686048911748,1.40008685059433
-3.20755056291934,-1.91213214121779,-2.28094393042649,-1.35577296166659
-0.168331997585233,0.124633833385661,-0.493447706984906,-0.974964412332932
0.623835556054751,1.13539624232613,2.60707908815494,1.10149277511425
-0.656484112794169,-2.08904469010395,0.387140548778316,1.15595660215805
1.03116821970725,0.370750783308897,1.53426131786275,1.13657161226506
-3.02994953518829,-1.04946508106082,-1.07244514897113,-1.11026758072058
-0.284261954547121,-0.215986563307364,1.84193638680053,1.05754543383959
-2.60584885365847,-0.937141326899917,0.362939293203819,-1.4768339897882
-1.45101764250805,-1.41354884489743,0.45737790865569,1.54850660746245
-4.22531186663567,-0.588564328255083,0.696574263063412,0.112704502824995
-2.47010956270054,-2.64390951694414,-2.98126464628426,-1.18685018697064
-1.1388452320884,1.70699224553725,0.871867555865495,0.222770499120866
-2.17668434981469,-1.11016534389557,-1.98018384263343,-0.643823336234503
-1.55304710195193,-1.59237491501366,-2.19568379018657,-1.39181205544508
-0.919630820648176,-2.5797193324387,-3.53355369950337,-0.978658581807021
-2.74989850956349,-1.7955221399181,-1.94282470834702,-3.51194370872967
-1.63009180539627,-1.39062839534215,-0.302405663167743,0.566906137598423
-1.07820159722332,0.497009455113811,2.46592329496694,3.36393754826123
-0.23109910835226,-1.97211014801094,-0.660919068991547,1.77912860269681
-0.719799949784707,-0.341558874306967,-0.178098425147133,0.617176101585451
0.63339289113435,-0.0221136262166841,0.475111631350014,0.49692670173001
-2.98222781552562,-1.80641761815777,-2.50266490650482,-2.23078050782927
-1.86601836028949,-2.20507479679766,0.922491004022839,-1.31435308858619
-0.683161250241656,-1.79399831003886,-2.23244558348069,2.18686039500076
0.689189296974198,1.02794980414335,1.99359374378149,2.00724650218069
-2.78838080417685,-1.5768539499086,-3.30258381703249,-4.03342010364418
-4.84361929889313,-4.56438765450974,-4.73248890031684,-2.76351207814287
-2.10541207558478,-1.39867569398884,-0.180599837434695,-0.543961098868066
-1.9737227016848,-2.29579722975948,-1.05729628370897,-2.70993834323759
-1.92236239012776,-2.72643497012829,-0.53083169384025,-0.866255057406134
-2.01332845843479,-1.21015572694024,0.636688658930666,-1.35683748057556
-1.6866248831657,-0.867880136204006,-1.74995708580149,-1.18029403596063
-2.69815650549478,-2.39132615708966,0.778878338122234,-1.05221464949489
-1.63776724344826,-3.24546690288059,-3.13991451108682,-2.05561715438587
-3.48701217980528,-4.21531135172754,-2.33837935223903,-1.36965571775452
-0.593087406760998,-0.84345115997833,-0.0506436032700475,-1.20217418705581
-1.71168788529799,-1.79698651658835,0.0556873959346423,0.193148276037699
-0.0668672331047793,1.64211407242405,-1.36050608854279,-0.787588158755433
-3.6134780131244,-3.91172900663529,-3.30087751737506,-2.7356389784051
0.385843714536889,-0.386895802249794,-2.05597924170853,-0.208886979091574
-0.781235305223954,4.12338141099907,0.769151531171777,-0.284465450087062
-4.47573990932564,-3.35038791249922,-5.29993949948816,-4.83435239090726
-1.58582342484586,1.80008211217007,1.04261458794167,-0.152289581427186
0.943959999183452,1.4701420736854,2.73299573259976,0.441549286188825
-1.0898184611092,-1.73617986634004,-0.416025719003627,3.30919608823978
-0.608294716913592,1.12945133995605,0.675219489009792,1.93931622076669
-1.05022380952272,-2.32145763976326,-3.79562324119771,-3.21195241550454
-1.98841417487014,-3.25503757621602,-1.68560340797574,-2.23668008411571
-1.5650653714919,-2.85504600687583,-2.38977120458556,-2.71037425713671
-0.892608439759242,-1.19761098255272,-1.6583002970626,1.0889137395215
-0.154620337675409,0.104463681516646,-0.559328084058343,2.73501869119284
-1.58801642181835,-0.46318392514334,0.504061378447883,-0.936428477087069
-2.72054513128773,-1.19631195096614,-0.144246628417608,-0.804932759543696
-1.84593817788032,-2.87433005515466,-3.09467953609861,-2.76188664658845
-2.51286603464892,-3.40143814590406,-3.04235944849467,-2.12808950254293
-1.10984754959363,-0.318384781045376,-0.703504940714151,-2.0554115554784
-2.77248898481949,-1.66066499117957,1.03353066487688,1.9006176375581
-2.47256560876876,-3.10002695358893,-0.707530418815837,0.0126811042727369
1.17395226808578,-0.797562391661091,-0.968499469571474,-3.7023308876517
-1.81852381101924,-1.3437047307665,-0.984204677177279,-2.17332982703194
-0.33743919896662,0.183617965615715,-0.501924873813715,0.366733069500608
-1.66641923800987,0.134863245334486,2.59264573963588,1.4948436329225
1.63168124034957,1.16519997431687,0.721394887244804,1.24099017865136
-2.00915062289192,0.0602186209968044,0.598678928442291,1.00321769874132
-2.67558553092562,-0.050817759050517,-0.491285941144295,-1.36022968910369
-0.425530273064494,0.181534533965812,-0.599282908632225,-1.62001967188524
-0.406950441990887,0.816362296233671,0.0754731429677969,1.9983343524408
-0.431080233400104,1.23039891906918,1.63071889558219,1.29758583549559
0.0161762741683106,-2.26948101094099,-0.745948577092596,-2.27470479200878
-1.35170966776713,-1.07779825331671,0.305930960056041,1.48118442399768
-1.05935743691245,2.1439083769435,-0.927283207557176,-1.13377125368176
-0.321420980023036,-0.0543046200286244,3.09148697164159,0.975566256085925
-1.01070950770058,-0.887351704302422,-0.181086364693156,-0.722439245059361
-2.23296912263081,-0.57886264088598,0.980267592818014,1.17574523489695
-1.33201354263036,1.83924784328382,1.6149099433031,1.00809704158689
0.47615368002917,2.28081607349491,-0.096280153169802,1.31393889843116
-1.76905593041175,-1.98591386633449,-2.98865879169967,0.231938832208247
-3.75043195773724,-0.33622284410095,-0.417670540706961,-2.79118211009643
0.561150071894072,-0.882024813279517,1.18461517411026,1.95595555883384
-1.6065264514754,0.373643362083017,0.0537641600849839,-1.86174536677357
-1.09114318187991,1.25229736235724,1.57110037445574,0.541637516767148
-1.3454746954597,-0.5935622476408,0.135479154155024,-1.79184388066311
-1.47439776123923,-1.14317738342832,-1.06854763969351,-0.990164052241061
1.00851109883787,1.32298122117465,1.22073723152925,-0.36417331999348
0.331022648621378,-1.04421636116853,-1.06734223656165,0.442505339711577
-3.07787118159824,-2.38181588507531,-1.53764450262965,-2.75673460671299
-3.72109708096439,-0.848998117097302,0.522595048491282,0.203927148213729
-2.93685165402605,-3.12741032962501,-3.94054641792762,-3.0282363610144
-1.42195007035782,-1.26471455387478,0.0188381060016257,-0.117398032432966
-2.6756517854909,-2.50126905746025,-3.75554569528763,-4.40404212812263
1.03439167461385,0.532050691068134,-1.31107513343357,-0.753238546079218
-4.99089290960937,-2.64654669274198,-3.72729926145996,-4.49638934605401
-1.01840512946071,-1.21700049466337,-1.43152507571453,-1.95157566523428
-2.40811192135041,-2.58204810021943,-2.14853779709631,-1.80454568833352
-4.14073248726437,-0.213752551302582,-4.34505028027384,-2.7996246009163
-1.48873101879275,-2.54475271878367,-0.424755227211905,-0.546939606166441
-2.9734115224425,-2.72927645316774,-1.49790597191116,1.53419735248696
-2.16701040582295,-1.03694452287521,1.43830026085284,0.0912540579791407
-1.00641081915437,-0.200598407472302,0.358416746838658,-0.165060870228403
-2.68498044280208,-0.734866356601015,1.32465805177743,-0.0834931519733551
-1.7560613547279,-0.200385879150791,-1.36310881659875,-1.56570002299688
-3.00253879683735,-2.84320908684783,-1.50357661888052,-1.09154422668352
-3.02007852496522,-3.16786090009572,-1.72421012497888,-3.40561824245925
-0.794142060658186,-2.96536328344005,-1.75332112862416,0.622251613116428
-3.39077911667723,-0.690583698131682,-1.5750109712854,-1.21239547660316
-1.18917958727782,0.563107851797225,2.06744707761667,1.66927656329238
-1.82920479896006,-1.98272334831597,-1.55238293092292,-0.200144346945777
-2.50003248927814,-0.247073442199532,3.12337261444754,2.98965322743019
-2.93213523917167,-2.82513957776538,-0.180075767173732,1.56840768789678
-2.59809568337633,-3.91179608129523,-3.03822143198614,-4.71771944258005
-3.10168597743828,-3.48854612291423,-2.47579011677741,-1.50150379255138
-3.42307730934162,-1.80817313577764,1.06876782386693,-2.04820883267746
-4.49359276554775,-3.85811545906171,-2.07969649132745,-1.79496353003963
-1.00292510239319,1.2961674851648,-1.27062636066713,-0.557489824679497
-0.131297411428636,0.360557882504415,2.58377354477703,2.07487982290334
-3.59202029705554,-3.44484337087156,-2.49776989104755,-3.5779974169605
-1.69618281265159,-0.783012825266201,2.29632907636811,0.864877049277299
1.63613062419818,1.42029507877094,1.89102608172479,-0.126609417851651
0.428716229136333,-0.1869165160239,0.142614865866142,-0.123717588353415
-2.11248602502998,-0.893945077423817,-0.115142636779887,1.88442842645578
-3.52562058615185,-4.17342426469486,-0.518565437046358,-1.29177181755125
-2.42580400876463,-0.653435484520958,0.652384411461734,0.513652107737495
-1.48458216905957,-0.952932435883718,-0.311306021131024,-1.47992202293432
-1.75710716759191,-2.04098308026588,-2.09405825986053,-1.11836616584947
-5.52818310726562,-1.30448604357151,1.51046276640742,2.21465897619474
-2.23364985037423,-0.548277746162358,-0.913764272837223,1.0750927286271
-1.70113723255665,-3.14353973250839,-1.64771258526446,0.607051360278477
-1.29319871856686,-1.99252924552564,-0.61529952619481,0.522431641194692
-1.93246068112437,-1.13585296618998,-0.689307374691519,-0.303093545227777
-4.2491839626963,-3.751154145883,-5.928822838751,-5.62717094183308
-2.34116380072488,-1.12806860901175,-0.68488635443125,0.775910327432626
-2.11799612394767,-0.86376325002093,-0.706515836283864,0.420770529582419
-3.63310679895368,-4.54235343748504,-3.02782966858295,-3.71215221353639
-0.120966587478283,0.838656772962059,0.848994506389037,1.89224098301111
-3.18996810399421,-2.87634239192806,-2.55665094276882,-2.32592080746266
2.4346817387635,-0.407304969396678,0.497583530787321,2.27171013026764
-3.69404549490348,-6.02367868144792,-4.31352527227,-2.38756997066118
-1.39072369557528,-0.674982657269947,-2.62037953745645,-1.22475978568024
-1.033383522916,1.09095901993212,1.95686642951865,-0.238193265854972
-1.96231669077535,-2.56237488605743,0.496075427493831,1.437015897628
-1.02181426791826,2.03212191297958,3.88244322186774,2.46868462939641
-4.36411846559977,-2.98424013718641,-2.93178045056428,-2.12031270462789
-3.21908215911228,-2.87439984328035,-2.86980285200989,0.131993173903845
-1.51232834277019,-0.594459367708498,0.215684829018583,0.291446828247047
-2.60226025508123,-2.75423337217505,0.0456762805376979,-0.841999093868188
-0.983344844177772,-0.318206569993734,-0.0514909962198847,2.4697830978389
-1.79460860639664,-1.57578896987947,-0.369387593714102,0.745444036346365
-1.65093247822781,-0.434269966645367,0.678223176486479,-1.33380782342634
-1.74286052670219,-0.34211502524384,-0.0318296364148261,-0.965388108191812
-2.05622923852666,-0.798362233394593,-0.602257140822234,0.113782428155474
1.33721024336849,2.49053523577351,3.14555309626736,2.79636507911989
-0.415658710126016,0.711151156078343,0.600720474436004,1.29096456898386
-3.5447096063007,-3.31061403384546,-2.54059254629098,-1.41555037070529
-4.7602131998357,-1.76378835123186,-1.04800483669114,-1.56495593721474
-3.96686202835314,-1.45532435644679,-0.775502501569225,-1.48252782945838
-3.09653435001903,-3.77338856104697,0.387302776311513,-1.89972310436019
-0.0287370325623501,-1.44573249096056,-0.953089298249801,-1.70621122479502
0.136124793702469,-1.13219394826577,0.206172933693421,0.407594509091983
-2.75544974780645,0.252368354145791,-0.254682282996482,-2.48951562670505
-0.106961588744965,-0.455793438436522,-0.0900455775013708,-0.327950301560377
1.70136317177874,1.33936042980001,0.912130408772184,1.52903428925443
-2.19489577874417,-1.25025641102052,-2.54154793738555,-3.72721845141211
-1.98461516252955,-3.61589970505241,-4.01672539665177,-2.05809251630511
-2.47182712955853,-0.228446827099065,1.27780654101473,0.164038662999454
2.78201086776294,5.12084205009404,3.83374745579999,4.15017065720741
-3.45267789551779,-1.83256502008625,1.83744397585249,-0.743665645225543
-1.14834181275388,-2.06555516570523,-1.24954715767424,-2.88075759326748
-0.107500389438776,-0.153887373987784,1.52519512901455,0.14193309681113
-0.661354761629185,1.3543344040165,-0.250747013022728,-1.94068887649704
-1.65478653417248,-0.405422890844027,0.0719014019995287,-0.298591916892981
-0.0826919918156592,-1.8002102541293,-0.552399301359024,-1.84077370718003
-1.57281574995545,-2.1989212351056,-1.66686797480653,1.3657601094578
-1.52493883234443,-0.605931247002141,1.10875772977537,0.217405931472111
-2.85545551267016,-1.56692443831293,-1.80503220310037,-0.760346248075704
0.369515221617421,-0.542484454866142,-2.26203985767606,-1.42509761486528
-0.643382350924538,-1.40769429735325,-0.964569267545238,0.0619398085532562
-0.0582366783766355,0.0634070172195108,-0.792771266010167,-0.712841235845275
0.696005865189785,0.727967321325467,1.54452927036266,1.96121321252668
0.510984186246262,-1.9266359945943,-2.94082624025143,0.0276114517526282
-3.95770450949739,-1.56306508081563,-1.40876681384569,-1.51386529469151
-3.36973148453385,-4.21647572605666,-0.682110804615176,-0.969753956258475
-0.299127559573844,0.667722932546409,1.63389315523473,0.688862517805876
-1.57253500360676,-1.40614251250284,-0.577903535051797,-0.00533281607665428
-0.38564925165004,-1.94099319077162,-0.69009574746708,-0.314197759990699
0.789771210914574,0.0492577054654854,-1.18654547282323,-3.52950738414419
-1.91710265362969,-1.23443470603688,-1.13539741111736,-0.165553357674825
1.29372228261224,1.61204429991596,-0.580081857411585,1.54017963891472
-1.58955857677976,1.24690218548029,1.00443849492116,0.211124660312547
-0.258098260040446,-1.18171759341898,-0.523037665487022,1.97769599747006
-0.646302795096295,0.677123212008191,1.40099480124407,-0.229347751670299
-1.93882173878772,-2.00428232543192,-2.57352279024109,-3.36517063742436
-1.60168249285967,-0.812931229013454,-0.476782358410119,0.636891169643308
-3.79661030368779,-2.42432958840637,-2.733439109524,-1.32560996369676
-1.83613907985805,0.884757584091094,0.562109235885495,-0.820117742207948
-0.671634524438056,-1.2740465258603,0.694678349340295,-0.822305863163034
-1.78461679591813,-1.1267739482825,-1.93961665466029,-1.82500771108811
-1.44614665791803,-1.55880956954198,3.1807614081083,-0.0386717431331911
-0.209102351093783,-0.858444891586729,-0.0413985945465138,3.03635026074034
-1.31196441950085,1.45878300226976,-0.603090719199809,0.184230329255966
-2.96250152087401,-2.43279632710696,-0.915774116899251,-1.42338330462543
-3.34281182713146,-2.31816745046584,-0.290533294491773,-1.50632278153875
-1.90662264818948,-1.30382584784692,0.501882760580183,-0.707162329795047
0.936857417591636,-0.728694604711255,0.753817279461282,-1.19343805861989
-2.2100836653109,-3.04450006930551,-1.89449989348761,-1.84174717658818
0.209761821693583,-0.114693764136815,-2.68881613403427,-2.52355257688892
-0.876858006185191,0.876563948557105,-0.374810890651155,-1.40168730785804
-2.58536618559888,1.1373440015919,0.934840252633106,0.781607524006285
-2.05301705613057,0.503389857850669,0.216769315488184,-0.652999028329271
-2.14697382709933,-0.918352758738917,-0.507108964905825,0.38528352397042
-1.57216102764903,-0.697408600974617,0.300979735593647,2.48772026865326
-2.6663942989631,-2.92752414836843,0.477261409128162,-1.62154170934414
-5.38882462055924,-1.93691387014204,-1.29198891453528,-1.22981331560213
-1.50157173116341,-1.34256635199029,-2.50807040730662,-1.90475785380681
-1.18894267773156,-1.77361160986494,2.31488056907746,0.333098582719314
-1.93470044591393,-2.63750274224455,-1.14072539790603,-1.15963005779735
-4.06489126406728,-4.65384423012665,-2.18144288070709,-2.51899741206498
-1.13042196260035,-0.773561729163717,-0.774526944493813,-0.87970534282869
-2.75016829001867,-1.44872290032527,-0.887599727716325,-0.672861210050344
-0.285778034198633,-0.427440258135106,1.11912442306014,1.26443466163065
-1.2285086574123,-2.56177726093877,-2.83687921906504,-1.29316589871836
-2.25814456489631,-1.77571028648984,-2.34130455713082,-3.001823842928
-3.46845203273899,-1.58007597015473,0.608963567369267,-0.121344055583268
-3.36440207745768,0.730013545025299,1.21814838806649,3.82088303438417
-0.292068288372136,2.28775635821373,2.14068473391727,2.78043172517513
0.751693315159142,0.481141076298821,-0.855700676217158,1.42078449088917
-2.89439129704854,-2.57146382950625,-0.690316490921335,1.19989913186799
-2.00393593043476,1.77735737038718,1.43488888667928,1.24415691032361
0.84397001609342,-0.613856394383182,-1.72301512043153,-0.0581899334881859
-4.15063313623107,-4.04389304759756,-3.1145480453324,-2.83041534262278
-1.71014775372101,-0.845121056019549,-0.732115197484995,1.63996594978573
-0.364437306876691,-1.66135508027248,0.390509379358022,1.7875866814835
-2.03067772452735,-0.885354033762767,-0.374952920909713,-1.45869606423415
0.382647653727237,0.505025998876129,1.22662606544081,0.360939853605969
-4.195827945003,-2.82092850200251,-0.571564540259124,-3.19743183400209
-0.412021631108772,0.383391603463779,0.33697763730065,-0.421173147350192
-3.54902413479548,-1.85746931732748,-0.192713486756298,-1.19595366499228
-1.57849917776783,-1.92657615592322,0.224658915374842,1.63003222997575
-3.45879423972059,-1.60843275894918,-0.432242313486221,1.17552502613266
-0.0487196689044473,2.19106951125607,2.50510541371082,3.71616765946713
0.00954778872810802,1.80222606975847,3.2285689264193,0.927487021284262
-1.47694601525643,-1.04267185393369,0.297055462525974,-0.314643891135116
-0.714092943838874,0.534826188864388,-2.10294541759077,-1.24334551930519
-2.28364928977271,-2.65846036034418,0.926169382969367,2.90467299239086
-1.8884749443501,-1.45963590050992,-2.52911258220982,-0.432251938096565
-4.85134394608907,-6.02717449978544,-3.23333648075755,-1.56639752442582
-2.36172856353043,0.516004435156978,0.181778877860943,1.57158622206331
-3.2453972962759,-1.99799991672741,-1.22062260665036,0.392952457391421
1.00137092869868,2.47881706604166,0.149338853862286,1.65185084446554
-4.94172790092909,-1.0378690939517,-3.04712723577723,-3.87517205610663
-1.76783928195576,-0.443329590585357,-1.88548185630059,0.0834211456406135
-1.08413305292073,-0.634598321526773,-1.86031994016005,-4.59396314919212
0.913250070641107,-2.1592910665607,-3.00166028967089,0.343179790326336
-1.6412819929906,-3.58994312220969,-0.945645145415522,-1.95741825297284
-0.371516702019625,-1.29411416689323,0.931726740920436,-0.614312998280597
-2.88638729738354,-1.1569309570426,-1.01022366932825,0.128384454795004
-2.28580857416651,-1.63784286362901,0.563700499103931,1.12969783798266
-0.34575208197338,-0.0382238658294232,-0.614603436044035,-1.50549366023009
-3.49940737887935,-1.61184753442535,-2.443420270527,-1.22339922858705
-4.11881315216708,-1.56569889360822,0.432894198307874,-2.38606654720155
0.442961105405674,1.64547206225975,-0.770443649045161,-0.157739645114421
-2.72928146066463,-1.49968456769315,-0.857596102096772,-0.946786947896598
-2.11782311874544,-0.628773728568548,-1.10326692731728,0.49715305969857
-2.03015394310997,-1.88271868063657,1.74912208742053,1.07889944524337
-2.17198639420561,-3.00111261888781,-2.87451438761368,-2.70317518534333
-3.04144561766038,-1.44132931900617,0.547920230269853,1.7908096041722
-1.60722271845419,-0.130600143494428,-1.42600519173531,-0.431108936483389
-1.92012941297462,-0.704259729863771,0.470289327151852,-0.714956592643047
1.11891779130635,0.302583048442171,1.58362936885733,0.193948032038143
-1.87878065656151,-2.65639004201594,-1.13813317106922,0.84064593364235
-2.70491079607838,-1.93223188207266,-1.58387246162064,-3.29193100956157
-1.33280763526454,-0.6112743244162,-0.707643151865889,-1.88235077257742
-1.73080255418614,-0.849458900054791,0.177747818410585,1.6280538442018
-3.61329200513839,-4.09547918147009,-1.96802333648074,-2.32539438716641
-2.53355740466724,-2.23798848633318,-3.49737115012048,-0.841818678961056
-1.82565306882805,-1.64348212050283,-0.254043950973139,2.34598846786954
-0.668318622925695,0.814672587901859,-0.0988276394374956,1.18179126287428
2.22782168698233,2.38280759952553,3.22924834095776,3.81624113449487
-2.20130494138708,-2.99815843012964,-4.01886703003818,-2.66759758719032
0.596662924395891,-0.895451053657929,-2.10464160387519,0.808302220225894
-5.35674003245437,-3.71828285262764,-1.47046133791091,-2.76325388878528
-2.37048242955643,-2.62082827823684,-1.24401519672505,1.04268276855434
0.208827997270814,-0.144623300980918,-0.563565325283766,-0.432691623747895
1.04700784363223,2.54950669375841,2.7643739992343,4.46624781364167
-2.32820913392412,-1.00841245590212,-2.15093790911949,-1.05386207556823
1.08256824837259,0.177122781480629,-2.19831628170601,-2.78185261562779
-2.92282486040211,-1.86369153200819,1.85976469975625,1.96063333932277
-1.73151305584595,0.750054219651339,-1.37497389220204,-1.22237155931192
-2.53390646533324,-1.18755142511228,0.313659362596266,1.99540782550635
-0.173962973014696,0.0768340473301618,0.539802792115411,2.9614631712354
0.127696066014703,1.34528083926957,0.844005082247292,0.18842295060808
-3.83205055611629,-2.52083302790148,0.966774097326098,0.120316829228144
-2.10784392603453,-3.74951174219282,-0.762300692756261,-0.36230795148017
0.0854795296613053,0.697966174767072,-0.191193901058896,0.142034108101788
-2.40880904640151,-1.70512089636721,0.280172415303722,0.0253908405723024
-1.87847544741309,1.83045614229457,0.326602682991326,1.19995908827549
-0.444555999033995,0.16292587379947,1.84979461761116,-1.06504763435161
-2.27265245632227,-0.200731547197072,-0.333221826956336,-0.881842065264658
0.968934877735689,2.5187417395247,3.06527732818253,2.78722576498966
-2.09111489343521,2.22386825937402,2.7379217093541,0.221837688763683
-1.80972017534918,-0.872794307465974,0.548432249311178,-1.10109770972795
-1.97074732057554,-1.02210844596923,-1.85751180490203,-0.826635538490843
2.44510131722502,3.51282130338728,4.52130084778343,1.54349054523562
-0.92915979744384,-3.04151415829732,-1.82445739875715,-3.05063678615143
-3.96532336393326,-2.94561238115888,-2.55778804072959,0.682486890021243
-0.995651480678774,2.03829004496965,1.67030350719367,0.717419061146063
1.55262531496712,0.754558673836607,-0.692272914002371,-0.837309441435793
-3.34859452374321,-1.16758419251309,-4.06365637043512,-3.5432005650689
-1.43391259561914,-2.70729793065684,-0.793052269605275,-0.277109593640721
-5.34843758436497,-3.00656364287839,-0.0831697009596186,2.2000533767987
-1.4269609179566,-0.623585059080294,-1.36555499016888,-0.590505044319036
-0.250297360146406,-0.777906614854729,0.546343156907141,-0.0397898033612759
-2.7444847224419,-0.931107160506598,2.28499957755804,2.09110085867233
-2.08066259722731,0.237385846183997,-1.13191240228813,-1.44095709204959
-2.42180156119241,-1.02951405595736,1.52878872267641,2.33436220859105
-1.56616768524501,-4.26507725236114,-2.75981268096453,-1.83232036551902
0.787596053633921,0.179284799881549,1.05998981414366,1.8597213401198
-3.69138671739189,-3.49717447884814,-2.75406251814855,-1.36761571239368
-1.26941778029318,0.0519832244580506,0.508129912152235,1.88093368140932
-1.76484643415505,-0.407036438096782,-1.58288489688673,-0.457214736054878
-2.19450771803551,-0.216921452808177,-0.49249102458315,-3.13786380718575
-2.22725224086253,-2.6199457835898,-2.01275224968251,-2.77454660157099
-2.79382670545187,-0.99545486801676,-0.163512784827858,-2.08614880458413
-0.94312013797579,-0.896804909433659,-0.804386588120239,-1.00621926497983
-0.978631866369074,-1.54505103085959,-2.99311239015468,-3.2381886068462
-3.44082898849419,-1.32981245233217,1.40386928012168,0.421942971378368
-2.28218003590561,-1.32400688367774,-0.384998581005885,-1.42559849527212
-4.26476910580943,-3.61931373184183,-1.75331526070394,-3.29862139240526
-2.45390120033013,-0.389562045386222,1.77060009736314,-0.160971557160518
-0.495961780564759,-1.41895488528687,-0.367908991635202,-0.300758813029115
1.3748822954461,0.850592781092102,1.91959453400878,-0.142993478421227
-0.620567121205185,-1.22132332842747,-0.415622268104487,-1.19729614831815
0.153179174983139,-1.078012717107,-0.557429204754899,-2.76942586886298
0.284713974968728,1.40342298390316,2.86427091166863,2.78621489761074
-2.55661565478447,-3.00781329636909,-0.397298279176409,-0.840040153176805
-0.579011545312255,0.319308120354195,-1.0911002239536,-0.162991780559293
-1.67528838375352,-1.23204216477355,0.0693392083615663,0.111967679376502
-2.01566306175932,-0.326458357371054,-0.493447856766712,0.00352704400628887
-2.89331501842891,-0.344994877824026,-0.703879467876638,-2.07289974082112
-1.23354591916018,-1.51490570140097,-0.780552874800044,-1.33569600908241
-0.682193392514071,0.436216312385968,0.875132840378871,0.148362846892919
-1.1524405086171,-0.3554009653431,0.162847318057189,-1.04025671521722
-1.15383867423233,-1.80026274421561,-1.33967154322899,-2.60937196671085
-3.36251805876128,-2.20317092842922,-1.79426698219952,-1.03037837859291
-1.93296609771686,-1.75213898643811,-1.84796440303135,-1.66408307652023
-1.18718913645276,-1.78430695105853,-0.171486154984029,0.386940688809772
-1.1209380293987,-0.747417090791468,0.0410209092667828,-1.01449002101953
-2.90309037628755,-0.680243829766151,1.25033065661147,1.35172587052303
-1.04260211740872,0.768254808238947,-0.277089020118158,0.634392727806012
-2.88060797756254,-0.0748996693594419,-1.28072432714374,-0.592483007708843
-3.67555031294225,-3.30118785837699,-2.89423972158381,-1.82715632229655
-0.134972614740942,-2.06227521138888,0.540767471497066,1.46713718305854
-0.793953740538805,-1.47918588375197,-1.13164353407195,-3.89242632726492
-1.18035956442013,-0.856133911048415,-0.762511005372244,-1.040330853753
-3.09359979020176,-1.90419965105412,-1.08460512298506,-2.13470810990362
-1.40417173650721,-1.85123406010697,-0.162492264125737,0.0780421652692435
-3.42898527233431,-2.29327263382566,0.0348237618706312,0.700297506524635
-1.86541015461644,-2.92302368852213,-1.29937220645937,-2.28327729630052
-4.85013178996417,-2.80580896814445,-1.54405482505963,-0.0392272820711559
-2.96113258080729,-1.40129544954656,0.615158667467923,-0.389390587005099
-2.05924377756289,0.434556176362695,-0.408626799750604,0.058360023079292
-4.85704115534658,-4.1593340621565,-4.02927988192762,-0.890260986353088
-2.38395556135414,-1.36848647954715,-0.445931752246571,-0.352108121335945
-1.77209212138982,-1.8206129866887,-5.45551151579627,-3.27658484992094
-2.81734846322213,-1.54913386977617,-3.47157551693025,-3.70920546253239
-2.57942889227965,-3.28277164682168,-2.04362686978115,0.172761378892077
-3.30196092104678,-3.05476041050249,-1.60578516017867,0.73561890232489
-3.45352079730461,-0.933345579264885,0.128486099392744,0.69488725488582
-2.15556743665097,-0.750518609949606,2.13575134581171,0.233085349149246
0.473008314828273,-1.43536996874974,-1.4258725062203,-0.287888299649673
-1.32471949007334,-0.679804843740321,1.64705213440731,-0.577907648038503
-4.53397562665178,-2.33592544305565,-1.22106243947844,0.125885001834431
-0.824537258687648,-0.642780804909683,0.546455501586544,1.08872921301752
-1.2824696373235,-0.81187052808674,-0.198910705472019,1.71398289917601
0.33980899068151,1.44737137910568,-0.0229936490006167,-0.624815453580442
-0.525230920792484,1.10889939753133,2.35195328403897,0.980602392860163
1.12623262117974,-1.75055372108906,-2.88189722049559,-4.03646485544559
-1.28903637780999,-1.09764203441995,-2.30300517589089,-2.75836265342315
-3.4456410378473,-3.93204247825459,-0.639414914123359,0.780973674534916
-0.381292131436186,1.21459314639588,1.58770719010494,4.0162322328895
-0.619675388967886,-1.11840014207485,1.7789309710552,-0.0117009184782484
-2.20797569335482,-0.220883421906167,1.42732394175891,-1.0529101238765
-2.72490260262989,0.603202491886935,1.25084401014747,0.935101104245945
0.0187124101409306,-2.0909973877433,0.614913150177603,0.492068559616908
-2.74713866544185,-1.41151639562006,-1.15387453277891,-2.34988282523368
-2.45635804717851,-0.821484212351158,0.258946992301154,1.39178609854891
-1.00811715085751,0.410000417781745,2.40903213910984,1.93622212232649
-4.95849034778195,-3.2348134338612,-1.4633933271783,-3.61748702907309
-2.02609804429681,3.12972547192701,3.86940589992461,0.589521303470364
0.594830108223039,-0.571835040219626,1.82467862615209,0.300391852122562
-0.814197506669649,-1.54811492000748,-1.310791715058,-1.99720765951173
0.0835988921131197,1.16292755836567,0.606909028682766,0.868962824325741
-1.30182223291261,-0.682398311575674,-0.75812031004609,-1.6529257170805
-0.707105030445101,0.754850682964971,-1.39114148421002,-1.46195147107966
-0.938563703450454,1.29021317381577,1.94385526905687,2.23993354344425
-1.50171370010417,0.0265531715287274,0.330339554302616,-0.104909121736863
-0.770596386568419,-0.432166203759295,-2.82553891525889,1.03730240881073
-4.58986885864971,-3.56346920082553,-1.74855472047665,-2.31986396286229
-0.595012523555531,-0.704529621589573,-1.19361434617631,-1.85995277369678
-1.57127557088867,0.450810019025376,0.96578916285757,-1.78307983449714
-1.20163194877162,-2.16548559069046,-1.49623090234565,-2.0340216321376
-1.21829018450299,-0.598933263611566,0.762626496632989,1.57432083457221
-0.0769589213320738,1.14397685170277,0.882459108159637,1.64094790883357
-5.87488142696868,-5.93031685023987,-4.19247813329237,-4.32658334513051
-3.08438797142223,-3.40709253833995,-1.13308962589186,0.153298341860908
-4.31186132910268,-2.51506779171564,-0.111259307154713,-0.285733722457535
-3.37314808823786,-3.08628333051579,-3.04379050072009,-4.70079380533928
-2.60704303396504,-0.412271829922788,1.90377116984229,-1.37787116775097
-2.62612205180465,-2.91510636226331,0.407693878771425,-1.36562997298164
-2.58178661093132,-3.43939413149164,-0.701895907763779,0.333878621617004
-1.76762044314941,-1.05945549603056,-1.47597902227511,0.346155509656348
-1.5560920004874,-0.627195490547748,-2.18695195806404,-1.82410397285215
-1.16319104982452,-1.0731740166271,0.31177894587489,1.88437640634977
0.142763360163779,1.66399068378897,1.07343047212414,2.44589889795119
0.0451520331160149,1.50339468266501,1.05503768441632,1.47452513674601
-0.666205711961681,-0.0250100890589997,-0.30223262455295,1.14892781443929
-2.45587644360434,-2.80003518784831,-0.145638913027624,-2.72014507214439
-2.11390890615445,-2.56475015094169,-3.14086972672376,-1.40618039244297
-0.120365359466632,-1.4045157722334,0.441392263870197,0.751654148970918
-4.37574962496754,-2.4795520369241,-0.236893774613941,-1.00837899477284
-4.77131863154709,-2.05271053480138,-1.3914373215832,-3.20200658199732
0.916498353310403,2.97680468367868,2.40508579856958,0.814087143371643
0.139479950917703,0.501224961618006,-1.60619702165926,-2.31734744155703
0.196880288898702,2.02200004678502,0.88294027190702,-2.57329488745927
2.02775536162951,-1.61045153067092,-0.956140623661214,-1.19337057465274
-1.78346436507603,-1.28647898844041,-0.160362548777639,0.936579157797985
-0.767352178108077,-2.05364818123209,0.0422029950228257,-0.508630898737
-0.0496378445390268,-0.170898462380491,-0.41892702184676,-0.911721413225331
-1.44881420466449,-1.90058714167639,0.436127214577134,1.52197877058808
-0.177162547656832,-0.559786437904948,0.902026560167983,0.892267426164003
-2.56683127939595,-1.44843279575791,1.25940299900647,-1.49621889258857
-0.441805820890306,5.9498053926839,2.98404300905158,2.13666887911418
-2.53071243042157,-0.148920955379236,-0.727246064100208,-0.748351375312972
-1.68466327339943,-1.71706580098087,-1.06464844947575,-2.46656183996702
1.24905545019251,0.313105884306083,-0.522078424967778,-0.529761613766579
-2.41170581733513,-0.958107795201549,1.74532280534298,1.78705550737662
-1.19034125344089,0.907565813018159,-1.38393766499357,-0.139926244319553
-2.93485240913279,-2.56663253387744,-1.61214663308032,1.87133025993325
-3.7134801227397,-3.26349656859601,-2.56020936246374,-0.794370681606631
-2.05206249696313,-3.03513588789587,-2.80591588474673,-0.668211754846015
0.183627427770802,3.47512223016654,-0.194304568084209,-0.392293415868271
-1.81535742534066,-3.51419879149861,-1.99411851557194,-2.08975950194206
-0.882284274539661,-0.00936536482250488,-0.433914813949211,-0.219046999842218
-4.39968885650239,-1.40681798414709,-3.35864842884772,-1.13889885456992
-3.242570041579,-0.541981348361171,0.843697461046764,-0.611291600980967
-1.77881376313705,-1.4636905394062,-1.47492957972254,-0.913981326032298
-1.74027934221765,-0.689632042976609,-1.59294042102923,-0.738421437857489
-0.298837158446012,-2.11637648843126,0.631932432360468,-0.315325824188148
0.101658765550855,0.0213599151762641,-0.129418577042297,-1.03471787544996
-0.0230128173033992,0.327088152474243,2.33271222530558,1.77784888259121
-0.893763423981589,-1.39048314679183,-0.483083801912224,-1.31495312169598
0.638131710965552,1.40659329946506,1.58448765533969,3.40279690520051
-1.49789490224805,-0.851452137057352,-0.124310771960818,-1.91225270522059
-2.08799501467971,-2.4741991256952,-3.26609386009947,-3.69036900043625
-1.55725830391621,-0.0278469322212805,-0.603292913022356,-0.398908362845317
-1.41422700105669,-0.784168383639111,1.31280045341181,0.0662747782602608
-3.73533040344859,-2.63972461660152,-0.55629168492872,-1.21335189413224
-0.863344819872945,-4.59933612056693,-4.88776542071487,-4.36531884837671
-0.214208403682323,-1.60269578104629,-2.03173321707254,0.184945199272167
-2.15629462486747,-1.19363419944449,-0.461687361087047,0.154081067679536
-3.19886889744951,-2.65429079944041,-3.52416387179594,-0.341068127352895
-3.7530684687993,-0.933507415556678,-0.918729140709172,0.814670791165479
-3.21677036780562,-3.77441466837815,-0.674205136566828,0.878736075246058
-2.9893960369797,-3.00142892578976,-1.35822643278987,-1.13503119007436
-1.42339077140067,0.180842461455647,-1.01026580540891,-1.59019673059326
-0.447052879578502,-0.148488401683786,2.03513592242692,2.51274787376024
-2.36147210613563,-2.10031508826083,1.10937365673483,0.266260962963615
-3.48058535849103,-0.508077585205016,1.02783953256123,1.02540813114231
-2.27552917225755,-1.11547896062336,-0.589436441350194,-0.0210660636029173
-1.63955787387771,0.435016675690623,-1.12029585204498,-0.416543800112661
1.38971204605073,1.91274626201227,1.34116723154299,2.13604212275142
-4.77828993531771,-1.14171993065513,-0.861898685266444,0.513336935538474
-1.2126656718319,0.618986150751479,1.326640430495,0.121286900682078
-1.24317188354135,-0.806853552964963,-0.383335783681141,-0.105858474036391
-1.52041857630316,-0.264178469247061,-2.36926883663749,0.352412687471527
-2.68172675778761,-1.93469152190416,0.813388008184037,-0.241263666545232
2.15321677738915,2.17895936279065,0.710817207320369,-3.55089524941287
-0.341178412205194,1.20201229837287,2.76976872329787,1.63628593528395
0.287385116307731,-0.886641470834709,1.08130608655157,0.623765690907689
-1.20852494236901,1.84766075388038,-0.680577338358108,0.775096805884528
-2.36717730827054,0.75725488046266,0.111157442101313,-1.00215169261872
-1.24431328291802,-1.88659546604601,-1.5577151054407,-0.7874903787895
-0.503949647776337,-0.893559604915291,-0.61430847776368,-1.62116419984403
-0.752606505501443,-2.65747062581536,-2.91787117252327,-2.00242282980651
-2.90887200771464,-4.41824615272561,-2.03456462700653,-0.68056716257387
-1.66023986487795,-1.90379533964049,-4.8284735727612,-2.45803622064378
-0.329194283285797,-1.41414372067479,-1.21697961532878,-1.06024440384583
-2.06276680205716,-0.907950929666419,2.3877901784134,2.11219072207027
-3.52152336075436,-4.63908509933122,-2.75974438456775,-3.60399339703512
-2.66092823028263,1.01245126107258,-0.0751612774163647,-3.49643069353568
0.956743794401778,-0.162748435239561,-0.842702838352752,0.656419540528918
-1.53910500490128,-2.47609830703298,-2.81363674185129,-1.80039571274214
-1.14206476833112,-0.0909008590738863,-0.9706398272127,-0.79808414848686
0.71698041089971,-0.607042531748154,-1.83188105949957,-3.19204609148152
-3.52406788621034,0.0391153994047802,-1.86557078794711,0.202738479980495
-1.51114609332483,0.127901748831131,0.966702282910574,0.608502142370998
-2.62877437360752,0.202901807395003,1.00678864131396,2.89074184525143
-2.71169965225215,0.612080658847596,1.22062014738068,-1.41580522028064
-3.04066390716322,-2.77152952593237,-1.37620430952855,-0.482204827204641
-2.14831492920583,-1.58334709311747,0.0929056267190387,1.67951875600835
-4.46126676674842,-3.91393210502486,-2.55175021957284,-2.01046560322828
-2.00305561697929,-1.6768079202262,-0.6446997731423,0.706322363629051
-3.43615701018652,-3.37503412777639,-2.98606043409031,-0.628772858088145
-0.456694600854888,-0.0335121478989631,-0.305367811200816,-0.855686414869871
-1.16963449606652,1.60657211153509,-0.544630947997063,1.83608330737824
-1.13104303793403,0.790339048289524,0.360510662546883,-1.11275918408307
-1.28500740134065,-2.02133526660662,-0.0537172398689677,2.08243469560821
-1.74578006171056,-0.474611488280359,0.208895043331061,1.5341930558452
-0.537406946928138,0.13181567878967,2.23253782806703,3.33667714955003
-1.40839796337306,-2.07266780627605,-1.98717103606294,-2.06560014058819
-0.865607586620865,-2.43266380794195,-0.877376547418294,-2.29546453487562
-4.70377836039545,-4.56487708361598,-4.51637999764556,-2.37380915093646
-0.999290474011288,-0.113541379409277,0.475066752651021,-2.11335308252637
-0.75723636704013,0.755229890931286,1.61764634741151,-0.647074278261079
0.574401842940147,-0.234229911415325,-1.43303855164448,0.166741456355259
-5.73312724057194,-3.16667605531156,-1.19535472465776,0.348349881986996
-0.932567898089353,-0.29659144336512,-1.46234490469658,-2.60124827961254
0.160839966169002,-1.14139032347198,-0.730643379016225,1.37578740460627
-1.69833143313198,-0.619316781056397,0.204767137832824,0.779629126283366
-1.80648405200851,-0.175439767592947,0.225296160138043,-0.0883850956086072
-1.64365180962339,-1.05741297896769,1.70449715944843,0.818893813418214
-1.24000279294543,-2.88329340617036,0.0517494750499929,-1.90789278052788
-0.0806298734198957,-0.149678731518721,2.11560139077365,-0.607084445234345
-2.38763849555749,-2.5128755548541,-1.11422625852166,-1.63631176668177
-0.619965179258169,-2.66930449349044,0.02388365282146,-0.195928962743938
-2.98725453298387,-2.47459869776283,-1.86980404897901,-1.17664192657302
0.901396672918871,2.17296468154104,1.44912954609268,1.0225483344642
-2.37941092858286,-0.0175141004222417,0.525464112030203,-1.45880874941427
-0.757368265558776,0.313734951825946,-1.34879482739292,-1.82184153266297
-1.51801762200221,0.0520779401619184,1.1961771673643,1.54046907880006
-3.03077749357099,-2.02736185393895,-1.72489200647286,-0.994264859411674
-1.12361960462109,-0.282696974167783,1.84324562698318,0.723374956512439
0.498447019371606,-5.41428744946778,-2.15978215375673,-1.63540279494481
-3.12179878450709,-2.95993918741379,-3.85002726580781,-1.2849597928417
-3.79410527460238,-3.15752490488043,-1.50644931231236,-2.41183030309148
-1.57590950872248,-2.46582753638691,-4.10901514172643,0.77496956919613
-0.0284598069885602,0.275285771253752,1.43276124141357,1.2048875475781
-0.633049434930758,0.117235769861443,-1.44551425830403,-0.354487574696339
-1.29900988492881,0.331555959804244,1.25166594810765,0.117610984853042
-2.10601236960653,-0.897200655401576,-1.52774799908797,1.13650101320458
0.236711593066927,-0.93629889300497,-1.30080069168435,-2.2829319508792
-0.228021388250127,-2.05044246196131,0.149387555685092,-0.0745477256900766
-1.72350130928601,-1.3314384030453,-0.303378467392153,-0.419112252371145
-3.41971083754558,-2.06483756742515,-1.90378985352569,-1.64813142941175
-1.66905399002111,-5.33920185051824,-3.65096229327911,-0.598750297554866
-3.27285637578434,-2.78535873807918,-2.08319494372134,-2.56186884941241
-2.42631822409484,-0.495209230345173,0.554069234681227,3.51013459656853
-0.233695628994291,1.4573916135124,-2.68630634836632,1.11291903211507
0.266594880250799,-1.05103002664018,-0.739596998060496,-1.46898158834277
-2.72191569890007,-2.51312202753194,-5.25482749484295,-1.7975386637757
0.839401589645573,0.943849694035225,-1.6573729561391,-3.70138147209173
0.916187855334216,-1.79575005572343,-2.35737162870489,-0.893353383908707
-1.24198023403658,-0.268727756631075,-0.459202932089019,-0.983372641781048
-0.870717066863675,1.0933696932392,-1.16199564384834,-2.02555413806561
-2.79415102810773,-5.05807324137397,-2.4626074128624,-2.03811930415219
1.54463294614504,2.4907451895735,2.26956263798527,1.07173273423468
-0.043308112735728,-1.54935840904743,-0.367967454939716,2.28711138689578
-1.56934112188919,1.33183106833918,1.67567815097852,0.359612686255522
-2.73570938968505,-3.00145299389816,-1.31936697489249,-0.833645743968491
-1.60146776038652,0.417313000019181,1.85361035244115,3.35773863021776
-1.49636019150225,-4.00084650324725,-0.688292337051971,-0.442430730899484
-3.97066173234478,-3.32190654135155,-3.40708320954345,-2.31524596791147
-4.50824154986083,-1.13792541475622,0.268636116198907,0.285481249706443
-1.47842667584148,-2.7511479693674,-0.823574191799653,-1.85138187127306
0.01499507608739,0.642760251646049,1.28934275174798,0.549210919254489
2.35615975139065,1.88387836356014,3.09516926572742,2.25882324802042
-2.31043238109722,-2.77033593261066,-1.74867347822038,-0.615527787660041
-1.66248600719106,-0.236054126049211,2.40302186748624,2.00470256414442
-0.713554961868556,-0.924276285408155,1.17144933319997,1.28191279608634
1.73307017581457,-0.493902595689796,-2.008168212735,-1.42923528722427
-1.04289406487177,-1.72667165497324,0.231308375440888,-0.898336410698424
-0.392024981067378,-1.25216394169869,-2.55172604143351,-1.72899213997857
-2.74474186496383,-3.08174226492168,-1.8270454305152,-3.00580655331043
-0.569719568192756,-0.160365736872052,0.00742734735959133,1.03837780711336
-3.87029841545537,-3.42296534479877,-1.28787861727947,1.93825559864559
0.0700944066533118,0.610816785105198,-1.01269768734324,1.37074430556267
-3.80200058549816,0.0407007571243004,-0.697625963060136,-0.0191822310057588
-0.31231446445139,0.20449175413499,-2.1146995348596,-0.996462818711891
-1.12096631515951,0.713958799124455,-1.40221126471215,-0.00719351910398902
-4.15974212593427,-3.02942591767842,-2.75643645468352,-4.11084224872714
-2.34612199237116,0.791607478447099,0.576290605780242,0.15572732434852
-1.24912270407942,-2.46195418874387,-1.67492211925194,-2.24372915253701
-1.80155905494475,-1.09180539863331,-2.03682951114503,-2.12567452369457
-2.29836960374809,0.0358043957878971,0.79077401705534,1.93692923585295
-1.53396109316547,1.17043504074151,2.00325900699413,3.81576588783177
-3.17084795006536,-2.24672695160119,-1.80160730787231,0.321652712621499
-0.589756122480374,0.432537801792583,0.40163455442168,-0.789385349331282
-1.85413948466721,-3.19451179387526,1.04479519341608,-0.650366253236658
-1.53529566256445,-1.40659726934711,-2.09025184045384,-0.338055474202705
-1.04965036083979,-1.19548520773422,1.56322360054885,0.0722059859898732
0.00538879246399497,1.67333121892766,1.71386491713772,2.28978901733404
1.0323811866653,1.208820964187,2.6211928077657,3.38549282232995
-1.76767098291426,-0.506252700874195,1.74747052111598,0.960634400481682
-1.44909321315331,-1.84310688952017,0.926328914948459,1.27702597892747
-2.15372200220554,-5.62968002902955,-4.35804634279425,-0.0402835579624651
-3.02094468392696,-1.92832587313961,-0.586041988432515,1.37346094972875
-1.96656673790415,1.05584327886466,2.9030024013682,-0.6739473509603
-2.86633563719075,-1.61961148581006,-0.185584265252765,1.0186538463623
0.271616609753826,1.06352547579536,1.1603472369664,1.60598091480319
0.880071314568269,1.95449959539536,1.91225231893614,1.57200255585411
-0.318724037066441,-0.337969394580848,-3.47829388306822,-2.9627348112425
-2.07642758136775,-1.92954026397736,-3.2138267567157,-3.01567170755729
-1.28180611755725,-1.16732951563942,-0.516780078196006,-0.762088309357816
-1.8136476260309,-3.58845411768811,-1.45842949027736,-1.62324393941611
-5.92404717856242,-6.05011251205933,-1.4898881590022,1.23339344156459
-4.06288994871667,-2.92235477517714,-3.0400001822882,-3.05839985680541
-1.10397651973098,-0.660622812109507,-1.47713929411549,-1.86638903823762
-2.66357612319814,-1.69756028580411,-0.716542572017841,-0.578105306685745
0.553731713660177,0.811078333019365,0.485818934745916,0.356675510485109
-3.3062133101029,-1.28418154083337,-0.809094748051624,-0.837458777113565
-2.4357488805761,-1.93118698196156,-1.57081321538669,-0.490492025014791
-0.645210440305147,1.00601481269972,-0.156778744053414,-2.20688924191748
-4.80749592828007,-3.4450103886033,-3.10420731590972,-4.3101452417299
-1.86855235215313,-1.62326544239847,-2.16745856058083,-0.361875650723598
-5.22183680244266,-4.66664485906662,-3.42086323657167,-3.30447220453692
-4.02138497522894,-4.14919426192005,-2.11663869953118,1.53858451263251
-0.438350058442064,-2.36576193836755,-0.455118781056768,0.0223172987430627
-2.01801627906157,-0.41016365411553,0.32558719061133,1.08054708510512
-2.31957951869008,-4.29933292332148,0.0960351207029679,-0.0112958726670873
-2.8898070542801,-1.26997911754693,-2.27877744929634,-0.241241075694034
-0.0564553778699559,-1.62263018180244,0.114304883469737,3.35317655193369
-1.77479229919775,-0.145342656942314,-0.354266030406586,0.75385451826069
-1.86905620289636,-0.206912773142712,-0.0417024310881757,0.464122144322853
-0.391438170999217,0.250671411821299,-0.410039797021276,0.722929348909325
-0.162931505805229,1.023566501317,-1.26989791430737,-1.47801955247848
1.71447863397742,1.5726266062767,1.31862619423174,-0.430633617045818
-2.3349609459423,-1.4571575818145,-4.05400357158982,-3.57517663655551
-3.18708836465206,-0.0593820280679895,-1.92030663048591,2.31260813680207
-0.954258704427025,0.463858597221479,0.979629687542691,1.6954899594044
-1.19258040118837,-0.418987661108477,0.883650559545959,2.4134213236806
1.62475328819436,1.55866723754861,1.19109024456351,-0.67934739992115
-0.301310010560585,1.34962269499563,-0.00852366175467845,0.147657095651136
-2.72326736247006,-2.30887745796967,0.262329193184063,1.32657612958598
-2.53012602409337,1.29628859997479,2.99318005430012,1.12455613497055
-1.64514167122434,-1.30379174706441,-0.817091812659496,0.2676882571294
-0.500416501425799,-0.969807901162735,-2.28170500396049,-1.5844603592826
-0.988829115857199,0.516953401501591,0.973671944411974,-0.266167308783794
0.0259100479056981,0.110389540016942,-0.915216090331304,-1.32994267769895
-2.42823940114061,1.87822790309148,3.2808223460196,3.25733608152121
0.178314479089579,-2.42377582139641,-1.66581319187284,-1.07908163763487
-2.5490879087145,-1.79523320215695,0.025361889693052,1.08522680984357
-0.8481494204938,-1.29736620319726,1.17248761367784,0.0594643362149507
-2.13401323532348,-5.00841732258563,-4.41711705162436,-2.2079435742533
-2.01843252292612,-1.6182697671895,-2.10284744692952,-1.15879155888479
-0.180268546877564,1.23777987494936,-1.25968077255088,-0.43087045932083
-2.08410229623835,-1.20489425823744,-2.35368698724315,-1.18867726924145
-2.71580070523882,1.13239106514967,2.1968733665215,2.15432496132239
-3.10324752673028,-3.21098688179083,-4.47084948946281,-6.53265226058256
-1.9657425304846,-0.925794427460368,-0.97961340587585,-0.59372801299435
-1.33514348591372,-0.868105260217503,-0.0137794243532892,-0.844705138273868
-0.569086186475765,-2.25996449539411,0.121226656994987,0.597973498328678
-1.15318174229357,-0.308907004590421,-0.312027984103469,0.154933893951973
-0.401138447929107,1.96811959061833,0.963978937449059,-0.415727552220629
-2.1938691553212,-1.87675594118629,0.927295968052587,0.209848932937385
-3.75838162182323,-1.97911059198743,-0.973534826917874,0.731717931654352
-2.60143202136104,-3.43482091132899,-3.30833706976799,-1.93397624588964
-0.423544257575046,0.485943543592328,-0.962656069900983,-0.844236102307822
-1.52051639454054,-0.65893951555295,0.762552506331229,-0.572527209451857
-3.32091694114256,-3.28223692429743,-2.48844561231466,-1.27650814647087
-1.32556515671074,-1.03288302507782,1.46048835349161,2.44083432058664
0.359599912381823,1.6308771481733,-0.976422526552885,-2.00259957735307
-0.29353029187484,-2.58217016185582,-3.19870088871492,-1.83323595837624
-1.39244035991929,-4.01701894589171,-2.18038986654702,-1.59482218345194
-3.73840072352613,-1.45632052419352,-0.429188555722101,-0.540062084978461
-2.11221528313721,-3.25073076576698,-4.39453654752528,-3.33888266438112
-3.02205124570595,-1.47041736022211,2.58590399048981,2.20695791446694
-0.692515960156374,0.0310739815071974,-0.188247918606052,-0.772417956566918
-0.524359875425751,0.684042861758907,0.115636806039203,-0.327044997621834
2.2465618633368,1.76137395280495,0.0704603127018832,-0.533988386937858
-2.69958714836585,-1.72678527208578,-1.90694290983203,-1.87571946275525
-3.9493136343509,-3.46702156240522,-0.220588295062176,0.572364629107675
-2.84193088066414,-1.25224423847846,-1.13243722288138,-1.32573708262987
-0.457560559298774,-3.26657202191699,-1.37480423973035,-1.30219542567882
-2.46146406492224,0.049689107397175,2.40018014677993,1.21096012961875
-1.12939246559151,1.04997539927039,1.3370652742846,2.82383470457178
2.31465069424404,0.141784897857996,-0.407465887505169,-1.25611882575369
0.334911637982374,0.792794820467836,3.18134947783691,2.32144359916645
-0.762200327953373,-3.11823838034584,-0.191145043671271,-0.66352903409821
-1.33914399326786,-0.879996553086414,0.209105648529804,-0.6893963940102
-0.721362909711576,-0.980075614009167,0.996894513361644,0.432477149567701
-1.71113033892559,1.32453738411979,1.866404081757,-0.621954980802986
-4.17923879999407,-3.51596203930701,-2.28110525629747,-0.570399590507546
-2.41996281080567,-0.17089382015895,1.40120013104749,1.19982549019536
0.693020110155753,0.584335441128545,1.01699822194242,-1.18445439959182
-1.09736492380008,-2.85334560482433,-2.65154385714667,-1.61885919755071
-1.30401069382761,-2.19320489270968,-1.03145663722799,-0.0658719019858102
1.5187694506159,1.38834748658245,1.871405426761,0.780367940843038
-0.908550242999519,0.999963807820706,0.412630372263479,1.57534135823513
-1.02820147136438,-0.677264831745703,-1.19456626824416,-1.12593014539716
-0.0940131777954158,0.197640205452975,-1.17143940943223,0.912719024154122
-3.58532592772962,-2.33483638288253,-1.40562576864395,0.145623251710806
-1.65815460498359,-1.47207961953089,-0.663976483692307,0.175405142166155
-5.14486816076676,0.292414027164231,0.458104147111976,1.31217134479411
-1.34137373125003,0.354032628071019,-1.48871979564493,-0.883604101758695
-0.704870465911609,0.718491710747452,3.25290802199395,4.27454083191429
-3.9398216172114,-4.36892402165587,-3.5651176921968,-3.65590286814097
-2.12921393090979,-0.345791817075414,-0.781533134275108,-2.29098759639116
-1.00208538029667,-1.64164580861357,-2.29156309787404,-0.0430845009641947
-2.01202109650122,-3.5161820011223,-2.08843978116779,1.61387449411187
-1.7170069313289,-3.40512234661397,-2.84942941298681,-3.09253229024634
-0.625512636450904,-2.64819487754399,-3.36242444281086,-2.11956447684678
-3.58838903610334,-2.70113144165568,-1.99778006751997,-0.778086192093615
0.28376851745656,-2.7592741810102,0.2256648638755,-0.586034634351654
-1.18540484349894,-0.245416496954977,0.158139336878437,0.468873367122534
-0.539484975302082,0.377053883849162,1.3207081969807,0.85526649513975
-2.42032505331343,-3.27058728112981,-2.01113958427563,-2.1479191321153
1.05849584778359,1.0367139766031,1.52034612798788,0.883541277252914
-3.10152092883555,-3.62663763361231,-2.93119243750437,-2.87100527282413
-2.67885691916742,-1.48555780411983,1.84213341870834,-0.360474318237745
-0.924297682675583,0.164351146502119,1.25480254638011,-0.420964550321806
-0.785469262916863,0.764389297836946,0.41620435523442,-1.13894081028653
-1.84700027304438,-0.757301382850972,-0.00631639252634958,1.17470836970703
-2.51255912081057,-1.9582670085163,0.2859981615008,-0.0729223532955318
-1.2863116670523,-1.99540431312306,-0.476547641118337,-0.309596713949767
-0.796350051432482,-0.426988172701218,0.645961259189961,2.29566059087036
-4.16430426309349,-4.55279191883907,-6.02440371795192,-6.5116201238565
-1.383294593742,-1.97700336643448,-1.92308933235062,0.543974605177683
0.598243964204037,-0.865718032684925,0.759054283588827,0.905698516683107
-2.54752303439422,-4.67107246176855,-3.39122104626809,0.156082302815994
1.66907297239281,1.10644035822461,1.11096694642626,0.927509214144986
-0.987581932307116,-0.79350048518972,-1.91996944831685,0.210824684696816
-0.0943845311189053,-1.55055000554612,1.64848297015173,0.327996228603135
-0.571858267475969,-2.94131444479412,-2.02941254234542,-1.33708691298776
-1.21501257104363,-0.383064140170447,0.268384858620587,-0.133893523126233
-3.07659416937369,-2.63853389734566,-0.221693706693879,0.24585645426273
-1.10625988164475,1.29357354503904,-1.67779631267072,-0.435980321916316
-0.754647441861603,0.594362878236682,0.740648532668027,0.659703771868454
-0.796776380644357,0.768316311813985,-0.0391192530891642,-1.01259211028429
-3.9717531220539,-0.59881444710803,0.150820584691886,3.25266802418003
-1.67416874151202,-1.82939778599864,-2.47130711118309,-0.968782149640695
-1.37489127287675,0.104607037580948,-0.321301203936931,-0.770982884202391
-0.499731019036672,1.06304634296861,1.4647440915532,3.08490090846818
-1.67517711520056,0.517713585787614,0.314567538642226,0.28722860367381
-1.45858515578804,1.8441155194536,0.19323273609176,-0.278020111587683
-2.48726502669248,-1.98693968733003,-1.83691187806544,-1.80267004002153
-2.76750018666431,0.144224908748732,0.220539804650611,0.745813006508799
-4.41770575262395,-3.41447669721031,-1.85792614851523,-4.29002118067384
-0.681168453448325,-1.57315115741112,-0.105624955143651,-0.337427903400145
-3.28530663414843,-1.62558490575864,-1.08938081945773,-1.33907076413058
-1.62771878613686,-1.92366130719527,-1.23130633988974,0.5268371789677
-2.17460851336123,-0.418008501474626,-2.93769133778616,-2.23390992330911
1.14724167836712,-0.15908611396908,-0.156254758432642,-0.657759380528372
-3.05563964704165,-3.55109651867336,-3.76046124796354,-2.07091585435728
-3.21538794909832,-3.78136065448643,-1.22835626242485,1.43959352238267
-2.7945005057161,-2.63817544630148,-1.0017475631217,-1.88505328565195
-3.86011189764182,-3.67558853013313,-1.23336702324907,-2.04688385539397
-0.759602269054038,0.915404662168356,1.24265685734823,1.47342417835785
-0.651055162476987,-1.9380823469066,-1.24377963602683,-1.36869483951016
-2.52349715902105,-4.61871540049173,0.0864705755994644,-0.0923927457828325
-1.6302674779983,-2.68694524235033,-1.21214710236923,-3.01169310237393
-3.63457621088512,-1.06712436415229,-1.0815869265679,-0.494035025998147
-2.79617449643839,-0.666311450427987,0.333629079460735,0.354101054721907
-1.61193935685458,-2.96323849995209,-1.32549202279774,-2.90402563029653
-2.34676710342853,-1.91252258197423,-1.41911773300182,0.677731105964164
-0.194403635559839,1.75450653528597,-0.3613839850922,0.516572280833279
1.97700903382823,1.15325560433282,-0.314262440984619,-0.672052774273732
-4.18218198832501,-3.26913425442996,-1.43158635864288,-0.0752521287960595
-0.37572829401797,2.0275203906464,0.528138516899697,-0.112617603404116
0.528123029013741,0.228978380623987,-1.147414944195,-0.444660054116122
-0.678969345834958,-1.92757867753385,-0.465810198317718,0.406262429545631
-2.12404715362519,0.292814623744329,-0.0817230189446138,0.254844460105654
-2.45575554521639,-1.21598485140031,-0.125608544623831,0.128725070446398
-1.32940141148332,0.454323812188727,-2.25567555334597,-1.78237893804009
-4.07420861470438,-4.27580497835984,-5.9403578635477,-4.481892940541
0.79156280647028,-0.670470201393507,0.712145034493429,2.00683561109144
-1.79574173615722,-1.5962719927334,-1.58366043371164,0.12885002795319
1.60900392654889,-0.160968866644024,0.0497387309503739,0.361125730350212
-1.39728472387066,-0.866705491383133,-0.923781167555475,-0.69032364129217
-2.30269229313099,-0.802978144967145,-1.30131948869329,-1.33969346311119
0.111281914326552,-0.839159049416471,0.355541683129493,0.737577310847608
-2.12450194539753,-2.42994551225859,-2.92283874423487,-2.75669744279895
-1.30063891692321,-1.09193317284565,0.504233603257476,0.941671014545108
-1.74744061781098,-1.34408794878302,-1.94628252102278,-2.24738114851676
-2.45594865719019,-2.53259789995434,-0.153955861135834,-0.0188216688409352
-1.149281253545,-0.989628206246803,0.751937633991474,1.9193833171714
-3.89564814752458,-4.32459747953084,-2.80207926161841,-3.12471736041298
-4.1805666127127,-4.38398602627741,-2.35817343073252,-3.62675242424284
-4.20555321891646,-5.025253006325,-2.64287885161062,-4.33976979669328
-3.78268572673508,-3.43355566809341,-3.87640092036554,-2.04255423638889
-1.90822571694884,-4.61271151476643,-2.94986077728225,-3.46938734344983
-1.14888893769292,-3.10913123695135,-5.2069132099938,-3.08744704108677
-0.950429102982396,0.666613550453955,-0.0590655518561333,-1.0245808572792
-1.33503776279969,0.942957425371533,2.85188736395031,1.47299202058621
-1.9484777829251,-1.85435387298001,-0.9815098391865,-1.19464710947672
-1.61482290076106,-0.756513924884476,-2.05494418300435,-2.82340693029254
-3.75722949273991,-1.30247178850775,-2.8055565175274,-1.69045825819829
-4.06608693482691,-2.92765413719599,-2.5132335794376,0.463668830777799
-1.12930824106905,1.36967911965512,0.0541525054657335,1.05900546483931
-1.2797916574009,-0.623651382037846,0.49133417416422,0.369564955639919
0.0571157264241995,0.272480871161621,-0.0101002513287935,0.0601629880922283
0.710871784574518,-1.15706382911929,0.801388071593213,-1.0801183192477
-3.02117249228018,-4.20800807310901,-1.69659762465051,-1.76051269829367
-0.189186806275403,1.74308906356523,0.277099508295493,-0.577885329895492
-0.708519649425084,-1.10288251738702,-0.971511318889719,-0.281307502179755
-1.52524680829253,-0.739079535693972,-2.60816951772835,-3.0038308701499
-3.70154437307229,-0.248900621369055,0.365726995126053,2.06369793418888
-2.79630744194173,-1.63925323714393,0.950234462086743,0.620502276626001
-4.78135889502901,-2.8687012778424,-3.19384029091157,-1.85820412069045
-1.17883264575032,-0.978229007450706,-0.559870100296496,0.330468981818614
-1.01065266411745,0.568335502332879,0.780062759001129,3.48760540933635
-3.86967968815368,-4.06196212971237,0.650573349094512,-1.72256630761592
-1.94510560357642,-2.02777322681629,-0.217170631162896,0.208764938372429
-1.83993903142508,-2.27045975099136,-0.550551656993457,-0.0337468266578484
-1.55577275231768,-3.5964668083122,-1.69593055237422,1.33313595747913
-1.91927731684772,-3.49639525361148,-2.61992380782309,-1.39917154397797
-1.37037161872373,0.573498735851631,0.372751633583777,-1.11892899890917
-0.44513023400664,-2.41803564783613,-1.41143171935763,-0.785159172930175
-2.31962857323137,0.293067404086035,1.10333438854571,1.06975511934582
-2.10854179115578,-1.94320303293495,-3.48094540352697,-1.80765100520731
-1.53012807401332,-0.79802095293976,0.75779842248069,-0.254368979948084
2.17148122532868,0.763378895896817,-0.0588032454801634,-2.6636710992876
-2.63770306011995,-2.07477763704527,-0.490563652896592,-0.822664913059798
-2.02040348769239,0.362592301237731,-1.33220668086675,-1.26015600804111
-0.724168750799168,0.971996260949427,2.49493068332613,0.659856787877257
-0.851575499761086,-1.61395731843135,-2.02664216978914,-0.975335326789873
-1.05451007717904,2.2558345547463,0.176859172630678,-2.0117051495793
0.14605003328633,0.364262266977217,0.806933129427459,-0.694138294455972
0.754538960521492,-0.270370258178623,0.151481638922241,-0.517130175499073
-0.614410099014562,-0.679781133339133,0.824597385188683,-0.0480253636856832
-4.63273898338337,-2.63651509053098,-1.45277385271452,-0.191873640123843
-0.312430898039826,-0.266126702574186,-2.41175985624004,-0.468047407323512
-1.41710419810509,-0.799140118261271,0.585563385437819,0.547014019477207
0.593567566175461,1.2440882373072,1.11797765920392,-1.2534415319925
-4.54550843224404,-3.82592815595851,-0.789763059588359,-0.25011992983317
-2.2606087792037,-2.70242165625691,-1.71429239972629,-0.895357824428726
-4.22124084316139,-1.50561542743955,-3.7846420474395,-2.11013892641666
-0.686843043754248,-0.635189193495902,2.2037621691068,1.23688224758882
0.977174780557766,-0.937070693154187,1.0946062755711,0.262825014410811
-4.30461118153532,-6.26630366360633,-6.28332562033918,-6.62774592876568
-1.66979400165068,-2.87314016985815,-0.66057171548683,1.03233864634446
-1.39852595889752,0.213732448328779,0.654066269906691,2.8753931407086
-4.00940618233213,-0.453263637329484,0.599165290049767,1.56138139270042
-0.955696925929083,-0.404824752445541,1.1266540491332,-0.517196784322683
-1.5689037438729,0.298650303479232,1.02850051938558,0.0668714276819581
-2.19815943590451,-2.67106979336922,-2.02167273942564,-2.80447739383812
-1.97066734365374,-0.605707230277474,-0.118931022609148,0.107618601385992
-3.82905485936305,-0.0688712632811049,1.50796319763144,-0.698797013763137
-1.1097062610612,1.12199167283604,-0.461973999298788,0.170182105368306
-1.8806328795833,-0.518064562640974,0.0305841111116099,-2.37328820575715
-2.01100416566956,-3.46194554579292,-2.03357105090384,-1.65920512747831
-1.60796215851105,-1.90656361237531,-0.876258332515476,1.06097564840888
-0.0435161999976233,-2.1082416579386,-3.0756728004988,0.452657393992697
-1.5565297081752,-0.9321045235254,-2.96624363629571,-0.729984840989293
-0.537373913350714,0.899054092210042,-1.01675662140174,-1.50353793014524
-2.84219861935749,0.0543855700517044,-1.41364160456089,0.323146333691342
-0.585657932441031,-1.23801447710684,0.324955649412823,1.18678336146025
-2.37356378068159,-2.63334780723805,0.0773325849169448,-0.797543247350364
-1.54749408016608,-0.527606443153998,-1.43638469023398,-0.0160569519877584
-0.83801101908706,-2.29537874107446,-5.12955754191728,-2.98964107489521
-0.780144454014684,-0.91650800661917,-0.859357841787921,-2.66192531541724
-2.35950623922967,-0.679435335279686,-1.58592922180125,-0.581429655516426
-0.592453586576829,-1.91760689976011,-1.3520026006889,-0.130906768552256
-4.21985150212443,-0.727042725916061,-3.28976072970999,0.0789434107439453
0.508040259005184,-2.20920280659497,-2.71673065909307,-3.77811671827019
-2.19112727613009,-1.33352010396062,-0.045718869017052,-2.45074474775916
-1.6722216890943,-0.159667979437033,1.03835181841294,-0.137052575042204
-1.63218624703693,-1.45157852391716,-1.34635009255519,0.0676755880235258
0.339700745113588,1.15890761325994,0.0708591598945506,0.828959709906141
-1.45295574767361,0.595257726477653,1.29285378713183,3.31176274834223
-1.14532774080667,-0.153192627382869,-2.18460992999488,-1.14739190212052
-0.707654541788649,1.20640246713129,1.71676641114878,2.44154044227015
-2.42645007441557,-2.20681682633724,-1.62403033239773,0.163100502143238
0.595392400858887,-0.410271379150248,1.52670889076306,0.29088001099147
-4.31224064384875,-1.69542265194796,-0.536429457463477,-1.79902960372118
-3.37116789242496,-2.52348742968192,-1.66001481900389,-1.56300743724735
-1.47866138433778,-0.284756799036804,1.43482458855011,3.19596058897736
-2.24372323272838,1.19189053081595,-1.04666469080948,-0.060912025860973
-4.79838943762844,-2.23767085746285,-0.275072826897855,-0.355233658140827
-2.9809492253637,-4.32177869200599,0.99975252112373,0.0941353381452346
-1.80435001558754,3.1200477049011,0.731276114906494,-0.564414734871028
-1.68822455235885,-2.68862136861911,-2.85407461406547,-0.116104320847889
-3.24191444537166,-1.63812354227846,-0.512836579762285,-1.29504311241466
-0.389790654760996,0.532135242535261,-0.304081383094343,0.378750968100706
-0.646570382153295,0.787959452866836,0.531340392655181,0.611970590664498
-0.858421593562825,-1.30106240632655,-2.56294961762638,-2.04384147111109
-2.45465653227661,-3.18977858025126,-2.5633418119552,-1.38838608712234
-3.72870958580824,-4.47641232254095,-2.81354662517593,-2.86811058205276
0.0464231429665946,-0.696885203051156,-1.39970949431464,-0.869033909314484
-0.645478360401113,-0.343241630879431,0.828874120664825,-0.574605508999725
-0.923259743658271,-2.29791247234582,-1.54539211951034,-1.94934297913609
-0.694573577399851,0.693090300024876,2.77258848324404,1.01489394715069
-1.87224641930053,-3.52531218919041,-1.60886174966472,-1.94332049377392
-2.83549184692898,-5.01436919829841,-1.10617092404802,-0.544261556241875
0.290552707302425,1.72692519561755,-0.608963227101307,-0.181298845541478
-2.52646464379048,-1.73683784366302,-1.62377306785963,-1.08383722248473
-0.30298417001025,1.6546275432286,1.25592262194653,0.483010270222211
0.131496878963641,-0.260908428583415,-1.74077061776303,-2.75918041198811
-0.55634158151251,1.92834493153572,1.65860510585045,1.91215975871506
-2.06498646498389,-1.04126358813068,-0.319792399862255,-0.0541232909733482
-2.78155797898335,-0.85752821819058,-0.952031432175893,-1.49967993768895
-0.966845500870218,-0.97843321849529,-1.59748694383936,-0.42751138849974
-1.02582929554679,-1.08112645692744,-3.81247504016787,-4.4490343915346
-2.21447586435284,-0.0718600916084753,-0.276291115884205,3.14126363063051
-1.23808708419618,-1.21710176248149,-2.82481467620884,-4.06011300111137
-1.15273817362371,0.800155860319046,0.446912246091809,-0.103090314447314
0.208745482045426,2.24143114067723,1.12124494284583,0.442432490076809
-1.30741693713467,-2.0577129494742,2.05357610722552,-0.329725015044311
0.77835661080475,1.14331579286501,1.90370479632175,1.89637506627746
0.0507897218452178,1.684830753659,-0.562758004353041,-0.466130699649638
1.64038080329874,0.811522864465251,-0.409835989519565,-0.319852961153236
-2.60736483549185,-4.15033977599679,-2.33845828625451,-4.38549123173986
-2.80186946373009,0.295686825551079,2.61778367442126,0.714592482169424
-4.60631838506327,-1.64553497919171,-0.423898766611108,1.08384057142143
-0.122295436554327,-1.1793748156757,0.0129244792766843,0.221666379920276
-1.83212096507246,-4.10135613331059,-1.30751269335853,-1.3986423602392
-2.64637171849799,-0.374809790375913,0.170538099222849,1.38581415510042
-0.243563597474936,-0.407339972047579,0.268432802450672,-1.04513140062167
-0.0368288805549156,0.190313747893785,-0.928481981143255,-0.777247288126742
-1.24263351300228,1.39597608899971,-0.0990862571594927,1.30260972185744
-0.0837320588923163,-1.77203487201701,-0.392445441059044,-0.391804970434836
-3.68148306681508,-2.08492489899263,-1.31108018857484,1.33738846054652
-2.53662527983691,-1.79135497761789,-1.2225819169626,0.0350862656347488
-2.04277133349162,0.330309091105719,0.238149992622291,0.858273863803285
-0.979021679342417,-0.235193360906655,0.59453219345678,1.78157085941643
-2.78418453400029,-3.58703419317988,-1.21429009839569,-1.6545762140426
-1.5916617601759,-0.377877778630367,0.0520686424489587,1.26983064251942
-3.99605925725219,-2.64303940636022,-2.61896863665492,-2.14428075121822
0.231306070197949,0.317140597949539,2.10173238478544,0.74914055113253
-2.32722171342784,-2.02282575068312,-2.10079798161742,-1.66512976281755
-0.94215533194217,-0.47363668690636,0.472998882827867,-1.94306457790061
-0.168094134664896,0.0886212756661433,2.35612543556796,0.740558159869874
-0.268093116548353,-0.885993000378248,-0.529310014114543,-0.434990280408563
-2.45395131997688,-2.78207805484274,-3.62992977836296,-0.823979468919116
-1.43263419194756,-2.80484085244611,-1.86037942454766,-2.44602315895505
0.0870570777530677,-0.40518081251637,-1.79810388016432,-2.52831544906772
-1.15847613864761,0.751059418762573,4.37347313907512,2.46051164270095
-1.87339446666991,-3.00871588124626,-1.85667868379945,-0.4945266947844
-2.59745591363917,-1.61930705503066,-1.55802592405975,0.46251279029627
-3.15689232462228,-2.80780500031091,-1.82456820731177,-0.664891285015544
-1.60373074301709,-1.71806153908624,-0.277055644508096,-3.23233010442668
-1.70463594639041,-0.280320766727724,2.76243569525769,-0.113778663528389
-1.76653281900248,-1.20290260566963,-1.65871454559073,-2.50801657942026
-1.89318790696976,-3.19179187859664,-2.80753959475719,-0.412538536007118
-2.70587150838638,-3.07952356252424,-3.11149896440172,-3.58655719513786
-0.109748850542334,-2.85029390498347,-1.70740675663,-3.30857968597779
-0.508113497565644,0.452678553089288,-0.955365187085359,-2.70355396168419
-0.579467291212004,-2.86680528550903,-0.252419229720007,-0.279709708101825
-1.35980913819354,1.42705750598203,2.74711042679926,3.03403004834773
-2.10712731196182,-3.07619426628565,-5.07847759075439,-1.81674637817203
-3.36596169185567,-2.02449814436116,-1.78369371913633,0.400671918856762
-1.34818774323367,1.78284508234144,1.85634363410281,3.17614843199903
-1.02402180265058,-1.94265680084444,-0.526809666704379,-1.14935955615519
-1.57878437221028,-1.01877534841689,-0.970371706206655,2.29612187558032
0.411832731526683,-1.54447882948432,-2.75973397888105,-2.04127712202401
0.345723031071126,-0.312641428778739,-0.210482988087575,-0.579437887292039
-0.400894216832331,-1.29964542894554,-2.1471646677837,-0.97177858054453
-0.929286292722228,1.83117304524677,2.75928151308677,2.09845728645123
0.719272195056906,-0.39542907042704,1.7395217157075,-0.481710232525149
-1.63956923932767,-3.33853494907345,-2.87456941982469,-0.335838778529945
-1.74606521422843,-0.481750092265783,-0.893078547625639,1.81234182930912
0.14908900715014,-0.205166282050923,2.04594242192691,2.09327142876778
-2.3861719578061,-2.93917450595364,-1.10348372031265,1.16171819467777
-1.61400796489632,-1.10844069796865,-1.06397042032422,-1.14344596521549
-2.54864693497666,-1.16597644516006,-1.96119835288352,-1.40149637414273
1.3579528774525,2.98545603084719,1.48454009802779,-2.2387916325061
-3.34633576185622,-2.66963953198441,-1.32870130130405,-1.24721407991623
-1.4229946013478,-0.367125451316779,0.421827377025007,1.32011680914588
-2.42883045004165,-3.915208353061,-1.56778031196586,-1.54434291936945
2.12906608238663,1.35069922694302,1.67397575537738,2.60242989045804
0.537890263745595,-0.668689806744659,-0.730689032260954,-0.170723991072661
0.787679073115699,2.29446389369512,2.35668513096185,0.209491354014372
-1.51616879131082,-0.576684277893159,0.0238348529698945,-1.11544513012255
-2.03732172507535,-1.73620938238202,0.429821881575823,-0.717509946255991
-1.39016464591108,0.58167123507626,1.24036481777252,0.78275416709028
-2.25608409513553,1.25875820091495,0.994599367572548,-0.337375184113333
-1.8407420444376,-0.423246601416512,1.19196731003031,2.34718364176792
-0.692383187998917,0.20218620136986,2.61630572649757,0.203648134900372
-2.31079300030895,-1.73529440439225,-0.892275086280359,0.510629371528231
-1.45287814458607,-0.681517280833724,-2.91062770663713,-0.665842881038872
-1.42100996418801,0.235827379301897,1.67933018009512,2.26375561413219
-3.2006044190231,-2.43940855384328,-3.1973173150155,1.85639292984932
-1.89884126643866,-0.0919619893366459,-1.30751182928389,-0.982076988491117
-2.85610713854814,-0.654622824417324,1.57656791816486,1.63642966934514
-2.49274073420522,-3.42267707960056,-3.85656392722301,-1.41204300423198
-0.942485195801571,-1.23733123765052,-0.364209014385048,-2.15137508218198
-5.1197589872211,-3.54059555602341,-3.30936386124629,-1.70728455606502
-0.622966437474822,-3.93746968743323,-4.7533415630824,-3.34423799024055
0.261447754017502,-2.28379255894515,-0.558781458433729,1.59568422619184
-3.10980817951373,-1.80136782295135,-1.8717334453484,-0.834224959268762
-2.5618446113771,-3.0629754007068,-4.61433603114759,-2.89528838192208
-2.57388255535763,-3.01623710749313,-6.09037669487316,-2.98152960223357
-2.59731768618933,-4.5622112368065,-2.90108629997043,-3.77216360707595
-0.336103576991073,-1.52892974347478,0.311071190881964,-0.0443198084234175
-0.456990275572844,-2.62126871415735,-0.788572467159554,-0.330943924626586
-3.52435750111677,-1.86523398048369,-3.29504401047538,-2.05904188310684
-2.42396574015077,0.0965473057945707,0.712688690613358,1.33864762128413
-2.96927403610723,-2.32322212168324,-4.27638754882427,-3.56695222173326
-2.12135771483326,-2.09932022027233,-3.22788793064883,-2.58026667381738
0.033632296131672,-0.537110835656528,1.13182211980594,1.19612293657107
-4.69530789435631,-3.12323298315202,-4.98476552433694,-2.76416249919408
-2.6849706855802,-0.587736135299585,0.782402198813956,2.75273285894294
-0.603449717602967,2.39568291513458,-1.77522610063021,-1.44549812439794
-0.659305502349743,-0.397769548066315,-0.824620612774235,-0.854613452285612
0.0203978060615926,2.58213338119471,2.85708784194623,0.483190887676151
-0.959585448058249,0.846233932730788,1.13858213869318,1.18000513312428
-2.35244848859848,-0.390497243384604,0.494682018563041,0.126603170638121
-3.67123057143053,-3.42081397707328,-1.97514420549538,0.29213141054773
-2.26667019285932,-0.939177513492707,-0.152173469027334,1.95262586361939
0.500076278549147,-0.00206183963118917,1.09230456706771,0.41121784433417
-2.19652025882037,-1.74217981040334,0.0126390751354526,-1.89709718532218
-0.510324955777615,0.855999844809737,2.80775383798966,3.08186514261398
-1.5636347331662,-3.54069249666471,-3.25993076494505,-2.01215084630584
0.0761288437718801,-0.320273011216119,-0.938860421737311,1.37299759506349
-1.67166975911798,-2.03123865143939,1.67104593798673,1.46326204354917
-4.77583065247747,-3.44205758672093,-1.93324599620922,-1.51862127678635
-2.3205800342794,-0.646019251600934,-0.984686528919197,-1.94003271623394
-1.72889331647216,-1.79417524270751,0.0328622187875638,-1.49630955959658
-1.48532274661301,0.377247043335967,2.70424905866178,-0.0295386984659955
-1.01662757249375,-0.0283166687202626,0.223074890419576,-0.197762090488981
0.482758389316637,0.463281679915952,1.96194927709601,2.17236293432824
-2.61765562331,-0.949129684251432,-0.979215828756368,-0.513763811460571
-2.83575821305918,-0.994185751874191,-1.58199344927855,-0.735143990532788
-1.01926572769242,-0.515007796888907,-1.09787262753575,-1.34331126573344
-5.5247523936629,-5.30030179641431,-3.70372178542761,-4.82269553448058
-2.59561139417666,-3.39721612874812,-4.24143249926699,-2.31009325357306
-6.40556785130244,-3.75516071946249,-4.1367004656047,-3.152724972038
-1.13793803630293,-0.945611483077095,-0.547011734616674,-1.9718508558391
-1.39649258765892,-0.97674562391182,-2.2100801916676,-1.58950613326504
-2.01029919000959,-0.49150384847956,0.181080674712317,-0.376135549154068
-2.66036941463219,-0.166111607853226,1.94473401214387,1.61127164986671
-1.70860207298931,-1.13573990579375,1.47018530262132,2.71234128475736
-1.76293259971903,-2.34206926417321,-2.70432225755418,-2.59182502451478
-3.10551011241623,-2.93582317720498,-2.74162416560539,-1.75093000452954
0.234719348173911,-0.656766946871957,-1.4156427902248,-1.09169332890508
-3.78768948516431,-3.31832415012466,-0.931099159917826,-1.01735628140192
-1.54209029324989,-1.81791743678252,-2.49078421652247,-2.60268461471887
-1.57584942571076,-0.867940065630271,0.318433064482362,-0.467657362546459
-0.12224714070933,0.743808797872311,0.465154599525477,1.23014491478121
-1.01282334907918,-0.746121009557356,-1.24696585271725,0.55024830589967
-0.24474312956694,0.175079696291326,0.149222513640735,-0.633424995922281
-5.07809328600163,-3.28861538436348,-2.19097052280637,-1.52041584368134
1.33370621518383,2.11225504610685,4.02138391673252,2.25071389787774
-3.75836332224874,-1.44935487191432,-1.71916025078326,-1.39724292706366
-3.43384411564,-3.60923993187637,-1.85999600268103,-0.744331343771441
1.54128567714332,0.829836812702502,2.33150703630202,3.6736142138133
1.29357716836753,-1.20249023499322,0.904987890105984,0.139302086574124
-2.80409479308756,-1.70175861393259,-1.78083650129219,2.99773963122989
-3.39407099009247,-0.663441044907317,-3.45756578799164,-4.10593361786844
-0.11940431848914,-3.31931540158171,-1.12999326532334,0.207071809848466
-0.977800103418973,-1.10113341412781,-1.3894536349621,0.723174794490109
-1.37209216919472,-0.144894805414075,0.141403652353119,-0.990207536914283
0.000410470520090911,0.46016516681531,-0.0630250018799583,-0.499904964457649
-1.92332384550872,2.42568165008723,2.13590591887206,2.63791494278562
-1.89740758084312,-1.23649477301093,-4.40688213587724,-3.59980413106257
-3.80633928729819,-3.03758905337132,-2.43121003075428,-3.2695768589919
-1.59530660509725,-2.02750997903916,-1.87045639874386,-2.45545016475509
0.45293798873821,-1.68769671088513,2.06391797781461,1.96258955864788
-3.41871453912765,-2.25194662891083,-0.592920435599681,0.5820074167995
-4.38774110314871,-3.49950933220349,-1.95669946812523,-1.27312449349936
-3.89214438150939,-0.452785881046497,0.223374356146042,3.24705615109151
0.693652946602701,1.30725110087506,2.71949727071686,0.802205246179775
0.531073997163819,1.5285936759764,-0.072659452439385,0.229680273523459
-3.26391020537252,-3.20977500764923,0.659226739689041,-1.21234552328901
0.205475834342578,0.0695432412043644,-2.68448600837217,-0.376484700729834
-0.856481701331171,-2.11788119598597,-4.38306833276094,-4.15230367377174
-0.705133579782279,0.0944483984771484,1.17918343431977,0.732036850020367
-1.34644985497522,-0.985808089521808,2.50209407291511,0.197402358057138
-0.45816438754632,-0.616027556469994,-0.799954477630401,-1.65979157756285
-1.06658240249518,-3.02072763743776,2.24106539394262,2.8804438921564
-1.19690340294974,-2.12376013046139,-2.48855999937975,0.0518196785504004
-0.464343440525095,0.0310168762252759,0.834343881142441,1.50830065971047
-1.23510464985939,-1.79611677358547,-2.68200619198414,-1.39996182644019
-1.59232698243268,-3.99541021982984,-0.796933729229904,-1.20676106008813
-1.57167667927851,-0.458141031277996,-0.309109066631773,-1.83421540639647
0.0747312574565544,0.13610779964926,1.21334051893302,-0.40326905048069
-2.8892199365456,-1.65336323459644,-1.47515779405523,0.308651581064724
-1.08181278059389,-0.745064584657263,1.41618847600595,1.22320800764535
-1.30994324948524,-1.02939393198643,1.29398219460942,-1.01396984478754
-0.186677038602601,-0.0126302327852709,-0.159332885215612,1.82712581119959
-1.0307296140543,1.37464566999434,1.39086300475525,-0.169215880143277
-2.19250894529944,-1.2375082020135,-2.69795867882977,-2.43345808151089
-2.88616820024899,-0.442745659357102,0.917306832791648,0.796651503767028
-3.19374567528457,-3.40250118090676,-0.798829458801981,2.67189387600396
-0.471166774608094,-0.11740796158655,1.2766198423672,-2.10851518479468
-0.817922447142374,-2.00855271803285,0.0319414197011999,-0.580125838473092
-2.50960059802476,-2.85716612133078,-0.620326523636465,-0.202333882119376
-1.09375223438749,-1.34839525446627,-2.06221312715463,-2.10134662042131
-3.63231033871638,-1.02496063919118,-3.54009515263552,-0.810070872177444
-2.12969655015031,-3.22065130147724,-3.1450160899789,-1.9662752697353
-1.62256596501507,0.675911330295233,0.866273266878243,-1.25240653808219
-1.62587128283968,-2.96142635748331,-2.11512015843892,-1.50044169674498
-2.17666019544296,-1.11945594190606,-1.67475271117422,-4.78816542219707
-0.748546062739209,-0.510346038011115,-0.212768109371787,0.861191481080775
-2.62400178356135,-0.705081960575644,-1.5980475742113,-0.72448693319035
-1.98602600336702,-3.32847849649547,-3.39941173074192,-2.61130246102887
0.351437634410132,-2.84195977230882,-0.264356277133087,-2.11542583060783
-1.89694421287697,0.179046981166051,0.00832860254433887,0.799848790091212
0.0620321232312522,-0.968480976709999,-0.707655315748122,-0.597506577227959
-2.97906856637319,0.156378798596667,-0.269432677683826,-0.580344581580696
-3.32277954384532,-2.46179794737648,-1.77244253792199,0.286636442018054
-4.20663888165749,-3.40685967565044,-2.04911633527147,-1.68601010096164
1.16603053240175,2.85929700353299,2.30003134934943,-1.03083634325145
-1.27745490893332,-0.901597877298837,0.151776234878872,0.943959589028021
-4.51337036271776,-4.38950673642644,-4.09072990066067,-1.92879662630532
-3.85855207277182,0.269160063551605,3.14150066201881,1.08330903419923
0.897922438362923,-0.576140874786334,0.696009574886108,1.80605889362549
-2.66928697828809,-2.70551684512839,-0.966931662234897,-2.06178323372373
1.03467152541512,0.339215188708534,0.564193718536214,1.42188898311396
-0.474346878656355,-2.99684906987181,-1.85191945730874,-0.740790546049813
-0.0734386059507093,0.0227434929961553,-0.321774855671739,-0.746533685954885
-0.0175922111693959,-0.170683288599544,-1.20376286536538,0.817349820760454
-2.48150598320755,-1.33621395240653,0.732297820132374,1.38826710436574
-0.667991105856025,0.232623163871395,2.0454674443217,1.94250144474943
-1.67071497251386,0.346028253711502,2.19109795270793,2.98196578349083
-2.90539081581562,-1.23895504388543,-0.865889981890776,-2.23202372262658
-3.47970931524616,-4.65815139130665,-2.94216122129191,0.212142986822847
-3.2613514711581,-2.22018680978574,-2.79894517357693,-1.92004357639158
-4.60746372140699,-4.03398509548269,-1.61924563112749,-1.58323758398762
-2.44782113032399,-1.6531847203328,-1.2485015904207,-1.38051187700095
0.475752068403557,1.2417968051287,1.22306609071573,-0.870880815739813
-2.54169862422096,-1.44210356170165,2.52244114513886,2.09524581295078
-3.60211763058813,-1.29413121584314,-3.46912464217468,-1.0940587259101
-1.29393461529338,0.0163806651192221,1.08418808525892,-0.351157092001952
-0.612426567120047,-1.35483439819033,3.01842826797688,1.73594218254976
0.389662637220851,2.03008482866551,0.724031777406626,0.991558933044972
-3.61894203735026,-0.756609487217798,-0.511076983200209,1.99154818209642
1.14067007543692,-0.546218249715706,0.46485031866706,1.93319252313858
-0.0324491520366456,-1.01264881494258,-1.91934576502155,-3.38281499245905
-2.91689202821685,-6.24251614003809,-2.88908608635654,-2.88530074127605
-1.63200447121156,-1.66478832983038,-1.30455635401351,-2.58089336199838
-2.70906163746796,-2.61940240953642,-0.227942478058966,2.77036980567504
-0.848103791430294,-1.17018982847237,-1.49828409454579,-0.591743273062398
-2.32467371903676,-1.31796586382805,-0.51034159101203,-1.18774527342059
-1.44431283666647,1.69741118468047,1.00819314422404,-1.06420881607428
-0.726888723031831,0.548409064374335,1.5957870916901,0.713818697138266
-0.376893966078597,1.05502909706507,-0.0950579769412808,0.943941072405002
-2.46322389723209,-1.92977583076863,-1.10746647387321,-0.807304061937937
-3.59188552800385,-2.61589102707925,-3.05216291741509,-3.23669453674889
-2.67047432975203,-4.27472634106803,-1.78284061666728,-3.5176829362319
-0.887795040884,-1.82804895471926,0.263547044411149,-1.39953482460212
-0.647220475379533,0.00659893241593201,0.56171981332723,-0.250305252032658
-0.0978117248348093,-2.07703989366551,-0.29509209188873,-2.26727810220145
-1.57770828545749,-1.45310638025914,-1.36171479497385,-1.47075267688507
-1.2444463209114,-1.08473581084136,1.93301477305258,2.11570054386525
-1.32086879192228,-1.14401540540945,0.545777502632478,0.193182567489899
-1.868721562975,-1.84426362314282,-1.56976744853728,-0.584865682242887
-1.16348316226896,1.46495593854488,3.97350000679749,2.07493098944328
-1.50885146959169,0.703055111659591,1.56076654386796,2.84536530589122
-0.507671624690514,0.461731251576062,2.07062651020412,-0.200754440068833
0.612475864191493,0.246358213124901,0.014259792591119,2.41934934943175
-3.12247892808342,-2.23600456289978,-3.19943419403797,-3.05017171363233
-0.672468093067263,0.0462239340047034,0.890680164202788,-0.141283978470435
-3.74330505642795,0.283293329110365,-1.00736639648526,-0.0828240743336833
-0.857113025428294,0.353743679752357,0.670730256551377,0.0536104536441213
0.706014422553152,-2.18271591222069,-0.728562025251346,-0.35421404760646
-0.402607893564633,-0.348344200785827,-1.62368731587107,-1.35637753635631
1.55290036119134,-0.787027805956049,-1.37104161723591,-0.103559424365083
-3.39930563030313,-2.1373351050716,-0.738345425326358,-1.47130370243604
-0.641304043267507,0.154595662360763,-1.04752195814146,-2.1727206054443
-1.132540805767,0.374506085757438,1.83356631917859,2.14805608873353
-3.14022785275423,-2.54756876223397,0.629290575598343,1.30300092323599
-0.484113425954941,-0.371679635654854,1.29643215980881,0.999122658879754
-1.72963767340104,-2.05039717248713,-1.42609778066587,-2.00143257837512
-0.903767828857321,-2.01600118287383,-4.43205182462609,0.28518807501324
-3.51675308974855,-2.81715893137534,-1.50707835434348,1.20645887254537
-2.2493710806444,-2.3237486580966,-2.57171381499625,-2.45163500161027
-2.99171659307134,0.322876189039611,0.7900310497571,2.3908690325917
-4.32863070013689,-1.69130525322762,-0.93474234574378,-3.3426151098533
-1.25597749755977,-1.77987496439845,-3.27467562670634,-2.32526226996377
-2.8260615924548,-2.70144886265602,-0.535222842244195,-0.917662600179628
-2.46098883426411,1.12133366708472,-0.151885327935069,-0.849964491358103
-1.31713814789361,-1.03037694003858,-0.864686618042761,-0.368772876862195
-1.26973191752822,-0.88914968903006,-1.77338925811905,-1.00651842720137
-0.72878781414486,0.370404637141391,-0.372384163535374,-1.17795242428598
-2.23060318693397,-2.01837367677703,-2.53952059717727,-0.968445478434555
-2.05154143121178,-2.94178409229025,-2.00014856449465,-2.65541407430398
-2.3793897862572,-3.11469409427175,-3.34017351700294,-2.46034400227122
-3.06434727372452,0.234815013162945,-0.826482872121284,-1.09480222651786
-2.64742389787296,-0.839405495179047,-2.73178434268892,-0.901770738219093
-3.24286718990665,-0.881297818699234,0.0874595934009951,0.371689257698046
-1.74614520879015,-0.228243682852567,-0.872164597086247,3.21048229629597
-2.19065107237245,-1.3569575615808,-1.80154991958776,-1.66762691186384
-1.39104023732612,-0.19745823028943,1.60411327932096,-0.938318616255126
-0.915333918622186,-0.311186200240841,-0.380215990506669,1.30213717522688
-3.41113111011215,-1.38283210354708,0.149139652476451,-0.0549109725314361
-0.285545364758459,3.36659433801344,0.439019313191038,1.65430642183203
-5.80050263183284,-2.24782391644282,-1.65453373074586,-0.526981496898594
-1.33282358581698,-0.714907935022958,-0.437255045897267,-2.99448836277972
0.162631099407162,-0.339451383576037,-0.321053037169025,-0.339851399577314
-4.10450516614254,-2.57005555371547,-0.328871231264521,1.21112453022474
0.897820167850806,2.41020725864779,3.27346951078858,3.65143108613231
-1.10661617447497,0.926566116254553,-1.44575445011055,0.494929607703785
0.942436805197648,2.62035001353182,4.26550921967924,5.52231678853848
-1.25164392948265,-0.203519987487198,0.514204461952472,-0.819898940241788
-2.72559760105819,-1.94873642602427,-3.43075499362792,-1.71223673256359
-1.52792271397893,0.445383318215118,0.672117602532025,-1.60244047328563
-1.23320697173941,0.460029722032998,1.65075605986476,2.02193429045021
-0.0286077688600886,0.636213928686347,0.601671434065,0.546738536920901
1.83016688690927,1.13907550953642,0.15677153425614,-1.19597215311878
-1.4703698218115,-0.492752683931639,-1.39864065958319,-2.96894639314212
0.137143824047953,-0.534471580160141,-0.780733165354625,-0.555012985332341
-3.90867923309504,-2.05151031502641,-1.17717978230386,-0.899437952116583
-0.922133456147751,-1.51977393645857,-2.25606454326277,-0.545520510586255
-3.77435556576284,-2.60099892018542,-0.33378773212642,1.48232759724319
-2.75819206459489,-1.05953316608782,1.20814533840028,-1.04191542670515
-2.0109593898385,-1.25654191784192,-0.49488447660572,0.395305826773923
-4.32797863390956,-2.79788269544145,-1.73113569547315,-1.24390481499275
-2.67511866478123,-3.06274452970781,-0.679051004460701,-0.729514997372224
-2.38380426788206,-2.63520848345108,-2.41497824245679,-0.981870325583655
-0.199874630075859,-0.212761679022493,-0.978126028899437,0.775808058935177
-0.0336441040446491,-4.01112191626377,-1.88469071827114,0.40013415625399
-0.691223737454423,-0.343140053855221,0.531984820087241,-0.173348239132726
-2.07617875855151,-0.0592400822977618,1.22372108845528,-0.457605185092733
-2.58396806311637,-0.947181822127503,-1.26752598358718,-1.38373818478628
-2.7360908179148,-0.589708915168823,-1.62961448503995,-0.803514248200481
-0.996608375787569,-1.95397532025075,-2.30311857086254,-2.40329666557342
1.59571750704414,2.56542260465012,0.0744385810038735,0.632131925134684
-2.5815390910875,-0.716008127953324,0.468346017991957,-0.099660722731721
-0.823533393442003,0.429255860199025,-0.0243739889287916,-1.21658066352104
-1.73997709488181,-2.05256483656247,-1.56636868911487,-2.46430681032692
2.11848281887133,2.47557471713055,1.85381042607844,2.58755270891893
-1.59623061136977,-2.33715893238747,-2.10907274207659,-1.72050081319457
-0.913916722201481,2.08446893891363,0.25096588838639,-2.32509150362343
-1.28758313054737,-0.582734972319555,-0.0580259500564861,0.102018350853509
-2.1990211130017,-3.76285697989336,-4.99354869162551,-2.28235882020858
-5.05838204486643,-4.30139909118995,-2.57072734849692,-0.61712724994254
-0.220124533927161,0.517529492497579,1.76705490296129,2.76293521816321
-0.0252082774881337,-0.325530796097423,0.582115801508071,-1.96784025012966
-2.90386060334986,-2.26580026846741,-1.87185215149882,-0.27268450525934
-2.25200539534425,0.430911990663677,-0.282043760951668,0.622391796405561
-0.499577336120402,-0.280727907074122,1.25367093581802,1.41032709376414
-4.00114493634466,-1.54356709621492,-1.60013245553162,-2.96349168927157
-0.793225686159489,-1.14504255760436,1.69570539446718,-1.44216657768198
-2.77895335523119,-1.85697641978599,-0.834844063833435,-2.29325862357778
-0.789172266330976,-0.394809990555681,0.220381349940402,1.16517333801738
0.152113561665879,-2.97553715441884,-0.647835445009202,-1.79796141127441
-1.58687943903932,-0.372147727634707,-0.342816269794119,0.753626708677388
-0.467854718691911,1.77006119804198,-1.29942625703528,-1.26403073660446
-1.60976705659339,-1.17602951277558,-0.668222524572743,-1.00479608860874
-2.42934784640115,-1.93726289219738,0.703295806909624,0.170626262401174
-0.755279285917251,-3.07175892031033,-2.15635121999145,-0.753955289593894
-5.48446985988299,-3.36218379867312,0.299011134940051,1.33330194674272
0.30978564377137,-0.989976698597558,-0.64402452469112,1.40744769173626
-1.5873721093251,1.18009897721972,0.776414719942753,0.229840352274079
-1.77359999314726,-3.64550411696223,0.412831909020823,1.04733069339318
-3.07234038501565,-1.9078421897118,0.418701975314251,0.661792187857123
0.739586813882179,2.1438807043526,1.28784586836292,0.620005353481356
-2.07724590655022,-0.479305714432927,1.86740940150518,-1.64528082729017
-1.95562619768052,-2.41856213520681,-1.43220696541184,0.823361232231355
-2.3025989334413,-0.851489819626045,-0.535502282324259,0.561607334993099
-2.49199790752182,-0.558043448227719,1.4785690782636,1.10069109995819
-1.77909832081061,-2.90396050988357,0.0744558571005121,-0.717226700142959
-2.99550791071384,-5.47288956676889,-2.33645600265375,-2.13666030242349
-3.14564427471497,-2.43183363080897,-1.51601655614635,-1.2697146507491
-0.7459978134753,1.19951569203841,-0.496341851795801,-0.908660894480383
-3.59001911385388,-4.01912003498516,-2.71621565640476,-0.644510052194049
0.34429568009707,1.4003179363949,0.210204959308589,-0.028209079037259
-0.980125717140554,-1.21273094852428,-1.45917670063603,-0.949672159757865
1.52395087560883,0.0320840515961013,2.39217254502413,0.0808803136854885
-2.3928777036815,-3.83339100083132,-4.40468107416942,-4.82035645549439
-1.69937600682074,-2.6481836424222,-2.70447366213821,-1.44652546503726
0.938969633254423,0.958181629095595,1.81732348855934,-0.714243317217491
-2.73328676609496,-1.73052502136451,-1.07143616187154,-2.82729315957769
-2.32035931077646,-2.15860409247273,0.183193578717414,-1.01396686119379
-1.90595520275323,1.08631892319769,1.09719653571136,1.91070825972212
-1.02384915251533,-0.11579985632515,0.660749098405858,-1.22905100235324
-2.45461600682519,-1.22168898511414,0.743873590649941,2.10370573475475
-0.676097089748316,-0.760395268555465,-0.0819092247361164,-1.6041462758874
-3.58386929236904,-3.54467276667493,-2.75350160273587,-1.4685572640224
-3.37246459885666,-1.57494324725612,0.505263223434509,0.848937024529723
-2.23293853220312,-1.41034541283027,-1.39981670738677,0.332604057788701
-2.44748933158726,-2.17702699731625,-1.87672874827881,-1.84117175937492
-0.384611794780154,-0.309051319451499,1.27918733353295,0.340401855938185
-2.08430530240855,0.25950410881731,0.559876692644418,-3.64849473344231
-3.75726423062321,-2.91727437527888,0.274040769393712,-0.510958176962306
-3.75684665718278,-4.66883804402927,-0.806123515740782,0.908096643703452
1.16722383771623,1.20324139665854,1.79228632283445,0.747931771259312
0.516357924745622,1.52561975347695,2.38001743711592,1.79405005072592
-1.90142576938179,-2.26951379784351,-1.58457908119935,-1.28379912342404
0.842301016050593,-1.96037772993205,0.953666095672721,-1.02925426487849
0.0246929246004142,1.60176741606239,1.70323589015708,1.9641062328579
-1.32646207143891,1.31470851794528,1.13270149446917,0.164207043390256
-5.02806674331817,-2.14936427861755,0.0241069405934018,-1.17126296242499
0.36718391180858,0.445810588159764,-0.933421696148065,-0.00227004658044416
-2.39493327616504,-2.10636372377705,-0.716987792945084,-1.3069191294913
-1.46720121940912,-1.35977602027798,-0.540479554805047,1.11631452459171
-4.17380401203372,-2.54616802534829,-2.41165585741636,-2.32903312327298
-2.99073568563203,-3.21522836227459,-1.88685484596627,-1.68264257101589
-0.558724252857856,-0.750020339763992,-1.31619385016572,1.85454345294667
-2.99166652877566,-1.42100291033185,-1.57183652693847,1.70120760343724
-3.38240420106216,-2.68248093777007,-2.14147572961072,-1.92628427579941
-0.712872768212495,3.07893366435935,3.02373767575123,0.357207574414641
-4.3890338693301,-2.78502388445523,-1.9347393598896,-0.196144832206899
-3.30350595326603,-4.68675509426131,-1.46842468800171,-0.650967795307043
-1.65368135599796,-1.42548921461958,-1.52465308808198,-1.30045980882555
-2.25191434824929,-1.09179731025316,-0.439920153977014,-0.45676464098047
0.0872319766677938,-0.474986942164811,-0.886568811846623,-0.866660829535152
-3.21256226901652,-2.76194883195493,-0.0749451557289583,2.59203594070778
-1.86916983282275,-2.1558327821196,-1.40810627704574,-1.79492634328619
-3.46229262564353,-1.94691116745047,-4.27239995537239,-2.95475596612543
-1.44110797523968,-3.33189549012729,-3.51565603413324,-4.2710800704768
-3.0220569653735,-2.3780182913052,-1.35670490666083,-0.109524079718545
-1.3345189647641,2.12334349923743,0.887009832555156,-0.554527413451967
-0.0826218450384046,1.35821358596475,0.105663788098143,-1.4245724049711
-2.59132593677929,-1.71703863783456,-2.60438826822903,-1.65853718622151
-1.43527251661783,-0.6333216843593,-1.178305258837,0.295176736483009
-0.632911956387988,-0.406053311206172,-1.36075466627287,0.498631429449196
-1.27302161843325,-0.7109458890241,-0.491943485466281,-1.63361991031322
-2.65765231850982,-1.68598363275202,-0.863830053761044,-3.73740052424101
-1.07851121105592,-0.634618175810789,-2.47193973868002,-2.70742023343589
1.57799587317105,0.759923182547455,2.35718209968494,2.81647192895235
-1.0092604209956,-0.775856534148278,0.00194669534580066,1.56053376801483
-0.332927090801032,1.79295742747406,0.977804195069957,-0.0527983132811755
-2.97365374735708,-2.0231794664847,-1.59827946985402,0.114720991989676
-3.98545619928455,-1.95928982988343,-2.03902091285201,-2.98353126934665
-0.728899924989941,1.2503969195065,1.41355150984517,1.53546931939959
-4.5821399806591,-2.40445856432531,-3.99541356328803,-3.71811337263575
-0.925263657637246,-1.8270042296442,-3.06660185587003,-1.75341979786928
-1.97627379858349,-1.38507981870555,-0.630230978591354,0.249530199158967
-4.38820721698218,-2.76260073903643,-3.82563036368467,-4.09325318765374
0.0891309987786994,-3.14322403603617,-0.957771138389678,-0.951059390393037
-1.44945762353254,-0.296099299510424,-0.465075253507017,-1.37580688808341
-1.20505892441633,-0.476475075331552,0.108659907243318,-0.924430291748226
-1.5397238589944,-0.497295651695186,0.269827443360673,0.610664846964991
-1.99032299757349,0.0357550120135016,1.17967356142767,-0.0655698858498347
0.0744111058054905,0.964441981964275,0.486452349611137,-0.382880424533011
-4.34648143248,-3.21170853091279,-1.86335910630191,-2.93260159274502
-3.224703943277,-3.0934222589863,-2.24268849829992,-1.03354012083526
-1.930106219431,1.17116215447346,2.69340181140773,-1.16762450141486
-4.03134474863571,-3.04322518799446,-0.891501181983779,1.29876351096389
-0.986864810199797,-0.434607609525143,1.45780843053837,2.74900551050835
-2.01781970668836,-1.31344011337403,0.640013121724588,-0.424038308452439
-3.31515559234421,-0.58685131764923,-0.366722247005836,-1.42024548187413
-2.53879252678734,-4.23921781623923,-3.22718118798678,-0.874303280065829
-0.805930021492777,-1.1886385813213,-1.78426675103848,0.682059008552611
-3.18930018540493,-1.83852694081031,1.11499605508669,2.35539302323429
-1.96585771139852,-2.30632012044184,-0.54746222756015,0.555847788366706
-1.20897166873223,-1.65367436781795,-1.1009790511496,-1.26236243086796
-0.598022833848299,-0.71680845327196,-0.64559409938119,0.397522425166134
-2.41279885044024,-3.24729561825604,-0.908218722868378,1.09526183066814
-2.46485680928299,-0.00338856749237415,-0.867233607268959,-0.103174245605021
-0.388941683201616,-0.064857508486998,-0.889651940225088,-0.127017914482024
-2.70956237911316,-2.47085525716344,-1.09634240077758,0.219830696906187
-2.17583099193452,-1.97845500235342,-1.88085075760123,0.0861993157389229
-0.142510611951938,-0.567235906453786,-1.18057499123904,-2.09138651070421
-3.31612026213472,-0.60555717765327,-1.90723184434806,-2.52554246725754
-1.59312613270677,-0.291956535801287,-0.676016487613942,1.45721063602742
-2.43243411148409,-1.99953653872784,-1.09836435461003,-0.165923999291495
-1.21122834065174,-2.00064808083724,-2.39977991032826,-3.6011292799578
-1.57717149739908,-2.23484856314269,-2.38988731056476,-1.2962838663045
0.406625374884875,1.22558382365019,1.10894583000034,2.26877202113144
-1.07368534109107,-3.4142965419736,-1.79045350166913,-1.55654172478823
-2.74624461113547,-1.36576601763055,-0.671757687436436,-0.927841354594623
-2.86053036883016,-1.05212502777612,-1.96712540941757,-1.83852038494124
-4.40586000660776,-3.71657876882593,-3.95143188504077,-2.10340227216
-2.03860409286246,-1.69162799013534,-0.812738553238284,-1.10490235067124
-2.42890580970769,0.261597841820785,0.761300898133342,-1.11353772117564
-3.02008088369014,-3.37686843533415,-2.9797664189448,-3.68791209101484
-2.32380765666082,0.416299713134552,-0.405262522444693,0.0186930700684114
-2.16449377735737,-1.18844209783171,-1.46067253320267,-2.59384435097009
-2.61719621139124,-5.41141096063789,-2.86009450468611,0.192111591518269
-0.964683315367961,-1.27636702481862,-2.22313708666125,-2.75662724539535
-3.26038488195054,-1.59669959927935,-0.0952617435891732,1.35721169735393
-3.20224065906407,-0.540545155239593,1.86988355901865,-0.73998123155938
-0.38805736306341,0.806472414421624,-0.672915171599588,-0.839113822111
-2.61367504805636,-1.210720236509,-0.148099904062843,2.21600712028536
-0.216313802445591,-1.92305875331926,-1.01149965205893,-3.45630438143293
-1.76884007077728,-3.07240642842511,-2.60523725402362,-1.76409278614656
-2.42436439966943,-0.520628570480646,-0.946806622441604,-2.34510220004289
1.96254057420977,2.88670799572683,0.740491112278709,-0.159470564281498
-3.92848711838832,-3.64615763406358,-2.69346896503635,-2.33855211561577
-0.666659225954011,-0.942697403083028,0.15538073878319,0.374827274678307
-2.73836819642879,-2.85443165756257,-1.27483515841138,0.00609738395202306
-2.86408692084224,-0.742441807448173,0.948014387030405,0.560663719225214
-0.820847573847233,-0.726815735024717,-2.90755578942502,-1.60981228114347
-2.23524502419182,-1.28467984578491,-0.625367121252427,-1.52264528025654
-0.561816423605083,-2.94587131199875,-0.268659877543616,-0.102541560093819
-2.3358234610335,-0.873650718503783,-2.5868188741483,-1.91411796167806
-1.25446658069494,-0.526333030160861,3.00162545987799,2.29482929815231
-1.83677945981795,-0.61867738052934,-0.498604440948701,-1.83530871492183
-3.2043375093662,-1.8490828565079,-0.933813250689596,3.11792770497053
-2.63651673801414,-1.87746226953534,-4.48441589112627,-1.75508187567918
-1.65349366105159,-3.12883018000266,-2.01915013772837,-1.68058883164586
-5.31851905295043,-2.06315254861711,0.575186353839155,-1.65666105377194
-1.18293700086581,-0.140599166604919,-2.78658226687653,-0.735855796325739
-1.12087588723179,-1.75233797316983,1.12596075493918,1.06834438426755
-1.28357365689378,-3.12022865618425,-3.5764223296172,-0.373619946168835
-2.37150428618449,-4.08095624523187,-1.24889063335442,-0.930245960910761
-0.208881109604589,0.77016216926529,-0.203451078316439,-2.85525628377305
-0.564153151142014,0.0606696589176596,-0.736514029237325,-0.0260631335735416
-1.61852589113256,-2.12171726797679,-2.0601370615249,-2.17216787293991
-3.21952362511228,-3.1287000677949,-2.68909119914918,-1.65972457641241
-1.14297881686622,-0.281928407131494,1.11196982402601,1.68335286610049
0.221136311997793,0.489534768453165,-0.780817226414289,0.134107182538619
-1.91581259195298,-1.31641846069325,-1.8757916123208,-0.451707507277588
-1.27134394391078,-1.19626747686963,0.524711469450515,2.92485259256877
-1.62505712340026,-2.94041190227195,-1.51981705050051,-0.348645144924163
0.331494257344127,1.48955899198509,2.05281020429278,1.74172510819998
-1.37420366287263,1.75270664212227,-0.822795193259692,-2.86759793354809
-3.58607910079154,-1.72673383092636,-0.253691742206895,1.02248215602764
-1.39410640919704,0.106953272311423,2.57028340826443,0.973075204687261
0.673826972490085,2.06621442543327,4.21841816569447,1.32953017129515
-1.1518508941382,-1.89885634645301,-0.324200879974594,-0.968760798049435
-1.9791856390509,-1.75106403749351,-1.82360061289698,-1.65942449973989
-4.24941730177497,-3.47788444286847,0.79175182511457,1.43531503747754
-3.26932631012296,-4.05185631660888,-2.9133923595646,-0.810954086448624
-0.36560685851582,-0.677237956556119,-0.753932444018727,-2.24570229447176
-3.05744200122351,-2.76279603261058,-3.17998126975285,-1.70652682289497
-3.94114751194211,-0.57867734373091,-1.63995267247771,-2.72375237676406
-0.57752706286084,0.358615750937388,-0.427865310530816,-0.76848055206501
-1.84283637662673,-1.39985753837003,1.4645659174238,1.63410976103616
-1.59855312300301,-0.0111839421115457,1.39661623099265,1.5067863741457
0.829827193227564,0.371306625075906,0.124081247473958,0.00790968207159864
-1.35062307235017,-2.46154863103121,-1.29786456003717,-1.79078394659544
-2.17195094432298,-0.252218403647681,-0.066290203597878,-0.297497718872932
-2.84328294995801,-1.65500389208225,-4.62472941864972,-3.29801949317598
-0.208712068821677,0.800726484073261,-0.55039842074096,-0.148427124317531
0.208126499184642,1.4194298431892,0.782949296648667,1.18844490140121
-1.48930129092993,0.816689838976391,-0.810912526381993,-2.24651972635039
-1.01238085124918,-1.00282500848094,-2.56887715007189,-0.768146206321978
-1.81549882230676,-0.287290934313611,-1.77814841543333,-0.562157200689435
-2.9695833452656,-3.93173343839971,-2.93404231648783,-1.46460099576493
-0.655720549783042,-2.74121678572119,-0.31863846126843,-0.212922004451185
-1.99600148053875,-1.3167284835668,-2.88339421732632,-4.25900454221005
-2.04060846235765,-1.50280122300062,-1.5595493863023,-2.22728662630477
-1.33860844185282,-1.33273860795322,-1.27889823953795,-1.23238912770258
-0.826468508145722,-0.773335519531534,-0.557618754464566,1.41272905397414
-1.33361436619197,-3.29864951021174,-3.36611500978638,-2.34896065178589
-2.8969104761942,-4.40971183827555,-3.62159704039035,-3.3722956703893
-2.30817859427431,0.325425672394251,1.99097494963821,0.572070132651952
-3.77469733671367,-2.02140555688722,-2.22434146332266,-1.44350822129907
0.187464920423553,-1.33349872423212,-2.23892165363772,-2.29511202539807
-2.1232108691699,-1.48892826691109,-0.450382615598396,-0.430379423983435
0.0279520153176722,0.549486258777933,1.23074055288486,0.706993274850303
-1.19064550712525,-0.41242440831868,-1.66618848240114,1.7603980416351
-3.79236958067017,-0.444989101243826,-0.393476733495497,-3.15823761996098
-2.21427084766572,-2.93248719880031,-3.56847133715509,-3.5177699621171
-2.21002068841907,1.27472718461044,2.60710528679703,0.462642184100059
-2.50609073519837,-0.791056207403777,-0.841780984595167,0.752417498445521
-2.02756530298889,0.721412468953065,0.437634871863864,1.34589030238151
-1.82593199751499,-1.20453121941724,-0.995784657486997,-0.987367766177552
-1.1127866301608,-2.77928972552565,-2.02711187860275,1.00751280754971
-3.7423460458947,-2.01795839320392,-0.906481857471128,1.03325545519788
-3.15307146172508,-0.519511939394052,1.60070077471378,-0.732507841150202
-1.49493012310286,-2.52170889290778,-0.509775083321854,-0.319105874103695
-0.987525449946383,1.34463581661736,2.56054739373528,2.66970417619562
-0.495118675828647,-0.867507796020835,0.38010112085431,1.76904563524149
-1.61902566671578,-1.6220828396529,-0.423243039020539,-1.89611689823331
-2.37941706474422,-1.18366120423172,-1.00611444234932,-1.95044480420822
-0.15626075720093,0.108373602652009,-0.442567194731586,-1.04310782585883
-1.03211876493709,-0.913063650905374,0.0950511249664775,0.906596740391464
-2.50906167460679,-0.928620242869791,0.931019936700765,1.83819512167101
-0.941109918578176,-1.34932917210746,0.776286082219183,3.62439182726249
0.709997475487396,-0.359137195469082,-0.237641498818313,-0.0699198061724853
-4.9872131389646,-4.62418751930572,-5.30803064364153,-2.36965437884699
-2.77038809801028,-0.624647521304065,-2.15915567746838,-1.23329259530433
-2.72926657360257,-1.14756475957729,-0.675666919690854,-0.31575948669889
-0.864056945236132,-1.60731469824028,-2.28077243633764,-2.02563076880237
-0.39990216117664,1.02641788327158,0.436280734707565,0.819425926242036
-3.732106535187,-2.66319584884311,-0.134060535100013,2.66010598538694
-0.15414288811408,-0.437592635397449,0.739615613802093,0.741539865519259
-3.5235059609443,-2.2930958545122,0.490570366387105,-0.701529705035266
-4.39419838489809,-4.60424922363949,-5.93651486268168,-2.77018543990785
-0.0785345804218687,-1.72190129175509,-3.01037615892611,-0.0187575173929985
-3.51744356431347,-4.80092306745804,-3.04595297515815,-2.86992667555928
-1.3792144573238,-2.43769320030375,-0.930050374175794,0.138512512954159
-1.45747688498884,0.993962959649705,1.85932207619556,-1.45759880799872
-1.57197519160815,-0.581807764613092,0.603483591325483,-0.767259025337269
1.3119447562227,-1.85329553119907,-3.10009581483761,-2.20750166433391
0.80818864700416,-0.0440428416561381,-0.233787390712346,1.80027576138578
0.523284042200214,0.505692236302524,2.14473363477362,2.89218317973373
-1.215634118779,-1.09462893109729,-1.15709375272529,-3.07563848033987
-1.77744013901312,-1.41153652502999,-0.709516855627009,-1.75824702229631
-0.221718802391155,0.0780614965298292,-1.6825214541086,-2.12777581401961
-3.38252447159764,-4.33610733607433,-1.8417812219905,-1.59660034076609
-1.452646580665,-1.35610354177859,-1.07471628043979,-3.86771460175326
-2.75375325962935,-1.08343585935602,0.503781553853798,-0.108588428960695
0.19737264640242,2.16287868300768,1.2453381527284,-0.333647436286715
-2.5066073613366,-1.61035459912767,-0.0299604066861112,1.82883589015095
0.215650742609994,0.572840672140074,1.00928055611838,0.207379912069113
-0.918862011557976,0.0177880369422966,1.52688998739143,-1.66903627229224
-1.48458700322444,-1.87420716066565,-2.69643874411378,-3.89540438377548
-1.08352910159694,-0.359215600211501,-1.36899009977078,1.12510381830651
-4.06932142569191,-1.05916160358832,0.422764340434254,0.160831944637439
0.239884188319351,-2.27018756869535,-0.936702813725172,-0.69986524714969
-2.33408615556047,-2.9127657753028,-4.13490534353688,-2.67441886108032
-0.596477372604412,-0.821517527261677,-0.395759999656367,-0.939012515835679
-0.685860869860725,-0.633801809765353,-0.391530202292796,0.130699704889745
-1.84438670492428,1.63484633636962,3.21985936780956,3.01349913080538
-2.40127943490909,-0.419438913908002,-1.22972158350875,0.222346592396088
-1.73430754443941,-0.18832217788897,-0.582332865363988,0.0880097076529657
-0.234631150554685,2.66150616319592,2.32833148542296,0.468329973771061
-3.010416989856,-2.67693491310353,-0.595588389704051,0.741918815240021
-2.79705255403857,-2.25567625037181,-1.18837698231739,-2.17253777097055
-0.6165713723525,0.688078896606635,1.83688987729301,1.98478121341014
-0.590504804489071,0.739528471096953,1.12881861656322,-0.3331099934114
-2.07660023602217,-2.44634846093785,-2.23386246085505,1.70946535544714
-2.77996776737601,-1.85098019855651,0.48785249851702,-1.10034149375215
-0.635656823085617,-0.839175053153847,-2.26576494066614,0.00555669247943927
-1.85574810212809,-2.19601112826749,-1.42960619877712,-2.10198763553222
-5.30799903481315,-2.42172006109593,-1.66343404219032,-1.24420849163017
-3.5151329733624,-2.0162824807578,-1.93530124465957,-0.383376585561957
-2.0664134474126,1.24506032352149,-0.212025214793523,-2.21321389871251
-3.98224974373252,-0.94225672462603,-0.902641766722444,-1.02540856464564
-0.851561834595793,1.41670916910219,2.51947988828963,2.6545352824354
-1.44310612767915,-3.05234044783133,-2.87730790630277,-1.06799119962521
-3.55917164076635,-0.767254342700666,0.613461939569168,2.27929994152862
-0.225008244982548,2.05363687527086,-1.11495399973884,0.350309376119397
-2.33324216739448,-2.79359920821184,-1.32245654155168,-0.214468871990403
-0.623824224875031,-0.091754216084368,-0.654129330266842,-0.870958451338003
-2.98952426386283,-2.20284152683521,-0.831400855958952,-0.237943943866181
-1.76577026786563,-1.84104116496909,-0.781923200473405,-1.75729528622464
0.0061358338999038,0.104360635120755,0.783192772001955,1.39055948901379
-4.29565185799828,-0.641363098751034,1.77218681379325,1.14565511745048
-2.04679395091869,0.471489088070703,0.106961214176426,0.501108954895987
-1.04698598285673,-4.08300452383693,-1.66935044382703,-0.414959588021491
-2.84942164683388,-3.76626612994281,-4.55116540123192,-3.47630432525789
-2.36380182113776,-1.70604212199695,-0.854257718298307,-1.17191837618126
-0.899086104496632,0.926067230242429,-1.29129857499994,-0.868928085742003
-2.50072470464301,-0.205585578873662,2.40168246517698,4.08814269121207
-1.73185642617241,-3.51836269494782,-2.99200859313405,-5.55864456337008
-1.78492502853479,-0.0103123112071923,0.505802940919122,-0.677366382932012
-1.36480578154267,-1.86546485647719,-0.280769717154151,-0.124450770183764
-3.01577288304204,-2.99091714598255,-3.26073187781223,-3.22755729009409
0.124150037959203,-1.03530756584353,0.615310998920214,1.02408093034111
-0.639340540214526,-1.47630385924444,-3.01287077642598,0.327650268130292
-2.97753822912708,-0.983598865414639,-0.513737117830853,-0.963369417607464
-0.110127739307976,-0.171527461040079,1.03660979496739,0.431607500337882
-2.75791412840422,-2.49047412104449,-2.2349088992648,-1.76769201206018
1.16432143224057,-0.171313598268535,1.50445644823529,-0.441264360556171
-1.16765302682214,-1.82900676844084,-0.547720524268026,0.411778975034831
0.483713019902332,1.05468289075748,1.12186467188352,0.630539534594858
-2.69418160402681,-0.271540509971062,1.33751774752797,-1.22224198140986
-2.50672409723147,-0.45414153053364,3.07337476849549,0.287762372379258
-0.644918148058768,-0.0375316440765698,2.47081768140097,1.83423722366293
-0.940004481058352,-0.196980836734147,0.290011018691794,-1.42031791945442
-1.92112340599228,-0.404093960329984,2.70417961344526,-1.25140512815566
-0.345664924356724,0.613619200912144,-1.68358644072092,-1.84271282863699
-1.94318315113785,0.0733513532226673,2.5149579966071,0.260588813834376
-0.902447327018854,0.510718329547181,-1.94975813907861,0.218846813629696
-2.20466502594004,-2.69468332773811,-3.32789603482036,-2.60678283112824
-3.97667404303406,-5.11030279767677,-6.02197123702696,-5.11736444481635
0.0273189603255961,-2.72077103482222,-0.673499797890206,-1.39129852306946
-0.0943758544173986,0.00859392038538243,1.26560187377493,1.43399571940647
-1.28388087349968,-0.101686816888967,1.46621123839946,-1.38051234386573
-3.44326365223954,-1.39579653446004,-0.814151282871603,0.790489543879381
-4.82959444421575,-2.78439174642715,-3.65492998653103,-3.37890972031086
-1.49876305377703,-1.60576003008981,-1.80418412003347,-2.63125242714822
-2.67302689950937,-2.17730938111199,-3.08532884064045,-3.32910309801563
-1.43805281162716,0.378115333607768,-0.307778339749794,-1.19907109712683
-4.96266573506658,-1.70038614858024,-2.55304270904629,-1.36838101514946
-1.44025828043086,-0.701174633533444,1.24562294527038,0.496591422190721
-0.124745248866904,1.79280793841713,3.59464578261939,2.27760811998452
-4.49487998902264,-1.85726907454782,-2.41375314987764,0.203598951661722
-1.51710933183991,-2.35110287357334,-1.63604098436013,0.887714314031646
-1.66296435166618,-2.0088812572592,1.38170642404042,0.994249396950875
0.226238826888787,0.594650378114044,-0.44786615072084,0.513389436531861
-0.256962711475575,-1.84953638302117,-2.15132885790282,-0.599924912099887
-2.47366875922107,0.840857111675914,0.41689254163113,-0.468839279264536
-1.98814620250207,1.33845165423576,-1.52029424472953,-0.00700580874022097
-1.55130483557907,-0.659635545645115,0.024784741106462,0.359173339396051
-1.63546811361768,-0.609078142077866,-0.975112111479947,-0.806843803126306
-3.33646942384426,-3.24646031787884,-3.44302770993418,-2.18600902513995
-1.83761954528009,-1.31029309834415,0.0466278948571136,0.692956730448828
-2.20985536471771,-1.66129849156691,-0.250886798299659,0.0869253546232294
-2.76169868248105,1.61106435562484,3.56819549045661,1.22844590690707
-0.706777789767354,1.11591527161379,0.78630429140824,-0.304136873352852
-2.83838051081518,-1.38866861189069,-1.78494193148517,-0.622781194739865
-0.63694540851709,-1.82335587781407,0.897663677864082,5.43623532164614
-4.59603132052393,-3.93389003789899,-4.34348246990159,-2.2981037738915
-2.07517140307449,-1.7296373803253,-0.54673460611201,-0.500255325059037
-2.42703746692375,0.580439839333168,1.80020595848201,4.33457234162699
-3.24893251816439,-2.67039345604828,-0.921313400331427,-0.192319654331735
-3.52917656676925,-2.90686551930648,-3.05466933842709,0.00843183956166074
0.818032975952229,3.98267236764424,1.76207584672454,-0.469596596567125
-0.806638163296481,-1.12315509444669,2.62587139222197,2.55232882804038
-2.60780819752723,0.493544551439227,0.763585849919828,2.05447662687136
-1.40966234196038,-1.29020735905822,-2.44140996556538,-0.496874499631344
-1.58756085876933,1.32305104878791,4.01262027543851,3.17875029132514
-2.52207167102821,-0.791973815896469,-1.57096696347872,-0.968718661904291
-2.60948305395476,-4.31914995145411,-3.01121377441873,-0.237831948342839
-1.14620511191827,-2.04073260099603,0.915854976732093,2.77290417407182
-1.7279014324517,-1.37460186242837,-3.44540021612913,-1.14775078694186
-1.63135320810847,-1.48503347300414,-1.82916643927708,-1.29826334779547
-0.33157430186032,1.37766196924668,1.94106393865448,2.46710276805964
-0.0300366845570695,4.55042051841281,4.27130882723323,1.91209487641157
-1.62396625989525,-0.258519825636007,-3.68524117194848,-2.88521544450745
0.863471479300731,-0.653078469327034,0.117729482033036,0.148069703963301
-4.10316947301797,-2.69308015105652,-1.50491002625089,-1.18838541393461
-1.59824528840002,-0.865552738448147,-0.176971199489068,0.380854646659509
-3.05248723290169,-0.876467044692741,2.05468550285635,2.11645827937918
-3.51942396385111,-2.60932343769895,-0.281360384678848,0.0361553467649779
-1.45073928190367,-0.92898104359092,0.585477037474466,0.776925748076027
-1.27894133054274,-0.704054852358538,1.85606551165469,0.201011062241238
-2.13565741466845,-1.99500746907153,0.779185600181384,1.25110458404832
-1.69781404732403,-1.04354626997365,-0.697096894517305,0.693935863421605
-0.987331129857827,-0.0264240956325167,2.92806121276982,2.08306603256142
-1.60400801207713,-2.6411567473611,-0.896326821685831,0.280495839908323
-1.28715136222112,-2.69492053656866,-0.947126648541417,1.31464627793242
-4.49829916553559,-0.906750692437061,-1.69721566641178,0.587937538358825
-2.07114380907628,-1.85400420144783,-0.646843700000463,1.40102844474886
-1.77094616103503,-0.663846643604338,-4.04498033946146,-0.172607939466714
-2.15721892731251,-2.18776307951482,0.574787246484056,-0.460900112343536
-4.14437469504048,-2.31677315423495,-3.15534336075993,-1.18712392477091
0.75246947412804,0.819390073191309,1.30570435562436,1.64773687069219
-2.59042927076116,-2.78883482704146,-1.07754939805829,-0.500096578010818
-1.99311079377351,-2.12952021503883,0.633827793588609,-0.650480908118584
-2.05845192797022,-1.54412904569717,-1.62326769996059,-2.96996443207245
-3.90344536288362,-4.84816879161217,-1.27000232941126,0.360969178923042
-2.36808870145645,-2.66188121610647,0.63754958409932,2.19905124383272
-1.67396730863783,0.0603856195981973,2.88864407682573,3.18704888388964
-1.52125367005717,-1.46501923171287,0.542235778645467,-0.308410646643287
-1.70501394685504,-1.79492699578407,-1.33142252039014,-0.796469799658314
-0.369832418387918,-1.36313820575552,1.83003919827166,0.00663909335185042
0.968237490650081,-0.813185227202967,-0.504459940271021,-1.70770031448211
-1.17473593273114,-0.733790911291432,-1.29597334607986,1.66029456100563
-1.16536676085085,0.591305801823192,3.20589776441809,0.956465783224456
-0.919897233549466,-0.195355530837254,1.41656052015713,0.733001242449037
-1.99322215252146,-3.55947436515082,-1.4271151116104,0.107605133288207
-0.207961173348715,0.352412391244857,0.181190345971484,-0.00202129733097806
-2.4050697086984,-1.4087147379585,-3.09868085189417,-3.75135115839451
-0.423544040661057,-2.05966608311616,-1.21757944097135,0.245929824218016
0.343268863688959,-0.833229435097141,-0.780840521987506,-1.94235691445286
-1.41283204648825,-1.31608335923871,-1.58598762261926,-0.103749837156993
-2.55412742383567,-2.45329698715052,-3.15075853056835,-4.92851030717875
0.690428782321066,-0.0929464490577225,0.207940631829322,2.95497091017086
-1.7628784155638,-1.54502167074352,-3.54210741068579,-4.30415829757108
-0.763759413367431,-2.44858096561842,-1.31693909124671,-1.62173242390851
-2.38474726566974,-0.853672702566939,-1.17400739113892,-0.525094406587406
-2.55298000142118,0.658250341071421,0.467643201555544,-0.745076096412226
-2.33099618626777,-0.564563514065674,-1.01839293766168,-0.126831915292826
-0.138419466855911,0.632891108354501,1.8184554147315,-0.59607729283052
-0.443096635271942,0.0939105094840746,1.6120942663963,2.8947990266695
-1.18761542711079,-0.0827780496860372,0.281704201489714,-1.30903460509587
-2.73609527884614,-2.60459727279673,-1.25031832874777,-2.61011908947726
-0.0362371356112599,-1.20565661090701,-1.69310516065906,-0.608231494407641
-3.3936010808976,-4.20452693238935,-2.67116576242838,-3.04799267507143
-3.52404019957813,-3.01937223156874,-2.53904732849802,-1.62493683823615
-2.47597149389516,-1.17786948032952,1.18629812407361,-1.37837988654287
-2.1171226902557,-3.35248351892631,-2.79758920882592,-2.28007661079293
-1.85153256015867,-2.49951724412689,-2.7728696715378,-1.4634064549712
-3.27334243259001,-2.86099237774125,-0.974369923277196,-1.10738855204358
-0.677511989172845,-1.47386543325155,0.522695503614961,-0.948388863032416
-1.6283447945584,-2.28146488589154,-0.074578165350373,0.778398203473423
-2.79398111186884,-1.30562453855912,-0.96285659345193,-0.767813455216733
-0.291114638636809,0.279191173338263,-1.15412814173673,-0.996944129971317
-2.60071648283335,-3.14781996683141,-1.73603961637798,-2.60112798185501
-1.76177878827859,-0.131726285869773,-1.8058936615573,-0.762721773433445
-1.58790128951301,-1.9927079765882,-1.9288819485628,-0.811709052272187
-1.77492998351364,-2.63471157604343,-2.89228670638021,-3.80677015080332
-2.85770162148816,-2.22952412697191,-1.54473827348041,-4.05987996059083
-4.8157695155613,-3.79446376724692,-0.613508475619639,0.297524203658538
-0.703156069540577,-2.07264121116249,-0.75055625662638,-1.60135275726202
-2.02272135875249,-0.157142993996096,1.17801746415467,-1.70646048447336
-0.594357412243716,-2.25662609872466,-0.946117553592709,-0.961798692870812
-1.54944976321059,-1.18996887476368,1.43713875756782,2.29909939979232
-2.73949035205566,-1.24406669892345,-0.825704901114808,-1.60857703096252
-2.2263027488728,-3.2380144975056,-2.73431447964631,-3.13255186369027
1.15699394610782,-0.258139633609303,0.781314361623806,0.750156605938064
-0.812530513973732,0.135974590636793,0.412578714381201,3.03197578713278
0.0540901054119199,0.569932421359226,3.1990699461948,1.4105164611787
-0.76723256917607,0.54161134885751,4.11166412141655,2.82439819053738
-0.1246154769619,0.868755773204613,0.0889146279474541,2.63988751705297
-5.48259750748962,-3.49448104895581,-0.305026744123856,-1.54136334523995
-1.86131242688343,-2.21554968993896,-1.0146545275759,-0.0485394003789041
-1.25140437771996,-1.22759708227026,-1.34267215990179,-0.0363139939118315
-0.517942884361985,-0.950897862865425,-2.13455853384578,-1.10134073696133
-2.57410084834118,-3.61959008081717,-2.60229132630489,0.107978283041857
-0.459289686707478,-0.469204713564582,2.5383783934808,2.78562772686367
-2.20782892843104,-2.70270488779006,-1.91236369347882,-3.34079936300728
-1.69088974759334,-3.12999385745527,-0.30884562802805,0.425429116697808
-0.543165012776619,0.0447448990980364,-0.439134033785002,-3.2123330069192
-3.29293808950379,-2.94417894473924,-2.04821452334687,1.80655087849351
-3.36858510809627,-0.626812580296428,4.00950681471403,1.49778811085106
-5.54161636351648,-3.38981572422329,-1.19012818782206,0.649480044914633
-0.277726838341371,0.294784330796595,1.23005385677703,0.223475726237789
-0.783537254657137,-0.932051881366772,-0.452924885076472,-1.85562648459555
-0.75787649677601,-1.49269495163973,-0.85203524175877,-0.90221178368809
-2.53364866910885,0.0425361908356063,2.06147167886769,1.72754515261284
-0.110953482780972,-0.168229031135046,2.5132588831298,1.70216668407981
-0.198557305534585,-0.959761333804971,-1.77332863271012,-0.980426766264861
-1.62529212012901,-2.75582087247686,-1.09581828988226,-2.46776619834356
-3.0116956611515,-3.15441516608709,-1.07901088184721,-0.757715951053718
-4.89481756111107,-5.91958671128931,-4.24979608762974,-1.86033394988719
-7.29764605172168,-4.56610569870029,-2.41076647551617,-4.06449677942138
-1.6581358659843,-3.2492110274034,-4.48734387780184,-3.72593520358816
-3.15270946733036,-4.93265062552738,-3.2475970898362,-1.26758350102466
-3.08738839444556,-2.14777898896578,-0.320686486078454,1.64327772897982
-0.412641600538719,-2.00949846850062,-0.509814379388191,1.10978719205338
-0.430040227992084,0.177272457780622,-3.27913215563727,-1.7664917222368
-1.59263806408748,1.12763896919553,2.6844648929353,1.8244420683627
-0.126203277690151,-0.993132449431559,-1.2107751459248,-0.710584444304783
-1.92755477603576,-2.04073704329441,0.294807919921627,-0.27934467987751
-0.34265705985707,-1.6617813101376,-0.287400898622818,0.396772751145353
-0.105564869752779,-0.0381335033269287,-0.773770278183028,-1.13144354979263
-2.62918181964953,-3.39314836216149,-2.75686880635823,-3.26197442786489
-4.07503978418414,0.563902541974746,-0.082632688246271,1.60485599083224
0.228505358556363,-2.13213002109028,-2.33751863863581,-3.44146853250322
-2.18754229137306,-0.931370373222096,0.543339924505502,0.180133609446186
-2.6364528503481,-3.85822641933823,-3.94062941425912,-2.6173033452053
-3.83344388893066,0.0692992997436848,-0.187303123832984,0.682082721406497
-0.474835220101661,-1.30504956998853,-0.7568465361732,-1.15331346125885
0.170013783030893,1.04011182581574,1.40027774857261,-0.518041673218395
-2.44201386044892,-4.10969555349002,-4.10878383275431,-2.06062050752709
-0.77163912132421,-0.662507759888481,1.27359349210697,3.59880729257588
-2.59047491660797,-1.10068050301265,-0.870596410919362,-1.34910374810883
-2.43519800462883,-3.01236203064748,-2.49834165807753,-2.32467059718903
-1.48653819616398,-0.120771387319661,-0.926711262811612,-0.705525763297972
-2.03320604270417,-2.08123088204876,-0.461414615115491,-0.309798566363381
-2.00744478203275,0.0430268442465435,0.990480142669106,-1.45292387891174
-3.64112123778274,-1.78423993297635,0.791338393938915,0.217198485733238
-0.477871687479556,-0.408155614491921,0.174310550755461,0.85837868352228
-0.61471554705949,-0.719195026183472,0.253746052018297,-1.9393065911891
-1.07938421370628,2.38450431919765,1.33412610582238,3.09814928092307
-0.00199540277987309,1.26789373089791,0.500748827055019,0.114709627064498
-3.72211227298772,-0.800648028074398,-0.603860700419896,-2.03051967647596
-2.29698880442127,-1.28863908735723,1.00731458567921,2.30823098936249
-1.92510310487166,-1.76729660249608,-8.00463547226959e-05,0.797174129996814
-2.61918413421959,-3.03947608310283,-1.75791904617954,-1.61157608815204
-2.18741878434592,-1.18101921870172,-0.500924937801757,-1.38895817627647
-1.96750087720374,-3.62941629855954,0.738372710562254,1.43586472304543
-1.06011744427052,1.3968591651281,-0.208481309653139,-0.34265709980453
-2.82667952679037,-1.71094780597085,-0.434428339267703,0.421569335467947
-1.65927308532184,-1.73362939175228,1.20542317568073,-0.0345251271003038
-3.36762063419804,-1.56340106819595,-0.923070752483337,-0.679954007632011
-1.24181040078822,-1.11073237288754,2.08702055837492,-0.259588471637432
-1.82452329639695,2.87642804132111,3.35252790275679,3.27338749459879
-2.96041131576746,0.536385059514238,0.365936534291422,2.3477638273686
-1.52754865653284,0.551989612155698,1.55511442619917,1.73249595783352
-1.70860682902284,0.539043705141419,0.60171758883417,0.351848096735623
-0.496110064953872,-0.71995127027193,-0.669997917246135,0.39506126565629
-2.63708154952969,-2.04014906503369,-0.086042952725203,-1.71582631009113
-1.03280144406301,-1.66534609481718,1.25393577544164,1.34071110113471
-4.7067868205773,-1.04353914504725,-0.992583848175638,-0.880386663045982
-0.858176184683503,2.04173874113812,2.67058633847301,1.39645268864494
-2.26565328295,-2.11874860503161,-1.30134432278988,-0.530146208396147
-1.46973042397111,0.264306508462665,1.08698709343523,2.07274247593694
-1.4676310606267,1.39597520618967,0.153675962844118,-0.0103574278696705
-2.89123270516249,-0.555419618244922,1.54325891465495,-0.573316372410607
-2.73919479300907,-1.34724355496883,-1.39708612151675,-1.36908324166159
-3.06089279165145,-1.57805510069796,-0.0366344838564708,-2.88337045750372
-2.85697086464831,-2.08614677925109,-1.43194904107967,0.24202029410254
-1.7912775772162,-0.349687245802834,0.951496653950072,-0.6193703368805
-1.33464667914668,-4.52285249177352,-2.00106008826721,-1.69588810728978
0.938610215741602,0.198856410870707,-0.548797983586399,-1.48787301080753
-4.83243453798384,-0.0482814198117139,-0.664567076601709,0.262408442303096
-2.37939703882005,-0.747360983207617,0.128367677880815,-1.8424849615222
0.468659956428251,-1.48445487236848,1.5876970429797,0.0624284851851889
-0.612754202402477,-2.35748474051053,-2.29778229820193,0.0705838892008679
-1.58755197291193,-1.41209716203393,2.06066172492624,-0.210319406092341
-2.86971655921015,-2.41757304555526,-0.897566797064605,-0.0910838677467865
-1.80896607993888,0.430424079385789,0.512562141197591,1.00333471222104
-0.859528861403005,-0.739019715727892,0.962365159534974,0.837867898571694
-1.64114890362199,-0.0569662710557413,-0.554603737431268,0.718851442720177
-3.60172259724543,-3.42164058738074,-0.641969791487856,-0.265868309569025
-1.74365803642266,-3.52802484590882,-4.63133110888271,-1.7541234273583
-2.7260047659709,0.0160246334508883,-1.52564712495766,-2.02989364193266
-4.2066865721641,-3.1126928468538,-3.75641874067906,-1.70292885844989
-3.00893907637102,-1.52601270211754,1.24516619903663,0.0637420157560433
-1.54507381569258,-0.401990742035729,-0.320751052950454,-2.67116896044166
-4.87020913013949,-3.88510153283345,-2.68960284635828,-3.80212049684212
-3.93678762238904,-2.27181885980443,-1.33885042614916,-2.89815355512787
-2.833590648382,-1.06314978063736,-3.15627692565611,-4.34961809917319
-1.55726996833433,-1.77266224383703,-2.03677153568454,-0.42713849270497
-2.07600269451828,-1.22536080702951,-2.73417415839912,-0.459162577839164
-0.557224229876141,-3.29474940643161,-2.72272841476629,-0.870891482412311
-4.14312705290182,-2.70098928835647,-3.26307447484775,-3.1355833863773
0.0641830966546986,2.67261834870556,1.49513150070886,1.639897199595
-0.521643771799084,-1.61396717989698,0.0697460426910938,1.08388879522257
-3.94167421857115,-2.39803871554677,-0.725148140921544,0.486881343443173
-2.59402858598814,-3.64089431105031,-1.36503610079377,-1.16880013468539
-2.74218375227131,-2.47408447685873,-2.57298921504134,-1.99879015492778
-3.39062361612059,-2.76103930567858,-1.20232643996932,-0.709515562935887
-1.70464658693209,0.55174570757215,-0.068439581509673,-0.304704983006044
-0.0857725692924809,-0.783323570179727,-1.27772694248016,1.23363952844272
-4.97941480444305,-4.60208148987556,-5.07504291233786,-5.791957928675
-0.689955153573195,-1.28547850111685,0.995617994850723,2.08173259933444
-0.115730602532122,-0.0262208491654803,-0.536704534583139,-0.0932588446905547
-1.436028004194,-0.641917791383647,1.67522703434699,1.66858589915333
-2.59954412462328,-2.06153414450257,0.748110968897784,1.80911695569477
-2.15304733274155,-0.959298897614232,-0.715476474943385,-1.00037902429437
1.78024033626152,2.61024545820444,1.14340269923252,2.33597160585237
0.224940483536677,1.43772159046716,1.22292162431545,1.32328480333905
-2.64278339149074,-3.90524267214969,-0.881145522922557,-0.375879260950609
-3.88949898300391,-3.4931873126951,0.222796391877596,0.403909554009287
0.037160532289097,1.91466586641983,-0.181200226652464,-0.412184987078958
-0.561054590900251,0.0485348866105528,1.93711379466118,1.57919094850089
-2.46925329885731,0.621565330180833,0.1055103294911,-0.135875289691811
-3.31264010400938,-2.28326963643971,-3.55988232545479,-0.182917758855787
-1.09948591733229,-2.20588493824824,-1.96260651858376,-0.445907365302045
0.331559772048306,-2.10594420800846,3.26645521783468,0.72183684958978
-2.61365124480923,0.757242544646663,-0.914451167169918,-1.71650244702503
-2.14413491570768,-3.00299436281483,-3.81091158172,-3.12487675936851
-4.22257259354075,-0.909583428591263,0.159590116599588,-4.06249576397824
-0.626355515548069,-3.58879312709156,-3.64163044032537,-3.29671096463787
-2.11095887677521,-2.77668112354573,-3.41127232998407,-2.92640171214232
-0.319999343161854,-0.728531105145884,-1.78241807554129,-0.400290914764888
-0.839196865391672,-2.80673378337679,0.891016414985322,1.35132107967582
-3.2605403372701,-0.964894311150415,-0.298402496151069,1.73010664715231
-1.64989705072765,-1.50221729119656,-0.505606954446568,-2.47750075196915
-1.71836861362488,0.241554257490571,-0.348008089675272,-1.83114900837521
0.683638150278026,0.111014778839958,-0.65717061381136,0.552944621669877
-0.216263985672723,-0.899067381251883,0.846263258114032,0.0357806181749578
-1.42656825515053,-0.173588730382446,3.76804600511566,1.4996910745681
-2.32320119353,-3.05490975505064,-2.61887997932171,-0.687859542657081
-2.26497766348932,-0.675595812449517,0.702189646305795,2.0774374370221
-0.418544671501784,-2.6529395031811,-2.41993385676467,-2.01878065232097
0.299622872850512,1.64869613882379,2.78812080535619,1.19509552799332
0.307857573570273,0.153986314643152,-2.77835146844301,0.349448901765569
-1.11474657916694,0.244841737546105,-2.71445908572141,-3.98735360941228
1.89424224041757,1.8121657050799,1.84709630419118,0.928277630297105
-3.1226295387542,-4.3679749038886,-2.78292896304116,-3.60305637903921
-1.37388746829968,-1.19929636401663,-1.57780294458623,-0.159609681267877
0.347350600990074,1.79898206503347,1.87597492887475,0.532309902357749
-1.13006113218012,-0.0298217845843266,2.01002099031133,0.782287793987164
-1.85569124861463,-0.695705408516945,-2.22246813990839,-3.03298707313071
-0.91502053316213,-3.49319547747927,-1.01690582256786,-3.09298062315764
-3.27370773888012,-2.5706923886707,-3.56840008085246,-2.54499647383684
-2.54412689290302,-1.66513408077578,-1.63524896626962,-1.93676118182746
-4.75531739136998,-3.8072144018421,-4.06069023243052,-3.09937011607094
-4.03447883103475,-2.80934705634805,-3.44458826162578,-1.31215543112311
-4.01226024968175,-1.17179872246135,-2.8687525158315,-1.69634676385942
-1.72136967247641,-0.022783919295986,-3.52814607269449,-3.54565307790503
-3.04101220716696,-1.07534743359175,-3.05390679833392,-3.3108472652695
-2.77790435931053,-2.79065036750339,-2.37260094138484,-0.0258012017416093
-2.27457251629617,-1.17582880857601,-1.89534078349477,0.19253601177773
0.516155579297554,0.550097567051365,0.194137292001478,-0.988728098283806
-3.71913940986966,-4.18540410289377,-4.70929446304478,-2.58806891236684
0.0423048049274764,1.3288253636471,0.366319726416964,-0.486408601295878
-1.97565573255475,0.519267423695794,0.40293276087353,0.872810284105286
-3.18115941440839,-1.5450044010119,0.0555032707880467,0.509711771352809
-2.4299290250368,-3.4493127629226,-1.78686020008532,-0.772470345518762
-1.61516901689219,-0.480664620647109,0.574345057675414,-0.689747897766994
-0.549300172878848,0.328918389327577,0.932566619374269,1.57010798980878
0.821274026896815,-0.328790421952246,0.0499028649018161,1.11555262726159
-1.77438329258057,-1.6297025980513,-1.36130394917205,0.172863921424248
-3.85686886921482,-4.80923252062344,-1.99902969773642,-1.69029976321189
-2.10748303024004,-0.765042762395187,-0.924241018604044,-0.791868954913476
-1.95939760696767,-2.17129770163683,-0.7230233625315,0.148240660301451
-5.06997477709377,-2.69812433598518,-2.76091770003963,-2.23113741195753
-2.09887067994632,-2.89973597792566,1.73816351844639,-0.280988296667276
0.970967548746954,2.52803791905456,2.35514212593348,2.89354858766167
-1.68360641820156,0.595345710641298,-1.29095387272891,-1.40512366461861
-3.57627887835619,-1.34141961748088,-0.958427920605873,-2.30778996652927
-1.72310556109744,-3.22660704929432,-1.85259716073224,-2.02430615175264
-1.45180709988102,-0.263220031406661,1.15323239567834,2.68236408376871
-1.62865077088775,-0.130417971850276,0.311003422784144,2.67221462186766
-3.0546307569201,-2.83259333121743,-1.29479435119729,3.11161737662737
-2.61726151317612,-2.01728105058229,-3.47495117108075,-2.05519318187449
-1.35792546919339,-4.72340682588905,-2.44966357018881,-3.01722243258515
-0.594977908337042,-2.94937985006583,-1.5805845474602,-3.5371499937013
-0.736351842539829,-2.28185446942522,-1.54120801201774,-0.78179362941784
-0.935653954380308,-0.583072457913824,-1.22436330817453,-1.57232068673878
1.65158670477506,-0.415355342977024,0.242507685896124,-1.68929627635931
-1.75183258949458,0.165529648265744,0.990267538256867,0.911827273424236
-2.02093970187301,-2.96684542657137,-0.688915723348393,-1.59634163778078
-0.600893673655148,-2.04929473111875,1.11489911310486,-0.896106952407012
-1.48965532649159,-0.0574954976726672,0.494136051682203,1.94038894981242
-2.41027498215997,-4.33085827714083,-2.48947161534639,-1.52563461840584
-3.87748527879773,-1.08382251078764,-0.949483810958258,-2.56292427877679
-3.53659081792464,-3.4700947516328,0.0539936294626484,0.173368574338662
-4.99687967188929,-0.538588694527362,-0.719144614719009,0.651157150264059
-0.371421988897467,-2.0654899725867,-0.600362889843488,-1.51469918546224
-4.29915604156447,-4.13636235875599,-1.75801334029082,0.237840584812538
0.328752528124703,1.40747406470723,2.62115658960075,2.25850663757305
-2.11753631601258,-2.00288489395109,-1.36499876158969,-1.47875246875215
-0.149892867699619,-2.80812814210696,-1.37057479906976,-1.50462356768441
-2.32942814336362,-0.874282682076473,-0.677979596831825,-0.159651431010981
-0.227228022937383,-0.410564609700748,-0.262537063170041,-0.123820206560403
0.360440958313596,1.97709549116527,3.04759550101489,0.887155280412798
-2.61378734798516,-2.97046031928868,-0.643714033009034,-1.89707690807731
-2.04719313397777,-0.744546455646282,-0.946444859368154,-1.33685818001159
-1.57363306915669,-0.99898690522633,-1.22454287822038,1.30822799541756
-1.84473911256133,-0.991040093887191,-0.0856241526449317,-1.46922230885491
-0.512685145549179,-1.62875278704501,-0.871920000440265,-3.95956411906524
-4.28199546760943,-1.3032319519582,-0.606632600929278,-0.570233802998423
-1.84984191663753,-0.929462362260451,-0.942228477291614,-1.56753981322675
-2.5460148601474,-2.59804914103269,-2.06353567479239,-0.94628286901587
-0.374656235790467,0.687584078441325,-0.531626581388651,-0.915396385999189
-2.00555774264468,2.12858240263366,2.50227117854295,3.03552203353894
0.594547715713838,0.602214113985587,-0.105288522246593,-0.934705007237848
0.0717049360130896,-1.87195741431775,-4.18962409579459,-2.95663635198463
-3.22132201952482,-2.68707152173687,-1.23601395348099,2.87487890001016
-2.44726469441342,-0.725177815257297,0.645154518680594,0.445445296220749
-1.1570477242744,-1.51843392107601,-2.94802797792427,-2.25050297362144
1.0028045315673,-1.23244879768291,-1.86027488246756,0.769876903541962
0.0627792084862375,-0.235989581063444,-0.833075597790004,-0.296087914988139
-1.08966022646576,1.70885182663971,-0.429561782593485,-0.192379552696858
0.234556672686594,0.667214453777025,-1.08051554880829,-2.35581509100522
-2.04636041979562,-3.30145666635928,-2.24548196867883,-1.31405391543895
-0.40474654808015,-1.51220862537248,-4.41863909476656,-2.09479478460419
-1.18993642727711,1.30143015083694,0.585183702261203,-1.4818298593099
-0.804132529635807,-1.60248040882648,0.727636623251224,1.32780210804917
1.02564386917681,0.432570392942282,0.366358849406268,1.00364956227155
-2.6633659957481,0.500559231138318,0.0878274296722885,1.32185379791502
-2.97530073216063,-0.957450724742317,0.237180388355747,0.410222601051062
-0.5894579828893,0.0888635471551634,-0.259099111650926,-0.728244355736915
0.936305620516924,-0.945521051083237,-0.92541027369129,-1.86667557107983
-0.643496402129781,-3.17581632227008,-0.207702710612065,-2.08904540562517
-3.07006390599644,1.33962218439427,-0.0999856130839185,1.25107686444076
-1.71671655500243,-2.65344395400423,-0.388981060716645,-1.23253276869558
-0.41249636918963,0.808604321394833,0.265522009008223,-0.00364455157087873
-2.86611393011802,-2.57958561920081,-1.31683582336608,-3.96141088802673
-1.00288063185518,0.516775296283836,-0.371071756071018,1.72756652865863
-2.93726225208668,-2.8230283832173,-1.80531803923052,-1.58105598312414
-2.24569305963934,-1.13683244974741,-0.3686545374488,1.26929750636478
-1.26872511646685,-0.909598545804049,-0.858741543979702,-1.61595781583481
-1.99100503851282,0.119430645855904,0.672194542415763,-0.826232550684249
-0.60968348712846,2.03841438834659,1.25691761692239,4.44051464129354
-3.91023934498798,-3.24811735014642,-3.49384741496789,-1.37849906708632
-0.999334426200299,-0.780830878015837,-1.88958870098925,-1.80502855998073
-0.101202859202033,1.59950532008392,0.93790144570497,0.223194076813152
-3.07498109060212,-3.11615416084246,-0.464643358108374,-0.261394372509126
-2.51839483973725,-1.17046670027282,-0.316336887850013,1.23695473707537
-3.21233138896173,-2.69844008574406,-3.12134304000979,-0.8618168918616
-0.705675401867637,0.12858672436674,-1.78664153199804,-1.78140185515551
-1.48563375187604,0.414220601246431,0.105079658413042,-0.370153848219358
-1.74681218434436,-1.62007953420419,-1.82462785689441,-0.111652516515013
0.925385800508647,0.941452584248518,0.518308409420005,1.06641514173459
-3.62907964721288,-2.84881990888256,-1.14488049415149,-1.46226926567085
0.2341721103109,0.984064421455966,-0.210239186228094,0.511752077691245
-4.51710431819315,-2.03960884745529,-0.956955291194362,-3.05052220197638
-4.24819681948754,-1.07206210117335,0.336911937256004,-0.394894975212769
-2.73712109295881,-1.51646822123304,0.224520599213941,-1.34207912941504
-2.12800083705772,-0.704823643644833,-0.986626871367015,-0.582394720885528
0.392786513817468,0.982202027147238,1.44829476494168,0.450500306291498
-1.55188312630177,-1.4667318001353,0.946313298983344,-3.20799389991392
-1.6585834051625,-0.0902368436924539,1.92354125500915,2.14764558410184
-1.43381319002308,-1.21340378566872,1.2218751710569,0.195003051718837
-0.757688480151788,2.16114467434098,3.08715182529567,0.851593162423346
-0.922216764051275,-2.60283053821542,-0.649490225660382,-0.187642631846855
0.602575978150937,0.436012042876343,-1.88392678473969,-1.1480030782474
0.0591106492891148,-2.31175837469173,-3.52659941370004,-3.26061289620806
-1.98842315490284,-2.63887312037919,-2.43471245815939,-0.665571863067044
-4.40399782387885,-2.15612833280238,-1.26387329368616,-0.809117707104271
-2.99049996034108,-2.46346606323145,-1.14028435777798,-0.94684973242855
1.22486632118911,-1.55861940512082,-3.19325859147215,-1.03977146187806
-0.973234552183679,1.43690253738863,0.188483900775288,-1.33129943021289
-1.33032459619729,0.523398135175979,2.74516945816854,3.22973297467744
-2.351075663123,-1.34830624999533,-0.773638564950956,-0.610586178876226
-2.2355554906092,-1.73319747647463,-0.947417258343684,-3.17343953415618
-0.365851412991855,-1.24135609603596,0.094295917754186,-0.859065525605253
-3.54349001028619,-0.0150829231622187,0.25365204472962,-2.84897826027962
-0.778991663510821,-0.934135234885353,-2.72086949942677,-1.27936534684682
-1.2833954644517,-1.52389131958369,-0.213203811413653,2.15200870000634
-1.1199066399461,-1.97785444880024,-1.45919789334827,-0.272759559309137
-0.345391729211305,-1.35638134253645,-2.26766545887877,-0.896674826729983
-1.62843013646482,-1.32855245187002,-1.71285951758078,-2.45742810150724
-1.12484595893032,0.900968436884922,3.15181869499231,2.03035340264653
1.17798291410735,-0.331450601789406,-0.0197297836987887,1.71296741039426
-4.48767811156522,-1.3161028469487,-2.09713033974018,0.470914601946429
1.05482613214354,2.01547840166056,1.81817172591186,-0.543183075967573
-5.18332488024229,-5.59821472392525,-4.46658463372133,-3.74703327706447
-4.20989100580506,-1.89310040789541,0.24528661060675,3.04287463486023
-2.16242395103748,-3.18593892327297,-2.62815590411194,1.00464167361341
-2.53915064750856,-2.52989273934185,-0.0589017581671388,0.679507246701782
-1.28488027792917,-3.22532488347372,-1.79199993242452,0.189397454452864
-2.06175044934963,-1.57069734866199,-0.0444375626550918,-1.37079252480855
0.959103984841501,0.751176983823488,0.681440169907652,-1.56381670610611
-1.62426371685314,2.12724738282578,-0.0544165961519363,-1.07362686405597
1.04942949710024,1.91658327362971,0.590984184592136,-0.862224981297032
-1.44088162487762,1.2288635059663,-0.108723572880244,1.01264062432063
-4.29416690001155,0.435815609533103,0.341383676660649,2.43692694823672
-2.39262385605033,-1.79041052752974,-2.25806711310161,-1.52351843723344
-2.04140166207041,-0.301026945674037,-0.34723335862097,0.583419328164184
-0.39271778458922,0.233120245019178,2.09267653260111,-0.14926521279239
-2.91334648510617,-2.44508211015301,-4.05480789617665,-3.46261379172435
-1.27692776439792,-2.31380509882584,-1.4920874873786,0.155324135587835
-0.819172436860653,-2.71677385885873,-1.07759810400177,-2.11376036656289
-0.966546010988634,-0.11814032339054,1.17310166299495,-0.170648747495005
-2.33908884092986,-1.84547912142905,-0.850018917917911,-0.823787620347577
-0.773465846622848,-2.13293061261979,-2.19294265677187,-0.174902685911692
-1.98078771582691,1.14178336729119,0.785410149534206,-0.833922627210426
-1.36441558725506,-1.12005836200931,0.018529688301659,-0.443577451706657
-2.82047879794451,-4.36762095417857,-3.45935213795839,-1.21315940458087
-3.45629223438966,-0.921056423488721,0.660173074503224,1.81015240963815
-0.970634189666346,0.680796429691017,1.82528427143279,0.95509684441832
-2.61676950211549,-1.91337084636688,-2.69347011392829,-3.71801733230503
-0.158529902608787,3.19584411464202,2.03030514731893,1.5671381163516
-1.30189163258588,0.266250095959475,1.94732058435786,-0.490663133072061
-3.23752192772188,-2.66626471937799,-0.341867238963872,0.451975254184188
-1.1546052467765,1.40823107819572,1.01889705790833,0.287219221273631
-4.20799370096247,-5.87883040367715,-5.49091711750164,-4.46763877521266
-2.60850505640297,-0.37952230075842,0.558142183790269,0.488442860085655
0.609104247883077,1.99019320131704,2.83876729387946,1.95042408189905
-4.33683453741196,-1.16769575942613,-0.152219963030971,0.373451373024168
1.24400837911061,3.47322097274091,4.00185589333689,2.54922027260041
-2.70205325611479,-1.62185168296234,-0.96068573780575,-0.497486098103134
-2.13316969075402,-1.32905194357977,-2.08475107819474,-2.30344356065715
0.177196631092328,2.06116699005297,0.489094963760418,0.29421646249278
-1.67335676187371,-1.88484134634275,-1.64114011866729,-0.109279605552285
-1.13906836649762,1.78115246674615,1.3559078520535,0.127986585955094
1.07401610883921,1.56342187683642,1.97714350482647,-0.240738883095521
-3.21057652190569,-1.41164280954069,-2.97720796272123,-3.97613248881309
-0.619876934854835,-1.14327222575353,0.472775311333695,-0.864501767644121
-0.284508106439415,-3.43837180399092,1.23309125090148,2.10341381078982
-1.43160637989541,0.392082862945585,0.708946875403625,0.639046428833011
0.650650701103821,-0.239623518133249,-1.719365595931,-1.73715663931527
-4.40281915917425,-1.54713273162702,-1.21480099976574,-3.62641474390126
0.0826819424686621,0.0450565513734285,2.52912816745305,-1.1458889186429
-1.52550324960854,-0.543734846199252,2.1454696430089,0.851174100860178
-0.832599989570854,0.786795536743665,-0.727740941516446,0.0616582879165571
-0.911012774994061,-1.77571665685807,-1.34202793932704,-0.891272755174108
-4.29870673425644,-2.96644016078583,-1.82541240549088,-1.37939296463567
-1.07900417477851,-3.34120012565645,-2.60981256453542,-1.18693787296437
-1.65318037205008,-2.48577629407506,-0.827584404060198,1.38408394668226
-3.12536079655551,-3.08738700902614,-3.11053848104435,-2.0254908277212
-3.13452121762782,-4.51198462938062,-2.45962781276453,-1.90695858023412
-2.65904706125499,-1.53213787126535,-0.999210211527402,-1.51730506465967
-4.19723707326336,-4.80658824916059,-3.59254581373964,-1.04067039808961
-0.752574905318873,-0.336780809613631,-0.548813646243725,2.44284426567165
-2.47117037543981,-2.54360677018125,-2.96996350281919,1.56157139466438
-3.06638916227441,-1.13808756887581,0.205761865744233,-1.81896730353652
-3.70176791161558,-1.96600224998567,-3.33016701740673,-2.55181457857624
-1.56131411644505,1.09402748911943,2.92739097212793,2.53845461272381
-2.56959834966088,-2.38834534061001,0.147809900414709,0.622589802107625
1.75996114064748,3.84287015387655,2.70986779416651,5.17018205464108
-1.6764666126499,-2.49415902122139,-2.16477227734462,-1.71727949731415
-0.252876443806437,-1.45259044429666,-0.609726307369513,0.215014041412758
-2.55246891493392,-2.97147894446755,-1.59641620993466,0.419990197087373
-4.35465923439825,-1.59415926254574,-1.77302803508989,-2.84410452068503
-2.64470133979503,-4.46218886367855,-4.80633121933793,-2.88212178549568
-0.584966601547284,-0.846427637235423,-3.11288970311886,-3.39083928677682
-2.23357580560303,-4.2101101257551,-3.50835123282654,-3.51180023882139
-3.60184999678443,-1.48515978936531,0.341945333856814,-2.8556866811702
-0.73023165451409,-0.174531592135162,0.0323351100140312,-0.0958935654132666
-2.15408748624305,-0.225140568483903,0.911820910031764,1.24279456320006
-1.9362807137534,-1.19004352476338,-0.548735385966904,0.629044373275904
-1.54064155015286,-2.9472818485428,-0.881740371605455,0.910970964867979
-3.74650672474269,-2.82800383165719,-1.99938686221366,-2.1589893001521
-0.168767094802251,2.25961860800778,0.548888918911414,-1.53486035015926
-1.22496807898175,-2.10343336668957,-3.38828144615153,-1.02317245123767
-2.04770010414993,-1.95764840752835,-1.37092276796132,-2.74080909219302
-0.730516532535423,0.137931295015644,1.90294923243163,2.3819851031482
-2.71755249234885,-0.189397037280767,1.25252845394388,1.29183958036587
-2.03139243425453,-3.41986545403749,-5.78616406737789,-4.88967088928483
-0.997462572319973,0.857320803041711,3.42633558743387,1.50448333281811
-5.19653507441797,-3.52998826239869,-0.579877613810957,-2.58387494621369
-3.48000184297029,-5.02913297435901,-3.42565868088486,-3.00203925333524
-1.25618225346136,-0.9950449263601,-1.4792805940233,-1.18094296239576
-0.942371486516399,-1.22680836369593,2.33132333436174,1.97144523531402
-2.71022487663624,0.53563184362511,2.40398815901581,0.932380975726396
-1.940723172638,-2.46691409110078,-1.32508990378916,-1.33255727710224
-2.20197775224643,-1.98933109496227,-2.65154479643314,-0.66511735396175
-0.303504967200337,-0.46882022618222,0.631948152416179,-1.54465435004857
-5.09058932397509,-3.75074750617331,-2.00604218950176,-0.705838565753719
-0.717936925126003,-0.181523055105515,1.2479504840139,1.22268091549669
-0.204965194093691,0.117303980433907,-1.15408337819151,-2.18624671062657
0.0863281816960113,-0.438874294572026,0.699496834649792,-0.550498736935604
-1.74958437900008,0.837670348160998,1.30863638197724,0.154614418982653
-8.28216894031499,-6.09729651271387,-3.33728403233366,-0.260613851751522
-0.653036370203965,-1.33923998970709,-1.59616660747216,-2.8803509401353
-0.304953330700473,-2.00550855082883,0.0640048854821644,1.90505282635537
0.636791504682148,1.99454164936501,0.626747156955212,1.09983209881055
-4.37919013861009,-3.68492470131599,-0.607918445809674,-0.954395189883512
-0.246970805867824,0.38460337627882,0.94065505704025,0.194978101578048
-0.286206642238276,-0.0524537027751897,-0.260735037058854,2.00420838245031
-1.84380083303278,1.74582747695131,1.37240620613928,0.712509503638907
-2.72431331651572,-4.54167459985519,-4.91248626140109,-2.67165909029365
-0.501661897967009,0.561579419910765,3.38518637222373,1.63777920284241
-1.28970648228108,-1.58861383212952,-3.18473870628497,-2.4183035124014
-0.262841016027928,-0.513802061975512,-0.437812764273739,3.81222834488723
0.608916298232249,0.5251081693607,0.240936376983188,1.42043586241109
-2.91198805966413,-1.87005988764615,-2.98378270030429,-2.28623051477069
-2.06408419551417,1.11677457153014,0.219150322468962,-0.282671888627174
-2.46653637771609,-2.65591256698234,-1.34766218989953,1.77541497313272
-2.64598851384935,-1.70948961341006,1.16501932447617,-1.41158984459865
-2.80881864620014,-2.71281823846105,-1.68475383862957,-1.68013932939288
-3.09498716628329,1.5539671852796,0.537042224261632,-0.298102441179174
-3.73129714159532,-0.0188883264796864,1.27631070069865,-2.25803722918928
-2.01766927032646,-0.0384117215711809,-1.81517375879789,-1.3537791438896
1.12443749254672,1.37997834714207,-0.330534393969875,-2.28905096912919
-0.847191549875173,-1.58354947019515,-1.29957714826979,-0.315599958818886
-4.25050686224514,-4.37745559323557,-3.80801580716179,-1.84708883696651
-2.79835455940684,-0.726656058882454,-1.51369430681819,-0.652393756732672
-3.51856975544792,-2.20766447365541,-2.67002730590849,0.496988224590862
-2.1161222540704,-0.863162922961594,0.299323005042818,-1.04401485438384
-1.41320906840179,-1.46226319815876,0.00827030073318463,0.641763177939753
-0.739038604759415,-0.576447396576465,1.2029440023168,0.51028624268105
-2.95496551153725,-0.196626996782561,-0.604778931249454,-0.12652512975958
-1.71614701013291,-2.07199023107711,1.13189290880443,3.03380857048125
-1.50880885557482,-2.14602827593349,-1.66147866037194,-0.940172052714111
-1.11572245358205,-0.593669602762659,-2.81775286304694,-4.43317243523264
-3.22629777266795,-1.08067149575645,-2.93503333076175,-3.3209255529955
0.40578601285623,0.308019725732275,0.34631010496414,-0.43518514974334
-0.740464283225513,0.915884272385819,0.030540087354031,-0.131123208102248
-3.92385286302023,-3.4250632210806,-1.94567770605341,-0.491256691509919
-2.60709588561394,-0.670754604196554,-0.706656500897348,-1.03357395988655
-2.02541205340315,-0.482849535759836,-0.99708462363495,1.18377349166579
1.1412950115048,1.16820729264726,2.31473504935184,1.8827273443593
-2.69032681266911,-1.0841828018472,1.35327463279274,1.18710748258454
-4.16034918715344,-2.24168034924485,0.218947502531329,0.0822356295170438
-2.67098419371033,-2.92581260006611,-1.9196946756964,-2.3313285251886
-2.44280092374018,-1.65463489901546,-0.991442087039156,-3.41894843408882
-2.79836369041364,-1.38596544439707,-1.19335468527307,2.8360244744452
-0.749258788176741,-0.613343517792433,-0.284454009724939,-0.408406564963146
-4.37647129600179,-1.52900573956606,-1.61539740898977,0.086629442823446
-1.25250699085584,-1.59584991887153,-0.91487900532405,1.29447369649246
-4.92755305787488,-2.891945426716,-2.91243259574626,-5.31189280504077
-0.936677643878304,-2.39617314359462,-2.84498473590584,-2.02889407688852
-2.34007022001429,-3.2183067647468,-3.95863219635396,-3.57842041804936
-1.43437080075825,2.91304376053655,-1.94190158414632,-0.56965534115859
0.039098205022068,0.746200302571068,-0.987048764230325,1.35020742136759
-1.18427907621042,0.842710478547255,1.54366681871481,0.651993981785646
-1.65916616163551,-2.2539734080573,-2.4330120731462,-1.37203613069806
-4.54117338038432,-1.4029675347355,-1.38681113746029,-2.52013654014952
-3.46561793851034,-5.47093153621785,-5.47256251958635,-2.81855112647883
-1.39241536642255,-1.02772993216893,-0.117595924775527,-1.02107097799414
-3.44438041221946,-1.30656205047212,-0.235388235151368,1.00840849023017
-0.327942091870822,1.4359793334038,1.61410665518856,1.95771600220491
-1.79242024373052,0.170295328867986,-0.379705187966183,-1.49758663936844
-2.03744012996655,0.324588325365764,1.15765608954495,-1.57427661742142
-4.70184473738301,-2.92466362102985,-2.4068417991817,-2.32687027230856
-1.89722187677149,-0.387191365393941,-0.282762885231631,-0.481596828395201
-3.09848320793311,0.399790549501901,0.364045775866891,1.9726682327087
0.77704749014514,0.603038118953861,2.52760330596939,0.298774910040829
-2.29305325640767,-2.60722320971236,-2.60454282458521,-1.45423710960298
1.53937241053001,1.24664806667622,3.44895619260912,2.61596638096707
-2.50481745597653,-4.9077203978968,-5.05239630119242,-0.769939317658876
-0.382799758607822,0.0844607275352198,2.15300221656041,0.233794878276249
-3.17514263431867,-3.43162237294288,-1.16767997808809,-0.0233883989266484
-0.386476661010845,-3.33303292493862,-2.15782906268635,-2.87675763572513
1.02509223124334,3.54483813527642,5.12389157941644,2.71772955476392
-1.71606868691768,-1.76513465619151,-0.307576246934817,0.76838785146069
0.139268869063677,-0.616617541551216,-0.0676948229359825,0.408655834565379
-2.46137111062679,-1.24800897089126,-0.685797777348752,-2.15351267838612
-1.44790757059932,1.84638933327759,1.38400150088478,0.0207799997124069
-0.832546015891935,1.06966322709155,0.39950517834655,2.14562363912654
2.14440405625367,0.588154418415331,0.047405074749411,-0.416817538670383
-2.0332634582163,-1.89588537718801,-3.14373191459381,-3.84513451007928
-3.99077738411792,-2.03464242402977,-1.61288438744214,0.968043691052489
-3.24867801587684,-2.29790379005694,-2.23674546233541,-1.01946689290287
0.503416092146522,-0.285423948545974,0.339431951729229,2.81277822874354
-0.352467255847047,-1.40957031675793,0.537102770520931,-0.582642461037039
-1.26084287323652,0.266043809150817,-1.04998782517787,-2.14150591891107
-3.06466775227192,-0.248672351098465,-0.0995038955424494,-0.644891896728499
-2.99420864365302,-1.37973424301068,0.239154838909201,-0.279139188156072
0.593784528704812,-0.419880819618476,1.48638269879815,2.0081414763253
-2.32158196497667,-2.78601777614807,0.485229922587137,-1.16694399952131
-1.27858195358477,-2.09507646065275,-1.95217222643483,-0.174422139903108
-1.61015571172685,-0.973024875663616,2.69205428560217,-1.85969599985347
-1.50975177251531,-0.341058857735959,0.114928653610101,1.24354816083673
1.34143469707933,1.61354199999875,0.600235110974239,3.62086885299407
-1.92891747015741,-2.54361934484253,-0.400717967583013,-1.27995784942534
-0.234243819666968,2.18863909297196,-1.41677103027524,-1.97788055069714
-2.75145405729513,-2.01134997181199,-0.433374504088792,0.27173217335787
-1.87390744307748,-4.94646984085667,-3.54587587238869,-3.34673327330811
-2.11988007090386,-2.76576803663169,-0.725407913090371,-1.22736488878597
-1.00431056958448,-3.1645486911697,-3.69877194405991,-2.11197431913107
-1.86721675754843,-1.73310395330653,0.672944318637367,0.0357701533506323
-1.56919378330886,1.30991562807204,-0.823539710475964,-1.44813366020927
-2.00854379279619,-4.13344293420489,-4.30124554235704,-1.86738555870341
-0.317982392355047,1.57410130862766,2.24817832142978,4.3463663457844
-0.687553475589201,-1.82262130590115,0.324145138918738,-3.21317667255593
-2.68305339482743,-2.37064761776654,-0.645068770830954,0.488160694859971
-0.34532674954569,0.0883996096315411,-1.12851109406307,0.330932731429712
-1.50509177568158,-1.15894270417727,0.398406618265395,0.401603468838562
-2.83475548050584,-4.42066607153591,-1.42487852670193,-2.18436936284472
-1.23152048684697,-1.67548718936924,-2.72000103354939,-2.37712729192894
1.49130094752282,0.927366114246083,-0.16453181382975,-1.22052615451816
-0.922685112703327,-0.270258450153737,0.979027049903717,1.03260205028749
-2.21612865380824,-1.94753409137379,-2.70976350715872,1.72385674959628
-2.8900720678319,-2.05684562305374,-2.53646192961122,-1.71133448536593
-0.94712129742785,-0.769322885541881,0.0734710251417739,-3.00374761186621
-0.893765785774016,0.501985983959346,1.06662582541182,1.33693589896291
-3.60559610363463,-3.41247223238215,-4.00554820270902,-1.98384793037929
-1.66315766676685,-3.50127444781343,-2.66035581652844,-3.58250507876771
-2.05890310003774,-1.06197001657789,-1.31062392284371,-1.36200505204902
-2.00443489865302,-1.03285610308869,-0.33110851394862,-1.39966334787547
-3.8126579217441,-2.04605759369598,-1.1654838617686,0.274023388687139
-2.02125584901606,-0.0477965870834003,0.290670293980052,-0.353572537625158
0.066833982063244,-1.38507047167013,0.410718298918147,-0.622793354575363
-2.4997165412642,-1.37359389084877,-1.62795978487921,0.149671024450543
-1.51878024978348,-0.167970408480517,1.52677277754517,0.604847299597664
-0.431945398522479,-0.532522947349507,0.442490372811612,-0.295485104868159
-2.08944375351784,-1.2658313956743,1.3666786959475,-0.439360807593927
-1.79274821646525,-2.62849769248129,-1.92927152053092,-1.67330670704678
-2.12597196584428,-2.02808861557063,-0.251346918892341,-2.76675266295555
1.04372859625565,-0.618375165938192,-1.08301896065597,-1.84621308853521
0.931782520031829,-0.90140104636009,0.995744912898116,-1.36256599398357
0.240928752742629,-1.42712890038233,-0.987837800996998,-0.438040386251344
-1.5527173917757,-0.506664135560356,-0.143140743000742,-0.285528373720366
-1.79835543951533,-1.83717615490622,-2.06409711662778,-1.84237218661991
-3.72719342581813,-3.1316412766108,-1.94596782773026,-4.47630220635323
-2.14863133072208,0.592657503748144,-3.25651981857723,-0.993166389397024
-1.02814660775871,1.32880238602826,2.7499811219115,2.44942788523575
-1.83927846392956,-1.52023437231889,0.871493003729317,-0.628530805479784
-0.907668679233288,-0.0846294930623497,3.48738957958901,3.9183015076431
-3.05443284098433,-0.0958039327128701,1.69988392043417,-0.518286313625324
-1.37523397313457,0.0283848546988892,-0.952714688944255,-1.83579717295507
0.277374741405797,0.220190402224335,0.820656076045786,0.468688271301061
-1.24332446663297,-1.80018174401215,-0.167297338725947,0.747118533901152
-2.68229078648363,-0.267865932355943,-0.33066958990297,-0.227395779830148
-3.53741900652079,-4.52193434340473,-5.48311407013236,-4.18114986518753
-0.38889774110695,0.187066289085191,1.11493465144396,1.64001746772635
-4.06706139746107,-4.86099674345097,-3.45763039348393,-4.32307074226046
-2.36292856512072,-0.336502941047579,-0.532626372170432,1.56554305258162
-0.657321343239647,0.566869921979499,-1.18493597608752,-2.06246834141696
-1.64886550388292,-1.89618635571722,-1.15851422331928,0.189498358903997
-3.69300371682311,-2.5896552581155,-2.36727544902472,-0.134542625913438
-1.02270024304739,-0.495328212232366,2.04672656937264,1.4775519236496
-2.02013057476283,-1.52920799650542,0.315034781139421,-0.282246917092784
-2.04254502396026,-0.134295241955669,-1.45085829273223,1.1543563990154
-3.3152342626724,-1.19782431562248,0.707674416006282,0.973632463362768
-2.5854041874787,-0.325976091589241,0.538960595170803,0.324094834160482
-2.14299453175886,-1.37156151472632,-1.541707301395,-1.12688006173746
-2.74381848263073,-0.12950884493836,-0.0247015445306009,0.724389939933737
-2.14307350015395,0.54235893227274,-0.225009752000918,-1.50625197248125
-4.2312453129743,-3.17286853989625,-2.8953837619687,-1.10885186877446
-5.27687395317808,-4.25518718985469,-1.32128989259932,-0.856757422054001
2.0940151150874,3.11207005232566,0.881367488667069,0.528543577998926
-0.966373319639687,-0.420232095543004,0.355815451814326,0.124568456975284
-1.18732676460218,-0.484891076019981,-1.83028399880274,-3.61990667884259
-3.27981030273816,-4.25499544388739,-1.63475849465734,-1.43207954250955
-2.92349195096023,-2.08841388917087,-1.05197570417506,-2.52963045236447
-1.51102478378007,-0.98620207033209,0.423180331782037,0.745584725020256
-3.32443439251742,-1.55323510797265,-0.0409870668112915,0.663800045548888
-2.11008628375864,0.24767737912522,0.757650472224372,-0.0915102216401791
-3.59887817810162,-3.42905976039531,-0.358642880713767,1.02589359164717
-2.99627056166981,-3.07423470933995,-1.94414206878043,-5.32744061123124
-2.04534738133907,-0.090391979454725,0.270719706453818,-1.04921710948836
-2.95672466703319,-3.79519906213961,-2.68452440584416,-0.262118529872842
-1.10556502419985,-1.19305516209859,-2.29612077098863,0.132035973850207
-4.27185715996705,0.161485207366505,2.60107383821443,0.657897989192698
-1.14137544780583,0.749811007516966,0.0979734548742697,0.470377725177852
-1.08505849093507,-2.09919791892333,-1.38203601644703,1.77811407761766
-0.364308110691312,-1.62639724844858,-0.592811446244213,-2.38483067852163
-1.85698590130738,-0.580229816502436,0.181466750687309,0.618763108874012
-0.401563155076779,-1.23808030697199,-0.124840980402044,-1.1547892743585
-2.3780902266297,-4.54520875253608,-4.05490115126144,-5.86174701470984
-3.50246845362068,-3.25729559839321,-0.175291634201735,1.58479939654459
-2.68146630976377,-0.790254616531632,-0.128025270390183,0.214985648090976
-3.00099640100742,-2.92692281490702,-2.80928987979848,0.333562612938062
-3.67449542687944,-0.816818128542011,0.168359088323426,0.202375451671348
-1.93719456498138,-2.43329985414139,-5.6295907523121,-2.37579610278812
-1.74910852280089,0.950357835010774,3.50554423771946,2.33275394380175
-1.20492211015098,-1.48466718945958,-0.393537059909819,0.796002519525796
-2.9233145317026,-0.437492654990025,0.644204899129595,2.66723036927956
-0.65392728523712,-0.55446228900135,-0.134911605853384,0.287280342383164
-2.5311162418586,-3.32631616467233,-4.42678311768764,-1.58590978069916
-3.46589967933935,-4.8988677917268,-1.39874622013533,0.17719959367079
-1.17432894597394,-0.490647439264173,-2.01290397503778,0.921407914694172
-4.43053540660312,-2.871977510185,-2.75065939876652,-2.85728663307413
-1.92938760171569,0.231599232767646,-1.87172493699618,-0.40866638747045
-0.38917914673526,-2.59324081115531,-2.36110885344474,-0.843989402171139
-2.03820774915429,0.238477644226202,-2.82887097025851,-1.65312877817007
-1.32068361917379,0.686956430407683,-0.124486314691064,-0.215431034634344
-2.6528175152603,-1.76224720944436,-2.05681429952446,0.995324668819733
-2.60640967783486,-0.96487481556843,-0.565636611479232,-0.311386394656739
-1.25707009856946,-1.43341576149948,-1.17420801625079,3.96268768150366
0.224570314852362,-1.23230537408105,-0.188891955755849,-1.61112387720653
-5.52383991821048,-1.98085653363159,0.297093590741608,1.07609611916352
-2.37859687287583,-2.14606053712687,-1.99916247963426,-0.890519448235604
-1.83480380202247,0.148704535898724,0.35417962273984,-1.99421822531329
-1.33676023727176,-1.72355166022347,0.709239771083356,0.453329355884193
-2.79108730189237,-0.955464258922968,-2.81652318200429,-1.09365305143118
0.195106091876483,1.70083777066032,1.84361710553107,1.30903601303099
-0.80814743026022,-0.638797001611368,0.0679841513991673,-1.09891580460791
-0.93015541247182,-1.46516443574914,-1.2807609762508,-0.911317169825412
-1.28105367274492,0.28468613575764,-1.43929800099265,-2.35388588041489
-2.9071446418444,-3.68940215187388,-0.861936592145159,-2.69941653962633
-2.4267748418985,-2.61168715560594,-0.547107596182734,-2.77535622727221
-2.7771174395062,-2.12642641092145,-3.53147216753133,-3.82544289515042
-2.55613543660672,-1.91418899751158,-3.14646563533279,-1.11974868596794
-2.90457339431251,-1.99773000703913,-0.24379302668385,-0.724492323782445
-2.50829539492759,-1.57797314699438,-1.85589739038185,-1.88460521324645
-2.58684948966913,-2.14988629420573,-0.905190868799072,0.545735135905785
0.446587581793114,-0.75166710024705,0.468748007049557,0.145800642763896
-5.32605828859189,-2.82028188369909,-0.765828485493443,2.75161633649147
-2.96115357346328,-1.90173476286986,-0.501417600451717,0.565104719455726
-1.52705771855332,-0.586544681765076,0.0598029611453053,1.33564519918053
-0.298399743283547,0.125731969517674,1.52260472705343,-0.489273095048482
-1.91557823460154,-1.34317696822855,-0.959779228624158,-0.482875385955672
-1.29828057496873,0.0538341100621027,0.539137245593153,2.02142096597661
-1.9648233467101,-1.43526750279719,0.423866910420804,0.49262135985818
-1.77053349491783,-1.42789706973984,1.50221895301356,1.39671677542174
-1.55214524038883,-2.41310048242498,-2.69326431316664,-1.20982147323186
-4.28645385538805,-4.54834463756237,-2.57513449640018,-1.98293463007882
-0.851329125630114,-0.618826644536439,-0.14265204928692,-2.48249409289084
-2.79311731605016,-0.627377058778587,-1.44283867533698,1.31672841259921
-1.41076192536086,-2.3579705645788,0.251227894252243,0.547707731390478
-2.34056415917727,-3.30744678988691,-0.297795305228422,0.0661903429393328
1.26568279372023,0.692323026623204,1.1290050803322,-0.0527807025761679
-1.88451058423424,1.86789018903732,1.60270562124092,0.843287004979342
-0.203348615379243,-1.10868836348854,1.46295445972615,1.09464362493109
-3.91851263357899,-3.05859306362384,-4.9992350127225,-0.678171036556016
-2.49039666423905,-1.15981068564861,-1.99179563065084,-3.06986989436242
-0.552940256563598,-1.08754835799617,-2.9475141475959,-1.87387497857341
-1.79480224179603,-4.20965440983533,-3.29303817627965,-0.58479378431414
-1.45752805423021,0.0944334376503734,0.51418316305513,0.425085570124773
-2.8407982292236,-1.0623966692905,-0.228440438008173,-0.17445283860712
-1.81922931398972,-1.07785991224177,-0.373504431177152,-2.37438893599102
-3.48684093254584,-2.70398349956106,-0.586820476716185,-1.83877881301031
-3.2557538875336,-1.98061402992212,-1.06363787689968,0.404241899096184
-2.6787032258222,-1.83052311371716,-0.797791219053169,0.293489141127125
-2.07643811954686,-1.55033460258366,1.47144642017939,0.866275184491071
-2.85431536034977,-4.53689745450312,-3.05927601300416,-2.30648169310384
1.94087129959225,-0.496775175176715,-1.80255838065216,1.36665896771234
-1.34834257310785,-2.27179430055094,-2.1491514458953,0.835819280705472
-1.03509865097299,-3.19569570901246,-3.23746572099211,-3.50852948158096
-1.10979516940576,0.229553321272199,2.71816856907912,2.10521680943137
-2.66338135464797,-0.718302462412782,-0.668185435563501,-0.286514197053973
-1.25775360882101,0.333491975018454,-1.82157522082385,-0.689721676207453
-3.47169162938844,-1.85980921184574,2.13179176193784,-0.827009815412272
0.625658870590661,-1.5001352028622,-1.20004064303896,-0.0243515302136038
-1.42634292700692,-3.15810094517352,-3.19391845986757,-3.28709826418813
-3.22032571623022,-2.50185848430154,-0.0441676585197315,2.08849543727142
-3.51454072964393,-1.13852208919591,0.568670999647022,0.302722523128478
-1.87836372636119,-2.54135031304638,0.00551041786396156,1.0219340277111
-2.10283787179274,-1.9116731536545,-3.35243764444083,-2.45194304664057
-0.785474116995784,-0.607980320834911,0.184448130278747,0.747112363540888
-2.12122991690656,-2.59425738607673,-2.09238043246334,-1.71772598500967
-1.24631901481501,-2.39405295642918,-1.63138158406999,-2.18299367520221
-2.82915606155729,-4.33283879613959,-5.54563133741704,-4.94918294832802
-0.443626521035509,0.62366388208086,1.62260828608466,1.87958781948317
-0.363158861493319,-0.997943294424045,-3.0606363825709,-2.08235029869863
-4.06142249227099,-3.7909009572591,-3.83891231260086,-3.38882497784178
-0.937017376850164,-1.68710380260102,-0.790978182382963,-1.45126049092938
-2.07909725491184,0.402911538795524,1.06727954868841,-0.977471101242035
-2.21603559394581,-2.32084455990568,0.11503968194585,0.116449345353884
-2.86962431941496,-0.525266358245233,-2.75411273422106,-3.68471148252255
-2.00408682403356,-0.562239470889634,1.04805758028409,-0.805815573555045
-2.96822341638745,-2.76460467273868,0.105767665669158,-2.09380848764064
-0.584452313561213,0.995045406713888,-0.525798876336372,-1.54772776901325
-1.15901261068624,-1.50922219162688,-0.865472203201972,-0.619036381364699
-4.43427402327899,-3.44222022691892,-3.3951779081514,-0.63634571414042
-3.77680966639519,-3.4456243830987,-2.76519738853138,-4.06163041935844
-3.09081711721027,-0.333359578040133,2.19964947155576,-1.14765290905845
0.657595807850405,1.27194254839051,0.459916822795334,0.660998200563457
-0.628225132504427,2.49851791374664,6.10059897290178,4.67265836040757
-1.87284268390388,0.413430406892609,1.76942546420884,4.52441403336586
1.72014250917421,0.0232545399246857,-0.369370196139729,0.579443148710579
-0.542778169791649,-0.944031975761609,1.09777615760076,-0.40678308670296
0.829652666727087,-0.0504320843094752,-1.01199462297387,-2.91584991317366
-0.834215075766749,-0.740121488419907,0.848523632514277,0.131530873843381
-1.04475454800236,-2.14910903754596,0.709499164206796,-2.10429416531352
-1.04756896027775,-2.33977976972703,-4.16125030844809,-4.715625126191
-2.80714369783778,-2.26265143814428,-3.24216212971572,-3.59869187708716
-3.3618768552828,-0.666705308859724,-0.585963699799939,-1.77131004404597
-3.84673498911757,-0.0503688029208104,0.0881282669362543,-1.60501831384091
-2.76376391133944,-1.82110109984877,0.530055007406832,0.926031172820189
-3.21485399730846,-3.3263067080114,-3.42263623831453,-2.80802306839057
0.34811513411917,-1.89002152585179,-1.09377537995399,-1.19583437979432
-2.21960205879946,-1.22488562583448,1.94747779480593,2.93483965580511
-3.01621433361263,-2.84511629254644,-1.76745965973842,1.54698270648294
-0.282470849102643,0.743639799127414,0.753316088729948,1.00182806058646
-2.99723699183347,-0.602228554921935,0.138335947008937,-0.308580633783583
-0.925696632971856,-2.4644881488805,-2.03791603961883,-2.19767344542853
-1.32444211449784,-1.78759783140661,-3.51573484771724,-0.742175350803682
-2.80659949268686,-1.05634371312623,-1.3540227279529,0.314448865892557
-4.27543650737434,0.296020245949336,0.966514871463181,-1.02578316130904
0.229355855834264,-0.968859312894101,-1.5782065518422,-2.34240101586955
-1.83971343628237,-1.86215352975601,-2.87907826421435,-2.38176314901817
-0.837612291923073,-1.48278849258641,-1.44541241168875,0.226772610345301
-0.307374734189405,2.1109227040817,1.05783715684076,-1.86034964467575
-2.24057862255598,-1.21488874754961,-4.04906549693184,-4.50432316353471
-2.45633472120561,-0.420439730352031,-1.63982487742042,0.295904973819138
-1.56868625240563,0.164969434805608,0.22562016263346,0.393887425713211
-3.13994607975249,-3.2611823184549,-0.725760905220384,1.22668491911411
-0.390198610624366,0.206087362643,-1.67801301265855,0.950932073727803
-2.40283615606701,-2.18351086006572,-0.976913759515964,-3.04314790025956
-4.6104451133558,-3.77662930836605,-2.92230987603023,-1.38806047864776
-1.53810853926091,1.51221989609956,2.606424622241,1.74422095319353
-1.76058308465023,-1.64384463421407,1.66239613454898,2.43285586176824
-5.15683986633399,-2.60400176884874,-0.794055957130366,-0.978451010283133
-2.36569757185552,-1.49764067471354,-0.411593501590777,0.494554252510799
-2.86441542806354,-2.68494698697138,0.0423669424758899,0.575349869851324
0.556429688204772,2.53158391269186,0.385029501324044,1.28500070193501
-4.11166439357262,-3.12941835764076,-1.3379836306193,-1.46571670527164
-2.73003330219483,-4.45921905911155,-2.23228322033982,-2.18204392081875
-2.12495630168302,-1.16659360166642,2.15546102428705,4.95487111023423
-1.75718946001536,-1.81630918971017,-1.89073907534135,-0.165298105691914
-3.03537078533266,-4.23516217908921,-2.33474494490209,-1.71983137719557
0.564372897504322,-0.691439871590663,0.6230339291576,-1.61590259838414
-0.393665833289748,-1.99044020580848,-0.527204343825495,-2.89256418787751
-3.18739323952762,-0.718902635975035,-0.299201801053414,-0.4868274382098
0.163712036208079,1.06840754368172,-1.11900036606818,-0.728096167651542
1.33943436724048,1.22770930859254,1.23281370769096,0.739748231936562
-0.53395122131224,-0.363414614536247,-1.17449531349616,-1.502710030444
-4.59512086354552,-2.69668372560207,-1.76463225186545,-5.03354992347817
-1.87934425194693,-2.27909259198722,-1.04018945086141,-2.58654533841343
-1.97731148653989,-0.370318434149107,-0.53127271017672,-1.84798545174559
-1.66646069944341,-1.74787196409294,0.688017796069094,0.98906623141235
-1.06842342308133,-2.99902644218616,-1.47850697326516,-0.427661437001945
-3.64026394984065,-1.63743591892264,-1.46600587004538,-0.835066018481064
-1.47999203609528,0.379606885207128,-0.101539801340738,-0.902135490390394
-2.05812601177107,-1.47704172872563,-1.54969946576378,-3.47222202048222
-0.517689315630237,-1.06800285633133,0.640356276637661,1.22481270345879
-1.75018577210804,-1.6438616587449,-1.0224749033095,-0.885749037244837
-0.308956421790119,0.344985698478033,2.33007454421107,1.67009605138857
-2.71727611067259,-2.64480620910732,-0.675830550667109,-1.80068753722003
-0.011594336478093,-2.69764099081896,-0.424635644899419,-1.32769874447742
2.12015164013909,0.584026976231686,0.0853648405732148,-0.906066278717215
-2.02656159375079,-1.97138059702851,-2.96089814832166,-1.92787318916641
-1.86362188416551,-0.701161941572814,1.26950404474375,1.04274931939022
-2.7218901888079,0.520300274062533,1.19828256640715,-1.20572060670248
-1.85432137974989,-1.98798495499047,0.28083236589553,0.279067804573519
-0.628122984532341,-0.398719860421913,3.1003226881597,3.07941501814737
-1.29429200660109,-2.47107055738641,-0.338924729178053,0.130301678640184
-2.12433700183924,-0.989461426811368,0.607674155090464,1.81737860954617
-2.58493665043257,-0.667162904594616,-0.820117692451381,-2.06632549672281
0.224259644206894,0.617043463243069,1.56834329706387,1.19463930141999
-2.58278306832443,-4.17126523009014,-2.36359307001756,0.300586738935336
-0.100437913114286,-0.946836194215014,-0.626929973264015,-1.09249481532499
-1.80279633580512,-1.49739969215515,-1.69120228236506,0.667749025775961
-2.56902038941803,-1.49335831151518,1.43761749360887,0.491082567382552
-2.1877537150679,0.851788830251782,0.372515883433547,-0.197205518282499
-0.376225854800664,0.308694380282161,1.15688228888398,2.35258764424
0.723603828988038,-0.260623544779275,-0.359210229437439,-0.0489909774442795
-2.87920884265635,-1.60430271775102,-2.49626991525553,-3.29481150707637
-1.50839268063904,-1.16827620780814,-1.09362050330149,-0.910517568080018
-0.114022034290008,2.04557463924329,1.29347909904669,0.466233368018747
-1.94782363698724,-1.67614403847599,-2.76690877324734,0.345505756989359
-2.28429595453695,-0.955776367763712,-1.6805745436674,-0.964734656003035
-0.824039882942352,0.243257794535796,-0.230750845738342,-1.31204623061302
-2.03267701673617,-1.34958704794672,-2.09771388323271,-0.572818803929363
-2.72088625470326,-3.90083510467601,-2.70829706400818,-2.4289247572828
-4.84951780062466,-0.335941973390408,0.637317579584921,2.06264597650881
-0.282944248955058,0.973817956385853,1.98996254932607,0.879608962357869
-0.86998861126523,1.20715071398847,0.850410465741532,2.00093176998533
-2.57893699398662,-1.10343404249191,0.798893153431715,1.15128653085694
-2.48376607205756,-2.30238952298588,-0.413346303996839,-0.264450658493313
-0.31135909325591,0.407231522098122,-0.1920849061888,0.878850497098285
-3.01561278026987,-1.14648170249648,-1.59436353252595,-1.02199059257108
-0.224424517937415,0.662972162996008,0.0745027611623793,1.61011379753386
-3.11854324238889,-1.73991736282865,0.32452736071389,0.505073762317898
-0.105457607739219,-1.56072622824713,-0.739153978911501,0.54604756483481
-2.32703937862825,-1.48229828221512,2.22064020624517,2.96025053035177
-0.422936753931739,0.0117217667995871,1.23730281970952,1.18071968543241
-0.395738991172909,-1.60951066155457,-1.18975369161828,-2.56117608098051
-0.409714050034061,1.16573594854781,1.64912480076853,-0.382059969194684
-1.85547854857616,-0.176519148575415,-1.26924502418186,-0.965156633201437
-3.71076255556783,-2.61225280699956,-3.44473160928747,-3.27434183128192
-2.92493817278911,-1.41315121598527,3.61725327131421,2.61230588187871
1.78235302212717,0.415959622594555,-0.183582521264556,-0.849512202433317
-1.94220885076589,-2.02577578653474,1.03222920377704,1.21663982336236
-0.275240252270701,0.978413200358173,-0.171637999463145,0.872051582738942
-1.18800658505824,0.460119933509474,0.746879455163884,-2.43953445590579
-3.94793247338675,-1.87993639142209,-1.14998024747013,-1.0444376385943
-0.557741546971386,0.65814291759941,-0.631133174845465,0.325696155946032
0.265368940482169,-1.08947599518798,-0.910810138416721,-0.322532197118944
-2.22817086683352,-0.456714923899223,1.18281115334633,-0.493536869809086
-1.1864463576259,1.08265352264754,-3.59292265683509,-2.50062475510528
-1.33578927501105,-2.79999831265814,-0.996811642434433,-2.2391559587528
-3.94528296800488,-2.75937967400176,-1.64896719420621,-0.0332282125138451
-0.931953734426276,-1.27851428693575,-2.26606457321692,-3.78379512445479
-1.42961020472714,-1.62886692590546,-0.888981407351208,-2.33383412889355
0.523946083160216,-2.48333571320992,-0.892956662609963,-1.16821958017323
-2.74953709918857,-0.191555829263375,0.780204837445604,2.21060809244339
-4.4140586069217,-3.55125703909619,-1.25014220687044,-1.75327808026701
-4.54384895610818,1.99232331543881,2.12045902100072,-1.93276182256511
-0.891947242861281,1.13098883750884,-1.22194326680658,-0.515329960096859
-2.10032200287277,-2.11951445456282,-2.40847714442151,-1.56635674368128
-1.42516686577206,-1.11148375567241,-1.50989975089541,-4.56939039410194
-1.1710672029388,0.376689335820059,-1.43571893669217,0.680351814065276
-1.22428664399112,-0.474724026067685,0.189763096789163,0.561894643287099
-1.22903724608082,-0.487419212317053,-2.67626669553076,-2.95953386002541
-2.20809204413825,-0.0408959722510318,0.307905875277787,0.918226226105704
-2.03978701696186,-2.1527287658435,-3.187478677839,-0.13408594219817
-3.15750341618438,-3.06328231244353,-0.356295067498368,-0.456410559587395
-1.57851073560555,-1.67726164862194,-0.500505121393104,-0.123521288003701
-2.16055548674845,-0.955981656202775,-0.687061997525492,-0.632703648440096
-3.34352616888822,-0.47124797791466,1.3336146089427,1.19016517525491
-0.983215045746201,0.936563686432526,1.14780901335,3.51368401372329
-1.53792895856256,-2.74804897174529,2.13684309769041,1.08548233561798
-2.67226182220012,-2.13831605537525,-1.87151679032117,-2.70598757354179
-3.48667029038401,-2.40925754290589,-0.21371625624999,1.13501220726918
-1.98681042739774,-0.496823210417548,-1.87508258249694,0.25061326117152
-1.14313913981978,0.682372416201749,0.542327227240804,-1.14043204134639
-2.11093237035265,-1.49769396717212,-0.12598905747682,-1.10412632802687
-1.00901087802583,-1.9154711628721,-0.586346934395679,-0.969497792839557
-2.53733394535233,-2.23181546831248,-2.7579095167431,1.0116979391993
-1.54908354462057,-0.363995394049885,0.0331977846776609,-0.981735804941008
-2.39927443443014,-1.55148447276307,-0.392740142906154,-0.271467735850496
-2.29777407291435,-0.696657314945932,1.00177410558292,1.84217437494913
1.00957134957331,0.985525863803232,0.951485823671876,0.400899662897585
-0.0638743503550345,1.27014823413486,-0.368570137437012,1.63468797753802
0.154747568002998,0.543875651588416,-3.01916365208052,-2.32532219446627
-0.608051041922215,1.8933564335294,2.13648614615989,3.48552698368166
-1.95734713924741,-1.99122038853862,-2.99916514134862,-1.63953304799322
-1.27641214392009,0.58571388677444,2.45235811155253,1.58643903156392
-2.61414773196358,0.322561240578882,1.27341128925959,1.01380688508898
-2.98100975977204,-2.32335473845794,-0.904735843269866,-0.278060972255915
-2.97811969939215,-0.635059649707185,-0.985290087200698,-0.255864593225224
-1.51399455619261,-1.44286465582095,-1.81049372646575,-1.27246782252468
-3.00060564651468,-0.340172826306775,1.27714269949862,-0.290257197665571
-2.51852439244659,-0.493561902703819,0.936647583691821,-0.0107130786185941
-5.2458754561079,-2.53079352172354,-1.83304446639286,0.10833462878971
1.52451616649156,-0.925786819438267,-0.286473651827821,-3.68012661295179
-0.801013603655174,-1.13379162826278,-0.673749562996343,0.0329623424914076
-1.56277671925932,-0.73479102181409,-0.5158961293928,-0.0843373146568003
-0.921046474529807,-0.034912635969578,-1.03124522232367,-2.35259735980131
-1.88232978039144,-3.85074267592283,-1.22253699806069,0.963449392462546
-2.93008718402538,-3.84471978607966,-0.975228287490003,-1.68828946858451
-1.19206983192664,-1.46152439176358,-2.79258550037454,-0.768080274751016
-2.66541118545769,-1.64798327205717,-4.34858400743994,-4.90657283765691
-0.800960786879456,0.248850533677641,1.36713052032221,3.99098291656927
-4.96332369104421,-5.41475393359913,-5.40155364314577,-3.8801489473036
-3.14904740349354,-3.81773171875878,-3.83209265990259,-3.84584649951504
0.476668285375726,-0.661134508051161,-1.91512785417934,0.428694899366067
-3.23423770214059,-4.04744559276176,-2.37015493997037,-2.85311545913066
-2.43726094091837,-0.360164181085762,1.49363114431048,0.44087267499436
-0.117069063080311,-1.97838990718519,-1.58064562870021,-1.60401981268938
0.159599584247846,-1.22432420505682,1.52099107538698,1.9671221833083
-2.55674214446055,-1.14579692699472,-3.69766350993209,-3.26254502158719
-2.2175774998105,-1.73784527155599,-0.239160789338737,-1.03976961500797
-3.8957862862204,-0.297410480971226,0.756427235469722,0.738305912464057
-1.0195909981098,0.153057976224202,0.957273650376318,-0.221883422788544
0.637873258500702,-1.13778264934551,-0.900233878263509,-3.51554193726011
-2.47976501869429,-0.760565773533925,-2.31837265092491,-4.28878878961925
-3.67943592357746,-2.32961580436484,-2.56095056894147,-4.34571034806187
-3.11524355069777,-2.69815164494465,-3.47644929315472,-2.50913167751675
-1.65396274450758,-0.865972870228506,-0.852309902948927,-2.52213597472798
-5.28660837760331,-5.57344491250113,-2.53159386837989,-1.24592166602077
-4.14484584185777,-0.861258432897257,-1.48784344692886,-0.725945810329423
-2.99949522345572,-2.83792319649043,-2.31738557296106,-2.92177285684067
-2.34731807927734,-0.28660902406458,0.70268774192531,0.892408171224721
-1.21015470609352,-3.40522178268193,-2.29816346460244,-4.20619260489061
-1.35891972047085,-2.68853481004085,-1.232780597592,-0.632793295831109
-2.86612808978404,-2.14516527787887,0.128937378539311,-0.7503296019552
-2.75560210986148,-1.46634396459906,-1.61040825444817,-0.623534512358481
-0.248595288609286,0.184690323177337,-0.699245431410087,-2.35545370321162
-2.3765906923244,-2.78793335611616,-2.77987087210845,-5.16554715686978
-3.43346834062557,-2.63162106434691,-1.13227721760222,-1.30312894160934
-1.56914969681372,-2.01783448459727,-1.42089426371944,-2.07600964164522
-1.84948033063014,-2.95981728246942,-2.65910358154193,-1.33241105663459
-2.17599019408742,-2.61125225101639,-2.62905010941941,-2.64192574438275
-2.9559454085381,-2.49115566020069,-1.2899874280507,-3.0205168220584
-1.75907242745765,1.99404093443712,0.315587200298645,1.55631626795138
-0.811096512585125,-0.393453591913644,-0.587111231596193,-2.63673913487479
-1.35189399185519,-1.19194904704161,-0.350794440359296,-4.09561644519944
-2.66629078326262,-3.21329450569742,-1.0170069888223,-0.543470701541197
-1.3123404089199,0.00998937748319129,-0.991191531451525,-0.238193548044926
-0.324496886984118,-0.289393293324026,1.57547515487662,0.452908553170442
-1.99013639862029,0.846609714584128,-0.512720540631756,0.602321761207615
-2.44576335720705,-2.55428084140397,-3.54874309485247,-1.64094097956335
0.309877635252583,3.79690795858875,3.12955898677733,1.72431978288245
