"V1","V2","V3","V4"
3.06407374201121,1.93316101663809,1.951530616782,-0.268333446208342
3.15013540720607,3.57716775171514,2.36202755161262,4.62255901688817
1.68157006767869,-0.552613356039162,0.962217919554196,-0.0740760981491996
1.07636290901513,0.303228751464741,-0.516503111716402,0.31436322083238
-0.0449241081241543,0.250711538379129,0.457223751036421,-0.653541202154041
-0.0922228868191645,0.506872229734532,-1.35726123679459,-1.28781030974115
0.903228632989665,2.50909253064415,2.35133380810553,3.54611470746417
0.756035284322146,1.12023342170566,2.56706911295625,2.07837142182526
0.899067583798842,-0.922767453183226,-0.776795924713121,-0.487492239504954
2.00091098925887,1.76310488107082,1.87055279608258,0.592557696866227
-1.17703849013597,-1.81812665019214,-0.125799354216861,-0.774893215451687
-0.134317143790592,-1.18894342605618,0.376311105472907,1.70834982373996
-0.324610634961773,-1.71665457231378,-0.763654410485525,1.39239063597818
-0.373061128319575,-0.588405131865564,-0.698683097667114,-0.584711885208917
0.314379521938499,1.77372275762583,2.05304418565412,1.05878501685128
-0.0735747527060795,1.0676280333426,-0.805858951852907,-1.21195147209487
-1.19937418631661,0.138062885531275,-1.00614112495197,0.743312111254173
1.8335934134386,1.21317487287807,1.58116269387524,0.945473930242158
0.103965649339738,-2.23122219549196,-1.84367512603664,-0.539157718948293
-1.16965755954412,-1.23628214208837,-1.26485003415641,-1.32734163428576
0.0566036444626249,-1.08881625853953,-1.40858555190009,-0.464119191281804
-0.364327451249132,-1.11045174994752,-0.352420247602016,-0.693694788101205
-0.0935502774993464,-1.14928036995685,-0.514316371528276,-0.984800658852837
0.664758526316929,-0.878847816465313,-1.9026627218829,-1.57298001339451
1.34125556162101,1.82776798275999,1.44846523392071,0.668643327133738
-0.00908267229026408,-0.777448546274362,-0.170224738237585,0.399743804021022
1.30036661526933,1.2533443143904,1.60359730146969,-0.90994267506194
-0.118220946942418,-0.673399684074513,-1.96412549729727,-1.0404890021384
0.859089405438281,1.96613223322841,1.29306973330492,0.433155322594281
0.866039370426844,3.99123804598923,0.338990705368193,0.410323187741156
2.20746542632885,0.922072064182,1.11116525108563,1.69388000858444
0.929203544899591,1.12688005762795,-0.842123340378501,-1.74272554644491
-0.0344105748655842,0.379303421227796,0.0139776032424603,0.603166206788264
-1.06720268928556,-2.76219634289582,-1.50334261216489,-1.5033345871132
0.638760824448844,-0.939637883780675,-1.95074551384218,-0.483182146891899
-1.07561702049822,0.700047860686241,0.50347604687123,-0.246245389214473
-0.196744444456224,0.740111504811189,0.819478225711595,1.32974413733965
0.811921355744814,1.03324938651377,-1.4335824228607,-1.62724118518477
-0.178207808530678,-1.31219221055751,-1.04559828185442,0.792070223965818
0.129445228493637,0.399669750366096,0.16540317440084,0.858221369184306
-3.48214244963768,-2.14758519047385,-1.5471478316404,-0.0201487444228647
1.14048468109371,0.0664232696981601,1.45549473752772,3.34223004250878
2.06715701977039,1.41757350027663,2.49871673407418,0.48246229927991
0.246668149259598,-0.708932098884166,1.07666781843154,1.32095367205238
0.699406173024226,-1.53448511114777,-2.5315568565258,-0.600266247466869
-0.330008320035884,-0.504256297136367,-0.485365119338313,-2.38837039035631
0.791793615194292,0.18050188998391,1.72711294486398,1.34467561772972
1.38985469676529,1.18026102512516,0.126711196860851,0.343373293301147
-1.479413694313,-0.0435045970886311,-0.197331937843433,-0.145858930440445
0.209012154575225,-1.11453096488589,-0.935957042771133,-0.378096977858926
0.656658300145421,0.563631637731629,0.712268632576809,0.654703656482678
0.358397056924406,-1.64997503893858,-1.67807930686828,-1.2175508031316
0.0862390012339147,2.52372699497929,2.92744795480825,1.79700052573882
0.21052786572008,0.313797705079289,-1.03723825566111,-0.561489358195396
-1.16036262442633,-0.283576205299067,0.134827607667025,0.19860160518358
-0.583766129018626,1.59097361923907,-1.33223366354625,0.15063325867034
1.29944787059319,1.32657057624923,-0.436069648331506,1.58659124194746
-0.836228397829766,-1.16077197599024,-3.14892346740721,-4.14325704535472
0.930408485962809,1.09500764962784,0.982651601958191,-0.726566176356471
0.73523221421785,-1.40559169868699,-0.384257967327955,0.92321262174902
0.548140853880251,0.639917041001253,2.21512026555395,2.81148797804104
1.54381676799246,0.722032746930873,1.25966301510654,1.40708129326042
0.64780456385242,0.803116754884218,0.721769309913629,0.385951739618144
-2.19728012148326,-0.31697803504296,-1.26917954198673,-1.6394744869297
1.76820248969408,1.9662654500618,1.64478773507821,1.16340983090715
0.113060533581699,0.248450454806335,0.856081365880702,0.0996347152650581
3.17744794315286,3.98231805620274,2.82102880717418,2.55303594959084
0.963165567377986,0.599337149121077,1.39368926395026,1.10044381587431
-0.0468007441117581,0.378887892932792,0.879870996181103,-0.408511887032521
0.740864614757018,-0.287097395930265,-0.863721842125142,-1.45295992546358
2.22120416258046,2.55038819731454,1.37791374642663,0.147159900243789
1.25238854838323,2.25903678546068,2.01419323383338,0.511365909962124
2.87536480415569,1.31563236921137,-0.248638902948804,-0.304773943233554
-1.3093337913262,-1.51505847594994,-1.09385300447568,-0.818915481419576
0.804328191544383,-0.11936098248702,0.0260950062598016,-1.68313225524672
-1.11004366886762,-2.11552233661918,-1.93347914242208,-1.89067423405088
-0.750449236914135,-0.28574312642934,0.88071657051857,-0.17391978874009
1.06434587405519,0.299519908192067,-0.34067038072958,0.729264015027387
1.09527008214736,1.56266790665902,-0.55399260980362,0.299104003034727
1.39578515742683,0.0924092071612774,-0.328995838523296,-0.85815678563628
0.00940828459914267,-0.308196517595466,-0.188349122635589,0.0772714758060469
0.80351043563183,-0.0824643626601207,0.30755416127954,-0.395783338842666
2.31463669950188,3.32284501374479,0.203955094916434,-0.0910670319079744
-1.33346794271908,-1.32380769195563,-1.84840958203911,-1.1685821111757
0.0313518534794194,-0.400277172862985,-0.000314191216651938,0.976489307229849
0.910333203891313,0.240379743277801,0.913323527833447,-0.717672142838721
3.04308636857088,2.16096378583342,2.15389427817079,0.599523475252235
0.232196585823361,-0.691907649523483,-1.11463332019712,-0.379300818275952
-0.140391724044447,0.462309751980018,0.205720672273183,-0.365029661755324
-0.517854479311589,0.45025405283001,-0.637285994854085,-1.64590994219153
-0.00151219453085222,-0.676588705634792,-1.03786544680756,-2.41955705496281
0.789368665699167,1.51297625587822,-1.48804200307827,-0.0799128806247715
-0.752779654326552,1.44483775277622,-0.198655024467273,-0.874083690093901
0.935825817105581,0.944641640432848,0.796048225190186,-1.12507904768685
1.37041226303456,1.17369446517684,1.86848857851594,0.182742456917753
-1.36398823466479,-3.3602513796106,-2.70480995174514,-2.79627666702695
1.75832318149793,2.64116188015165,0.517583385676069,-1.21172629733507
2.0968656449297,0.824672617142516,1.34113776346429,1.06802940223079
0.304203016911851,1.49711674729534,2.94928481733531,2.6442714944777
1.81633504767455,0.24881322338773,2.25108002800939,1.50091748519081
-0.905617255922929,-1.63074794957269,2.09044985131177,4.13968590710366
3.37269745648397,0.605313546749645,0.653823347792491,-0.461424375949086
0.384195840737404,-0.0300517729320839,-0.918497898685745,-2.54878077805713
0.672369767344648,1.08506378648528,-0.427153522410894,0.11631632598475
-0.125556800578797,0.506452077163685,-0.0734573205885611,0.40633689055537
0.432333594910117,-1.04915989733622,-0.175229036573002,0.547093144091477
-1.0357649968034,-1.49039210254674,0.600377299101825,3.62211368616708
2.07951783148113,0.365678594776343,0.315172187861337,-0.495820482058181
0.334266357005533,0.134471449776557,0.31489487099014,-0.459395350389646
-0.363742677371381,-0.873733030024948,-1.64413137725645,-1.61293506356416
2.32536645702938,1.62309655708586,0.511404209681249,-0.399011468005942
0.319588260140082,0.967715818304428,1.62624122729865,-1.05678449795911
1.90051906159082,0.43957130594099,-1.72042732098453,-0.666719703231648
3.10020803773463,1.13464556902477,0.395572238196826,0.946072187295206
1.21016762108082,-0.51122676719397,-0.481140877930535,-1.66457442329419
-1.43905747401468,-0.176763405230099,-0.391250676445477,-1.41270267796769
1.19340584243135,1.21270555360139,0.88829291336077,0.583540312695114
-1.28688959808888,0.0396197456098979,0.230596412012615,-1.4961920674552
-1.0495468734697,-0.0239573617286868,-1.16772929696949,0.279944551062071
1.41519288505726,1.87314737656096,0.656639658347827,0.272588019681789
0.444663033098226,1.42969168196247,-0.153172660451074,0.922113465829949
-1.64589473288164,-1.53664462680379,1.09258323245775,-0.341819761356401
-0.855551399658946,0.666327405595257,1.79528585138104,0.718353229113392
-0.121257885776398,0.142707874087508,0.0846863305492155,0.76439360063696
-0.624769185399725,-1.79336700460691,-1.86681999186238,-1.41787663817737
0.493848864011641,-1.31223405620532,-0.610988241576792,-0.742856523330776
0.412289545668857,-0.170124008464478,-0.0113805534072629,1.49963853701543
2.11721939797858,2.09829052992289,0.721848232894675,-1.47846371191335
2.63569485879045,0.789532446028427,0.967860793342963,0.58683831927213
2.02951462557376,1.72349092467305,0.477766362545238,-1.33106908878009
1.77356186738246,0.52079559205636,-0.0888697135788679,-2.96399143427848
0.833132160108743,0.832646245840597,0.934584438924324,0.971520048603725
1.81458706428569,1.28200928489322,1.93892715694713,2.57910168236158
-0.936062374917468,-0.397959753662615,-0.598384576552293,-0.720947667934819
1.53359599402791,0.643579202691678,1.97575474681433,1.08436857275063
-0.670668847414227,1.88341186676293,1.31715252214046,1.48390801782259
-0.551126888892176,0.211446630908306,-0.671180961188307,-0.145210655256095
1.54894480638162,1.1885947731678,0.983239360214198,-1.28104854424944
0.290923539948138,0.99314605157864,0.302840686566438,0.0975665897575738
0.207504106072153,1.03954855396933,0.283338876498469,-0.12054799771485
1.91682429028729,1.15996750472295,2.04380737007646,0.0572177656323825
1.12581688855916,2.21482486543884,2.0651031219933,1.40375651529276
-0.952363743651489,-0.94961537103284,-2.15107925309316,-1.82383481142308
1.16463083802765,0.831449835963232,0.754644257200572,1.065780052023
1.54435378823415,1.58407386583112,0.373490182870304,-0.019375736182437
0.157544060926202,-0.920574935186604,-1.66303738001999,-2.28809833469152
1.24614418716309,1.63132176229367,1.86281863198035,1.71361154728281
0.657061601028468,0.0364970434362533,-0.801540989062812,-2.10325493869219
-0.559342634235007,1.16249383174428,0.400255339575542,-0.308143281476241
1.27102583534506,0.243345974559305,0.0778517983522391,1.06366075192021
-0.745899462077077,-1.11693865260394,1.40807390704543,1.07896824262053
0.81245224936331,0.969402787411563,-0.155354790251959,-1.93133609162147
-1.08122886748227,-2.07909571090961,-2.47129521546358,-3.4663228824602
-0.120875486373883,-0.988932254475372,-1.74124557089021,0.289058334132253
0.727971805907553,0.0487768684114605,0.744810231796885,1.68281692499727
0.764890794979378,-0.385420848708159,0.442569763727313,0.713642311929817
0.499721501982891,2.43815170890135,0.689351144929129,-0.0182035506228275
-0.590016360313274,-1.82301682266487,-1.89330346286125,-0.248981133182769
-1.40072037175997,-0.154376882369652,-0.131577612497833,1.57386339186851
-1.50791141094984,0.859820167760754,1.56852199736032,1.9332017101916
-0.999493297871848,0.264337929456758,0.519325061488915,-1.88210317703379
0.22137366288411,-2.63692220947286,-2.00179929882981,-0.948276978993475
-0.509051128331943,0.0840758953928876,-0.506628804632904,-0.294181222544314
0.167842704703722,-2.37142170778871,-2.31415956287049,-2.73597344184051
-0.191015800456508,-0.182553038653833,-0.0716918349515033,-0.692764232844291
1.31505049250957,2.22918180188924,0.185632327711333,0.891266829912718
3.45376629105288,3.37432283469578,4.86637736689004,3.22429983493776
0.93223513726306,-0.294735011014151,-1.55270657653958,-1.42977991153928
-0.169410488957233,-0.375292281966074,2.00409500142343,2.08620185523001
0.979201264838507,1.69455155986177,1.66812803759518,1.49706805613715
-0.371569758606403,-1.23669897434318,-2.09331640669096,-2.40413835889151
1.39505300982593,1.52116530833165,0.179709547034945,-0.425296177346172
0.843152987692354,2.27350449620063,0.516580595670945,2.63665680759899
-0.39151391769016,-1.76201998261608,-0.437703551282566,-0.786728458364801
-0.323820444609203,-0.368789702600864,-0.934698638106963,-2.75451746909901
-0.836676055697954,-0.550855043014258,-0.113142371484594,0.55593909914104
-0.637042757076563,0.70330418901418,-0.771995502204198,-0.842685790825591
-0.241263461552743,-0.726036890511625,-1.63785321382488,-1.64665159367157
0.0267781321297496,-0.360228922887897,-2.71303548870351,-2.938559209595
3.26582294623443,1.35634790822359,1.41977047233619,-0.105514223201374
1.03391484303375,3.38788224472422,2.98794066682313,1.69025823846932
1.11050752820492,-0.650402530900212,0.122452761819087,1.46560080263591
-0.51874831698641,-0.143214512485932,-0.646346183672988,0.202867958630469
1.18683181076827,1.35377026984954,2.02608946168167,1.31740103363564
-0.108817632269228,0.235030122325266,0.00402043415534903,-1.05682566532527
1.67395449321046,0.659348042819856,-0.672228170099647,-0.290520088562906
1.05909616060022,0.39563627227531,0.0849329054435594,0.00533299470969983
0.501788548061355,1.38323685568283,-0.637031709771465,-0.644819299239789
-0.295767746880926,1.26094941456483,0.387740795081384,1.40356596275152
1.79612415407293,-0.00341220010773502,0.457354073555127,0.527799242295678
-0.312679351673326,-0.138497273035992,0.322691381260719,-0.829928424451261
-0.549837166835009,0.968471092968046,2.59856105539898,4.74987537212461
0.737104855579798,0.846994870696663,1.60839108994435,1.7052688861822
1.75892760959155,1.41446067499521,1.0875656554641,-0.455441253721254
0.0150754723143728,-0.878186834080838,-0.556393990242281,-0.3495854428849
-0.141874562194174,-0.25559707963536,-0.674635307889263,-1.23887957661256
-0.199161865885536,0.261009185920529,-0.730911431517948,-0.989695281650833
1.11863886014463,0.620563680306925,3.64231995641268,-0.773652082193729
1.72387813663188,2.35116923656791,0.385109718534393,0.352851192842548
4.4238850740911,2.75317254925239,2.26960752821236,3.03674035718119
-0.659371793535941,-2.20259495587226,-2.33966734480407,-1.77479672440491
2.25766243439323,0.505642835975674,1.92745328452344,2.35432476771132
1.3205449104448,0.790028127040574,2.07350152183637,0.337672856204769
1.73765494669135,1.95088576042267,2.83350391768162,1.79154330083894
3.09779364916458,0.888558277604037,0.127671783902516,-0.156667365923325
-0.31904712025219,-0.460278649904296,-2.22531218577967,-2.13524462898037
-1.36632733332828,-0.52895231295867,-0.259088267960205,-0.288488253748247
0.858550061331041,0.992918483210328,1.74036050656185,2.3825825257458
0.0636337532658976,-0.856905694840072,1.37770094211867,-0.0485990166145965
1.88484022785229,1.20000317781644,0.33277593592762,0.682253317523792
1.68665788942468,1.19892314170608,0.122969292583876,-0.953415628192399
0.13900289048413,0.413106998633451,-0.651959874697531,-3.94136541004049
-0.968126199983525,-3.46672730547001,-2.82254103682858,-3.56311596247183
0.0643106293307526,-0.631020315257468,0.620812488021538,2.15068319058195
0.963102673244962,0.743674364651493,-1.00877509167825,-0.629146947375103
2.78422086195232,1.93490480404278,1.92393569698143,1.96198477607237
0.393462852963225,0.457777169078684,0.761178572514831,1.936528137866
2.51352620133238,1.57927860339661,-0.498581469932577,-0.027407063386621
-0.256337931965536,-0.905844537262204,-0.586694885500251,0.22399218128311
0.11321994383178,0.621925452137601,0.2735394353092,-0.48505625188128
-0.515152412845103,-1.07581731479475,-1.4682858690476,-1.43354830607359
1.78445453895841,1.71785690166805,0.609046491663459,1.55361407603762
0.823820218939714,-0.407977307572048,0.37000079057422,0.15970853171619
1.72504810016105,-0.044201175780598,-0.144279937730299,-1.08000048081348
1.08676329692466,0.0964794008378937,1.23771450753349,1.69099271679453
-0.691598683579775,-1.7606275797872,-0.615679610952668,1.48893670807712
0.165863067278559,0.533570534281601,1.90545742298289,2.35694913439338
1.54017281414748,-0.612046691364524,-1.15670830675771,1.29491548357394
-1.22433677806415,-0.468370251450931,-0.866975890595816,-2.3262145524748
-0.31658905956083,-1.87088143276752,-1.27858924104006,-1.71579702268486
1.42069316156071,1.09884491813241,-0.360738579893947,-1.02102474576345
1.58309671202523,1.70403646448219,1.1421563252204,2.14537758718969
0.165612554085462,-0.261162221792886,1.14088024196115,2.13922735294294
1.39707848232835,0.860088800620604,2.47926948419938,0.367710140099097
-0.622637089126089,0.480344391336473,-0.326442508815856,-0.690987258326617
2.75566501022487,0.320435275326713,-0.128568682384096,1.17948235303147
2.46915403628779,0.663596772850311,1.18322023029886,0.567712259477525
0.526549384279901,0.908819594796338,0.899328194456014,1.18923974828942
2.88176347658571,1.26189997244302,-1.71394364758102,-0.50764530295285
-1.56628106799835,-0.970167381367329,0.699208311962017,1.46542603331369
0.536090909093736,-1.66700621927784,-0.632748349651331,-0.318522492161832
0.0539970054382554,3.49742282582471,2.68069696814682,1.35446262915037
-1.28993612472171,-0.595396602701361,-1.36210459287906,-3.73920759506687
0.960834436581856,-0.166749375130465,-1.567286651395,-2.8698659113211
2.05070992374328,1.98302381021969,2.3212516001752,1.22639525107182
1.90541835675329,4.11741503888469,4.22041962687396,2.08263088163549
1.60950989643978,0.0252868229707882,-0.867088580902772,-1.71415050500699
1.04844514603196,1.82486436824892,1.7921912939332,-0.273181809953163
1.0970870268732,1.23894578388816,1.96072553980463,2.35321831838773
-0.220248149767665,-2.22886608037321,-0.701933982332839,-1.84426631621483
1.7686419931496,0.295836640573123,-0.0814994835528265,0.61420124012499
-0.249821768193879,-0.680224467411501,-1.13449243158988,-0.753589848493019
0.268587997127846,-0.156965506910892,-0.0563157424828033,-0.231700334845583
1.39711101602726,0.502620404653506,-0.546010532717276,-0.54336698496385
0.455408016317854,-0.381243771412997,-0.560524965472222,-0.476352101274084
1.23631689159454,1.47806678639098,0.839802791240799,2.7013937889422
0.0590913882597708,-0.536379551388858,-0.748755815070618,-0.182959081579717
-0.669044915238394,2.54970534693294,0.764751226151719,2.71881896990613
-0.652388869260621,-1.43311922292704,0.207156989032392,0.834555338049117
0.157790646899364,0.583530522646763,-0.610477853899928,-1.28311529426552
0.0198322953597655,-0.915416523332693,-2.94116806221741,-2.26353868729037
1.22264734502449,0.763386293909446,0.817723566391549,-0.291908099431354
0.00459801994153652,2.60217454767762,1.58989094600716,1.09753683793101
0.0432850386366787,-1.1089402919858,-2.22932562367308,0.348880775180087
1.06611715913351,0.148264528857385,-0.0336848890121612,-0.637894055303662
0.461938050805259,0.587646072014735,-0.335766614850091,-1.63202246017862
0.698159568613109,0.572244559148036,0.879138024068848,1.14475180266789
0.497283053252506,-0.45236223575607,0.775765766655683,0.112700041671853
-0.426171453735902,0.0271728454623786,-0.637356657610616,1.9442654317367
3.42072900273176,5.10808276670546,0.746899655565037,-1.29335237081429
-0.0628557216132412,0.188413908585772,-0.513446521405921,1.15413703039986
-0.124469214236245,0.529234392150553,1.30756221891182,0.849936371730954
-0.913158801641924,-0.160250435943791,1.0967034928865,0.772162488246671
3.34691718792068,2.48480421626494,2.25794202634388,-0.376322179857096
0.114432939408642,0.593551345243745,2.24489677940298,4.4417371643904
-0.359075095486465,-1.42726992810624,-0.95536531244175,0.0111416794954305
0.566674093168793,0.995405669259812,0.831672481491957,-0.0842139977230677
-1.35303492422638,-2.69949788510832,-2.02395229941861,-0.0329790481599301
1.68758461880003,2.88945188108195,2.40808471950615,0.705544929058848
-1.96571734993562,-0.334845861423829,-1.77250472294712,-0.566253559302767
0.485029883055036,-1.06104975203482,-0.28500918167541,-1.33511358988558
-0.414082623837019,1.513298074435,1.78181606957887,1.49528957986416
2.44054519869183,0.471459777397918,1.43955744054211,2.33085431916497
-1.72707241796518,-1.13719360855169,-1.22050139012331,0.59564700761358
0.340984437803758,0.221190079352749,0.999502292176483,-0.618504110914865
0.298426656137141,0.49859368023989,-1.30205339479457,-1.60834204993171
-0.440401984989701,0.145467263210653,-0.315788808040735,-0.501011878884089
-0.285950171962139,0.249272243698952,-0.284126604330953,0.0387757926391692
1.11379488342215,1.71360978364227,1.73388637193138,0.427321621578954
2.257692955949,2.65781147538167,4.70094348544579,3.84017849789819
-0.241112941584949,-0.0164858263621001,-1.68140599129312,-0.956884627346867
-2.41466287947961,-2.21945801499039,-1.50883531413463,-1.36154612827399
1.17848534257242,-0.0524149446534221,0.015249086115377,1.23390861112282
2.6350142765295,2.3861945334885,1.39107234736311,1.68826877154062
1.5954237827731,1.39002832799508,1.41935739784123,0.533544438385881
-0.960468008680918,0.0311006095643427,-0.218501492179194,-0.133648504178452
-0.103637732877877,-0.611147458893417,-1.06745877437061,-1.39128159385709
1.49126492517961,0.612102306672326,-1.11115555243518,0.789567126893656
0.671349550043862,1.02465245691097,1.28913672782384,-1.40738893206689
1.9901829067034,2.0758228994592,2.6792239942064,1.35904034502938
1.38969487690608,0.279645946914399,0.0972453950279789,-0.771895424999129
2.30128050419223,0.876232841481068,1.72787187597085,-0.0281101523020677
1.51653612023211,2.32364409835537,0.816931676360182,3.064166588241
1.94007050725245,2.94070729190188,1.93988065769402,1.48919563319051
1.27248420898354,0.319573434893106,0.608807708169793,-0.0359755806760626
-0.224421628095066,-0.141053256938121,-1.6594317963732,-1.22311086109548
-0.827962171188314,-1.2906259364963,-1.75119835736061,-1.10257481312976
0.239491408284504,1.25688025459662,-0.34102721827301,-1.75266543216792
0.452952697316446,0.0173129377082472,0.139618112961036,0.357232919782389
2.76928299159138,1.82105026137164,-0.411784149474906,-1.64183878826379
-0.0783833340514906,-1.36071058435053,0.168040455058067,-0.28355539895175
-0.615736543999074,3.45013933582048,3.82619009074643,1.79891884036045
0.159862148230042,1.52477526898512,-0.159359666699015,2.18257287249001
0.149502561589566,0.920112399928957,0.214399441441846,-1.04352309347892
-2.41707705036903,-1.04675925951926,-1.7572829087435,-1.1146664245265
-1.03830045915219,-2.22205941266147,-2.08400755351948,-1.36045949453942
1.34852921729186,1.46828801240323,-1.00272413043158,-1.5598595085274
1.8095075180087,0.353320998462696,-1.54007030411585,-0.201480233011733
-0.487036474706012,0.210370016008417,-0.0356216794680792,1.10756743857432
-0.562957734040664,0.967957947235655,2.06861989834108,0.379014315050315
1.2607219987278,-1.85325527969777,-0.91305534202943,0.0832260128361914
0.742363515295444,1.69709085793117,1.9447686363695,0.433289826773316
1.0473659519434,-0.683543176056436,-1.40544437147853,-0.383369281613131
1.68186150221401,3.19027962946475,4.14426475725352,0.619140211218607
-0.464939622179506,0.424860540677427,0.144849344914562,-0.376887301958335
1.37453407840652,1.18712346013868,1.57513235345477,-0.0153754173686749
0.589340831311057,0.184653827137577,-0.215797538170786,-0.528080644801739
-1.75174950401321,-1.05876576623858,-1.60428379844269,0.326972508495883
3.35002831260144,0.461268152287413,-0.428579363481478,-1.72610773862973
1.44800396164014,3.47028580026493,2.46333797422679,0.72473064625339
-0.402491988545069,0.0909349136486854,0.557700838408924,-0.875629017999712
-0.479511644228987,-0.970747878715268,-1.90941856347735,-1.9911036048777
-0.200041199432438,1.17073648399474,0.524013717943957,-0.733757117703789
0.520151095473694,1.14536304542403,1.07942378134348,1.74583870943996
0.521026533490675,-1.92279609795732,-1.29998570833514,-2.14816407318198
-1.2876780218719,-0.0614356143751257,0.378392957058141,1.42712857600895
-1.24911069330556,-2.32718388084146,0.252361645880942,-0.944871673948133
0.232093176247592,0.230899801607931,2.24412327337046,2.54278747081357
0.0187442934980339,-0.064829190675826,0.343815278441299,0.129028906334057
-1.08501237902998,-1.31348645885447,-1.8632057356481,-0.878382726770092
1.47342889401647,-0.706966732194515,0.969848612466705,1.85566719467326
-0.335176068747959,0.38899341867339,0.808940029835526,1.33619445572751
-0.357343309373074,-1.28296484122571,-2.20072909022411,-0.617697620697018
1.91715206315739,0.995585803423328,-0.530797391478306,-1.10916361207622
0.505478092085061,1.0282941546885,-0.10187376659785,1.35025914672925
1.08498110683376,1.27291203385373,1.05841937470732,1.77587889307534
0.589950804242709,0.185305750119623,0.460275200482258,-0.554311328975286
2.33646006621499,0.1477073081761,1.85277555533669,1.55029066324553
-0.39936572061799,-0.592426745124842,-1.63754381303087,1.02043277810635
0.882088310548018,1.00146980276439,1.30705692306798,-2.56666681832292
0.0951144750943975,-0.278441138425561,-0.168735271813767,0.659033137565791
-1.34480142449503,-0.724554846873157,-2.0211033368529,-2.40822639424709
2.70228051206535,2.16932728314181,2.22789649239999,3.25683746684093
-2.29103590289712,-1.40161025212503,1.26692432795006,0.759810393890389
0.836568547652617,1.36160246420595,1.11522994885848,1.06237246585637
1.1173166430513,0.876821497446044,0.436215432003916,1.40471399631406
-0.135617166996127,-0.338996706890391,-0.810937340892083,-0.0453401215271189
1.8385407252336,-0.498558757221289,-0.849856423720397,-1.50029529425081
-0.689694841310611,0.00408928200400094,0.391766228827431,-0.412701696471827
0.824624382429975,0.778057046701091,1.10492092981226,0.904271195119522
2.81298127267646,1.46192865533392,3.6011808107706,2.15624696041014
-2.27698794737664,-1.25080205539044,-1.29779369142393,-0.319290371622148
1.07173014056146,1.32264846072398,2.43223696643003,2.47970266992279
1.59223072219033,0.334674557134265,1.34961118049157,-0.885009357982386
0.36484722797,1.08758996831351,-0.786646567820288,1.19051396071687
0.622301217277355,0.48300983189791,0.135039504107404,-1.0701179590743
-0.263601295444145,-0.0697115306671497,0.309706028460684,0.747693863491078
0.585997949038997,-0.180033262294765,-1.24945238741193,-0.262593792506757
3.41316007951464,2.28700916627358,1.66887485280374,1.04831782310349
0.509717900035514,-0.230389270162687,0.162338133807106,0.524166355104133
-0.325970809263095,1.34283610685967,0.909362815331209,-0.629187717589702
1.01049956694384,0.214954337875381,0.592614556263437,0.496463712166278
-1.73786030495282,0.766385478240001,-1.1641260904836,-2.23175162337402
2.18721438306519,0.469117161172083,-2.11255398647418,-0.773432477784436
0.0478093891102876,1.70585379854527,0.667056713369608,1.8476778015213
-1.13385947535544,0.271662811318892,0.674247571610605,-0.803203404340623
-1.96061545446248,-1.65850432504092,-1.14382991394302,-0.28679233241359
-0.680839038461067,-0.599790846533211,0.21548531203273,1.50537160553043
-2.49008780637869,-2.99580972298423,-3.93969232016487,-2.25378132855677
2.67584628129879,2.61546273436147,3.09249165951962,0.89910160571125
-1.10105483522664,-0.471416148186189,-1.58141694741346,-2.84682808358555
-0.992077317466904,-0.906152807379945,0.945223573260415,-0.468560513058657
0.308227158989093,-1.55307269406905,-2.03199348078558,-0.843649429141215
-1.63266702448882,-1.33018734772269,1.00833776920166,-0.122556872999377
1.40234903726788,-0.921836320959657,-1.03593204631518,-1.08745827543693
2.08761527240844,1.17250454576531,-0.226047787045234,0.412869560117617
0.0903352427040737,-0.106417355048938,0.19952068709597,1.54505005214047
-0.623758348546289,-1.49643147517492,-1.59084969753627,-0.331400100602248
-1.00919350651574,0.209833972862471,1.18078141134107,0.447102858716792
1.9232209515914,2.03981930203986,3.09693527362224,1.97041494710804
1.43538867125145,0.699078987497752,0.891185259916647,0.290369791392006
0.751564278033258,1.39956284312837,1.71676440185947,1.00470958201748
0.320013374582023,1.33659827244051,0.325955824432195,0.727957854561194
-1.32052080680724,-0.321098896035422,-0.221244496038865,1.27728846695613
0.3817603765771,1.67508077191231,0.653067341705856,-0.959645060125989
-1.66829750303212,-0.998936977043771,-0.0820041424743794,0.916182814441049
1.00035892377958,0.636794472570861,1.02059179246588,-2.65296579449551
1.90299552692694,1.91934228761483,0.349766795970009,-1.3649006062463
-1.8075856374142,-0.834292200476517,0.00360562540709042,-0.380763011865257
0.827826157585829,-0.684540796771254,1.05888162492005,-0.327444881448248
2.41093340987107,2.1905130337963,1.65749753493212,1.7423191915729
0.17476236505921,0.848026487047989,-1.19791604918141,-0.245452677217208
2.65174584643461,1.04327956683934,-1.12043830343875,0.886072927571467
0.226855233482959,-1.33662694925029,-0.343084293029015,2.151936458657
-0.850053453539131,-0.280646688141878,0.871930128846422,-1.32419954544725
0.206160828783028,1.44185087247791,1.5264607847229,0.63528668773402
0.737768385917552,1.13080031859611,0.134260802311032,-0.484186686900925
-0.612421929938892,0.651247957584092,1.61358495630955,1.05863317186166
-0.373280279419626,-0.61682916159233,-1.60612104576336,-0.368195580209015
4.4627797192001,4.03629370841806,2.69399896029678,3.1376097836532
0.860142685840479,0.773297172908395,2.17213312167198,-0.0017603012539833
-2.0238109954951,-0.387031667570218,0.630405923710154,-0.0325740017616575
-0.569587780956651,0.42089857053928,-0.0429982006533159,0.709763256348737
0.293805490631938,1.43600636159014,0.262813000776831,-0.210730747303518
-0.401304486357886,0.260826168444457,-0.636822360340936,-0.308743005043902
-0.567312232806892,-1.20695871629048,-1.68550248222464,-0.881464102971383
0.0732531325626313,0.540216569850013,1.19517455945733,1.25870298866073
0.402786152957999,0.0601445551454725,0.841608760025786,-0.815799639853644
0.696713138303451,0.162853306988639,-0.16645737944532,0.500096368162256
1.34028587760365,1.59450391531174,-0.0456414989828759,-0.985201787422316
1.9082064536806,1.34502251108643,1.52853193259633,2.59201388687171
1.54895226633278,2.46853064693895,2.07568283875017,-1.99751548113659
0.701157240248007,0.744228366719933,1.28349723953306,0.967113654718575
1.17605179310623,0.651429754646384,1.50617893521391,-0.797243591503128
1.33239549191058,2.5120038566333,2.09314720423428,2.21512094976163
1.38358509864671,0.0709003751873378,0.228960823453908,-0.545860045216289
0.574650225273343,0.655910676686279,-0.951925469703935,-0.319025581780457
1.25370437249452,1.29299806357771,1.78009932558247,0.77884409147598
1.3006720355612,2.10993464317837,1.33541696498613,-0.0485497847530099
1.42412067209451,1.00530013961738,0.112094001243995,-0.780635697542219
1.19270575161518,0.188017526971711,-0.44142238680167,-0.397952229975319
0.659312843026759,-0.155213988801474,0.480665289060286,0.610730529233691
0.851989389293713,-0.0637825065859924,-0.200315360755646,0.622999238068751
0.226680093572482,-2.16568871897929,-1.6678498791683,-0.363407775146002
1.528151976254,1.76899962257578,1.57516809176957,1.4698366243195
-0.132115073112442,0.419096143494946,-1.56196163761977,-0.035645297664574
0.5488136793105,1.11404744680453,0.378897307841987,1.05601546640591
0.557728024979554,-0.712892528871808,-2.57319868992303,-1.9593602457433
0.349911930814722,-0.65060192115935,2.24807138606482,2.37926298154397
1.40613720511981,0.939051534505376,-1.5264756422579,-0.367732757421176
-0.33410049467638,-0.597398378439947,-1.59408811588496,-0.958682957144028
-0.952936401738116,0.0163944939068883,-1.96558924695386,-1.11701205796555
-0.460194225978437,0.0340158193910028,-0.919895058621837,-2.74932727395485
-1.13585371200287,-0.993158903880217,0.040250472827585,-1.64691867686578
0.332943432710764,-0.498755979985793,-0.0788446017402747,0.745189910671085
-0.232071342577228,1.23821987385339,1.24862962111478,0.477280706532116
2.07897350207763,-0.671017968135861,-0.839601204765331,-2.01680600536356
-1.15524447230631,0.273489782588269,-1.29275475367329,0.903568149999205
-1.01906726377602,0.432668747460711,-0.342867196884432,-0.16036004116292
1.32227786773054,-2.71838030075073,-1.82101038754633,-1.39291518252315
-0.179763195005161,-0.422447581218962,-0.557444781816386,-0.134179333051839
0.0197196117032667,-0.192701472618618,-0.307539373025179,-1.10208630481562
1.58893060226595,0.69778946919005,0.0241174582618888,-0.200082017511806
-0.183406755144278,1.83107440912732,0.348749549352011,0.861620889910825
1.50264777673423,0.965947071591714,0.195672415510376,-0.379393192885229
0.172703214647104,-0.0664323009219271,0.334165130993201,0.894609190902664
1.20517504360189,0.905666539926422,-0.271150490860405,1.08218135070006
0.239624794373676,-0.122174652443221,-0.0605459902624899,-0.404408162887155
0.210651405241298,1.37832399807656,0.120682361744729,-1.15514108221051
0.617314215203708,1.60719165581132,1.62461909780126,-0.102935786854558
1.06101050955028,-0.999977061892997,-0.88076019776555,-0.11647285164383
2.82633812429708,1.93462573259002,1.01542677617023,0.607801082265486
1.3247387449564,0.942060571544127,1.36017777423354,1.0841113572295
1.63638800358689,0.218214286625911,1.55452561907148,-0.454525008145868
2.44517549848651,1.56419259803364,-0.847045338699844,-1.11984715308091
-1.51901181868068,-2.20625161390195,-1.24947852125634,-0.970768767206757
-0.78188721189141,-1.90529379112447,-1.59761629772771,-0.944610451733971
2.99047032239034,0.886873610194837,-0.400315461086094,-2.21335975783952
-1.06916974596526,-1.93315425788899,-1.29721697806556,-0.146843550796074
2.25493702242885,0.384661531165229,1.16750308548715,2.06425484542288
1.01750708826593,1.09258540533921,1.3982579426082,2.16028717416721
-0.64975499540077,0.559099304516992,-0.239128081788158,-1.90686495916557
-0.42847333044312,-0.601525446936491,-0.97574083794109,-0.856320671529336
1.70669823444642,0.983022269071178,1.47775836395583,1.7597689967423
-0.496886034312477,-0.887855056286811,-0.721038477406551,-1.45176053174597
-0.358423785547091,-0.661832289917322,0.174956317811269,-0.0328412971110262
1.33935221231428,0.0803312426397486,-0.651134953130654,-0.755332994503647
-0.283132505760856,0.872319768221273,1.39548127003312,1.71608468259037
0.251637386951261,-0.901454767936358,-1.13763341563792,-0.878458114419997
-0.162256955467919,-0.680675231422253,-0.836929607741302,-0.661299569486615
-1.09327916063779,-2.07041194954271,-1.09216005566775,-1.39432494943002
-0.505015090074202,-0.998556677967547,-1.14741956852374,-0.43611945954028
0.0188088029718513,-4.20586056402362,-3.32361691439573,-3.27154050891982
1.51376944132073,3.00847476066915,-0.757691600770833,-1.62001258296162
0.661301041478026,-1.31564042868609,0.789385870939837,0.785646372907272
0.813476126765544,1.52473048866473,0.408258365121718,0.524905707658574
-0.180037005167111,0.255218781808363,-0.383916329913867,-1.71481725584157
0.62450634512403,0.349618093781603,-0.505655373730538,1.17427126582132
0.286284502447423,-1.43556171962457,-1.45247470446662,-0.375364417389247
0.484994359014913,-0.359026027525436,-0.166608192928629,-0.769074406057501
1.52567450250251,0.610138300434758,-0.989859694854552,0.663533679791576
1.06626714039643,-1.37830567996499,-0.902709312242874,-2.13150158655048
-1.24501971344095,-0.0314298679061612,-1.31993532822497,1.07830078582953
1.79925340201484,1.36933576788906,0.783961586592293,0.857841340003188
-0.744453510762047,0.222328890353311,-1.20596553226947,-1.18723324640363
-1.08183643647413,-1.72583900818802,-0.758408638415033,-0.128349132683991
3.48622638664978,1.88354636880893,0.760546812653272,0.0969499259868247
1.33624671418571,1.60475056422431,0.547380019659902,-0.112204142275628
-0.0129285427141264,0.225383345717198,1.05494722785741,0.629880360166649
-0.24275408404428,-1.62112898209475,-0.0430548934529991,-0.889719762656737
0.911729557883189,1.06481172910841,1.05850207116974,0.38369418633182
-0.512587326387198,-0.821978564443181,-0.574363136710772,-0.204505838785747
2.63080874532772,2.54467876905619,0.150639332264751,-0.148678819880546
1.49529239402578,-0.570954955841454,2.0888501723462,-0.439705184701103
-1.00007418517753,-0.233802512848208,0.379280302479602,0.898724306757637
1.38159911122371,0.788436005044698,1.21057000499999,0.63913215591718
0.239605586383415,3.43331159112251,0.707574178131112,-0.781668691692874
2.08073421326939,1.99925927966558,-0.466780963160493,1.48800448336163
-0.76832230364225,-0.751950940867124,-0.997167727236738,-1.84332673607664
0.145065385351287,-0.675434427269067,-1.3478125324704,-0.587088812532806
0.6228743249822,2.24498990443579,1.09292428099788,0.864941233744463
-0.539424660032573,-1.116855401706,-0.0905708990280858,0.624221038607656
-1.44791825730937,0.474755280648283,0.175360821468823,-0.775224482618046
0.832840029337502,0.167595702910705,1.09426695228261,-0.190340261609573
-0.243869127363562,-1.03662029177719,0.675751454932521,0.628287698452048
0.484362994354492,-0.34990730885099,0.636603984685234,1.31295723097657
1.13442019020118,0.133969266692881,-0.475021831661617,-1.60029517037566
0.777939856378189,-1.66596021657454,-0.680909959495916,0.355415392824665
-0.895443512209733,-1.89472737976932,-0.418174484628847,-0.489110460610334
-0.407706073293326,1.00798710091445,2.19460430540988,1.44881526792338
2.11414461180789,0.289430848471242,-0.891763628384389,-1.05090648376826
-0.405233132682676,-1.50903153722052,-0.925605301524151,-1.08000343070826
0.968557361880463,0.428287934091658,0.579490489247241,2.36110986097226
1.64327387398227,1.10559593369732,1.35823204869242,1.1651749869815
2.17381595301035,2.17552256325616,1.4327235704698,0.699180308748568
-1.42032630007711,-1.47528107566533,-2.74829698390498,-3.72216015615854
0.0546598557287017,-0.471847630816617,-1.2152368343535,1.3667250712724
0.516244381445019,-0.301290128952588,0.23487357026378,-0.517623236046474
0.0478113029867467,-1.18809606135253,-1.46910516480796,-0.18912380497508
3.36525959041775,2.45878197436708,0.110489793058821,1.20378717121535
0.314739431513846,-0.619761219736036,-1.24473928163748,-0.256448189492025
-0.158317729731776,0.61578342964602,1.05549950917094,0.857962481974404
0.329071195832778,0.797443384555299,-0.631465823381858,-0.651717819700618
0.759383013434145,-0.618485293483527,-0.763650836282503,0.455581183715115
0.132311529439435,1.36620447448537,0.629304962958064,-1.15683840652932
-0.118640932855557,0.375547945804495,-0.562630154824713,-0.641314860352291
-0.171291004239405,-0.0944711489848113,-0.794581610413861,-0.91080171252807
0.886947979836048,1.21045844470774,0.64712115419954,-1.33995404095316
0.670220657867577,-0.804317565713852,-0.573627058991722,-0.317847001696018
0.370561973477551,-1.90063767371358,-2.02091134117046,-2.2920241319719
-1.57215506760722,-0.697964656171129,-2.52107380074701,-0.182102608421657
0.47732389138783,-0.634607981969384,0.727345744024252,0.444896317325249
0.971508584014767,-1.18845882912178,0.371448036681515,0.123416863334941
-1.61556460805591,-0.970374118460934,0.779208900578647,1.0082336353882
-1.19125374220489,-1.03994645393486,-2.64087709543091,-0.442578237390042
0.304847137527724,0.698747531119119,0.446804853712219,0.0437327832877611
2.02942184509393,1.84862216168024,0.433496307528056,-0.497421330855029
1.76866956895007,0.391302552580182,0.275671618982713,1.43917870300638
-0.716208086310149,-0.559387947734341,1.17562074371643,-1.52644253990063
-0.563684009815183,-0.163873189257043,-0.643603783500032,0.0894573482493257
0.125597620229258,-1.71416156668955,-1.6219111571329,-3.56013881535358
1.02798573642184,-0.27588212105861,-0.395505445116588,-0.0148914047084207
-0.209300466562001,0.663321973559033,2.46296333975635,0.438468777113822
-1.2550832664189,-0.339500609412906,0.633710906675583,0.228143211615672
0.784170977644535,0.342357428746763,-0.685429184473434,0.198140234813068
1.63213004929904,1.13639712170814,-0.267765371027872,0.303090993660555
-0.318817544670927,-0.869262173491919,-0.670045562073392,-1.36794856088201
3.06709722914372,3.70952811983648,4.24541298253161,2.35285808162769
0.68710243200178,0.686082352161251,1.42666746567656,-0.131758824223016
-1.52029268123152,-1.94971677280576,-0.309882314136603,-0.147897289684172
0.782109387097485,0.171096599469159,-0.0503460869983101,-0.830235736031528
-0.515514833760756,-0.55973664292527,-0.58937660472842,-1.38458290621946
-0.0670402527841368,-1.44615323430886,-1.09284323420708,-0.650321400701716
0.61917835722794,-0.548214979250887,-0.533272844429282,-0.139719196321162
0.297022286491664,1.71743959349003,-1.23352246405582,0.24223942846841
1.82838145650317,2.1009447848163,2.13406337222046,-0.834955556874681
1.48768045979521,1.09600391362188,-0.218025593030121,1.04982096541559
0.736695234746777,-0.756317995920823,-2.17356343596477,-2.29432492465211
0.81783878722209,-0.735755989767726,-3.7575917181078,-3.47059692883128
2.0460835703279,0.105538859058379,0.415400535416126,-0.906427169773776
1.07991991412328,0.72642363952742,0.776982770068104,0.787181112887192
2.06194473200801,2.32173355175013,2.66276237929411,2.22420378284133
1.33358402251836,0.345023391214971,-0.219922623633573,1.71444731889377
0.675408918286016,0.850101594545233,1.03120320185423,0.427574001296743
-0.687780787767128,1.87415292393892,-0.652835166169354,0.922978823488436
-1.01598545409086,-0.553892991642242,0.718568260953551,2.26648425901737
-0.103571950338242,-2.52684229512569,-1.39040732427841,-0.891675083997077
0.324951455704138,1.19050686216584,1.88930191949625,-0.44037888208915
1.81539702455199,1.94911775363014,0.783227347816958,1.05786342113183
1.41479525989309,1.96545908017249,5.03389047874558,3.92549325962448
0.596016853315853,0.81171183605261,1.51785541980025,1.65602318569628
1.63390496116712,1.63276804683348,1.90952907739742,-0.105942930965615
0.151020030520904,-3.06859289578271,-0.853317471567616,1.52623408383271
1.55574118121622,1.29737423865797,1.68088321928207,2.18595449316516
-0.3445800576227,1.53626754125731,1.26777864727635,0.0634689659942345
1.43987717040471,1.23908664666817,2.71664901124168,2.85937436238329
2.31054977146366,1.59744238097454,0.859413352942725,-0.698001575282283
0.797725736329229,0.960135627888673,0.0263826719001442,-2.19368854958831
-1.52956935150197,-0.927865094462073,-1.74737970266504,-0.916270924388144
0.0628711785396958,-0.988989404470404,-0.394007673646233,0.715604349003591
1.23618151778007,0.628251980953359,0.452380511197645,-0.679183863292274
0.539988817412131,0.482238666797649,0.941856694960472,0.680505127008658
-1.71687108679635,-1.7350281029975,-2.43943408809919,-1.4591149205379
1.37677494081243,0.92266363458972,0.144401895554638,-0.331093895576223
0.744265770095211,0.773639384460227,0.24877394208187,-0.575697343303627
-0.235237150680721,0.241666357214694,1.26225119661387,-1.16201337737166
1.71725026479556,1.51382898926619,0.237998482309853,0.408261433919616
-0.508581970359282,-2.44294517683245,-1.89262878110248,-0.99502254809983
0.194923117170169,0.260304730471297,2.02811018728453,1.16975225128452
2.97894219724292,3.22808002123371,3.09416363424001,0.616986469811328
0.49384041791385,0.754873932632427,-0.171912609035479,-1.29144959859431
0.615161210386459,0.734086369169606,0.350159202372202,0.427047771994734
2.14675371381177,1.98165542325802,0.484577005484313,-1.2792548863426
1.33948754343295,2.42403233511333,1.52493645316133,1.32507152290273
0.404206485115462,-0.192722482111112,1.68460939003015,1.54401594885511
-0.365085419853839,-1.4376673027942,-0.786430504328392,0.0577103608534587
0.29971842500478,-0.745742112056156,0.0527964325127263,2.62767642160476
2.5707496648812,2.55603317012195,1.68676518174031,1.00565327311102
1.8377096377501,1.82932710419288,1.74993900503969,1.3421303603575
0.283711412970401,0.852634247859601,0.807270403562027,1.32996705770738
0.416338504444374,2.20523904223426,1.10416030777471,-1.28184302476593
0.567091249536842,-0.621365182525199,0.971367127598058,1.07456927427651
0.365082630235774,0.0367341356047811,-1.90743553135574,-1.73438642782142
-0.131307636103295,1.17915267324722,-0.269774215525047,-0.763031145108577
-1.39019896551049,-1.10729296891849,-0.248094107644351,0.403799249598965
-1.32875039518429,-1.08249633952619,-0.52778901876562,0.0738374436533264
-0.514863632255974,-3.35326342673791,-2.64038002343489,-2.3193217616181
-1.74315930539777,-0.69810398933992,0.614358194697838,-1.2224469891682
0.929070554322409,-0.463659508579382,0.385623790706149,0.988323991413701
1.1447817785445,0.0848529866044814,-0.631971154781087,0.324595601906735
-0.098927428669788,-1.89291239358007,-2.86851830895307,-1.64230422570835
-3.53724769063264,-4.54643329697936,-5.15964878625545,-4.9526620533592
1.8043572199963,1.98837285037198,0.802246066766424,0.698257770718904
1.01639655179096,0.468109075385345,-0.277362874002168,0.577049064050729
-1.79053808473649,-2.00889481691364,-1.36100426534211,-1.37815708057326
1.68429365319283,1.95706247644652,1.18875215390301,-1.78629603000339
0.954267264583091,1.57658247970893,1.38629918631605,1.46250814681932
2.2626942186608,-0.657853828516995,-1.67550420953994,0.621048732742964
0.350106477368957,1.04316253847468,0.775140151659332,1.68932489646736
1.79886687727675,0.943767547843921,1.0847251086929,1.30636725709763
0.141820850335053,0.13594594488508,-0.377320970851084,-0.525586644012699
-0.696495029939773,-0.0534368469124387,1.38858356977608,-1.53695209823159
0.0578619140418799,-0.927639091372765,0.72459894150959,0.901018956754501
-0.282979152207599,1.0523909983364,1.4313978151054,1.65417955170526
0.731680939677477,1.41413374789337,0.316620184801842,-1.88758417195519
0.722807703089394,1.16099753988718,3.0170853680272,2.40720623181356
1.28373735543579,2.48624255649538,0.716032598304378,1.51702589019287
0.49139257975946,0.969469017340357,-1.23665855228211,-2.51543929012279
2.24370807157222,1.86887247788983,2.5548101455861,3.68376003133894
0.348599525320225,-1.98066634129357,-1.39549499967985,0.364829115859703
0.856730670584471,2.6761462299291,2.0584606905106,1.75276765577624
-0.019210308771582,-0.296523785888027,-1.95297979617297,-0.00991741885102382
1.49085224121679,1.04229190354134,-0.297277073480843,-1.12950815684899
1.39618441360574,0.806777560240681,0.928462354075921,0.751714296597607
1.53944194071089,1.29269537583667,0.46571489393098,0.506287317008367
-1.41674000244713,0.160921763319464,-1.29747826049168,-0.693742030273775
0.924997055425231,-0.134442057695625,1.29782415804392,-0.528201831405387
-0.854744241407213,0.323831894963324,0.497976063345534,1.78130737918039
0.0882544873801576,-0.505825428762019,-0.923606854181654,-0.451657164148961
2.29571565405437,3.52008224416967,2.1577044943272,0.146100393070584
2.66421597899393,3.03447724027001,3.44581273303625,2.17239984389222
1.3847413190109,3.5706244951743,2.09922121189595,0.228826565753289
0.924301849594461,1.4906374453468,0.627167121157373,-0.941684665897116
1.41125121206735,0.725092026751703,0.931322560462561,0.279099216146971
-0.153302943909998,-0.591542992289355,-0.563644179735681,-0.490515990943673
1.36411943967449,2.26073627529208,-0.945332812749909,0.101171961203266
-0.490669114091682,-1.5035680958183,-1.34287624588718,-0.725547122087629
-0.505913212437105,-0.835458853218846,-1.41939421089078,-0.0193302173767227
1.37868524842223,1.92632843581682,0.514352570277473,-0.328433512384491
0.850573353089068,-0.762076530996375,1.52733582061185,0.0674996953717105
2.01472062772881,-0.742379602452619,-0.82154277126626,-0.0603379091698762
1.53914748138301,0.945996732749613,-1.70361133331103,0.0576135947896075
0.343697161164687,-1.28336046376405,-1.3218459669846,0.487033813420883
0.304538307517822,2.09792522899469,0.558160924147698,0.85571704834733
0.33470450744408,0.999959683013778,-0.641807468836829,0.232285157213305
0.923251163891596,1.46668697877993,0.1450606206734,0.820376399534483
1.21667968549135,0.0818522189363067,0.431679853881655,0.998549725848081
1.46212445429519,0.281344469569752,0.298305450531787,0.802262781084357
-1.7941215047154,-2.12047942048281,-0.725233022452481,-2.33611082988467
1.54795257434254,0.812181861696226,2.08323506139514,0.487081021534135
2.05391333939412,0.947568061193239,2.21740563576523,2.88069686647062
-0.609980252790639,1.14468132024861,1.38498482740752,-0.304207082456866
1.77879224668597,2.19650826308453,1.05677632617779,-0.129933707906811
1.00586898268116,-1.04093491653354,-1.78289418563219,-1.32897965236317
1.47578786060656,1.38508620254349,2.24641714059616,3.63788403934714
0.910214748241168,1.28858524912682,0.545245705724653,-0.390903012818085
1.12593339096862,0.310409027158104,-0.399098486700562,-0.217928538668549
1.09780702619198,-0.101396424094166,0.563997049037993,-1.19202750786208
1.93509207664481,1.49449392850096,1.28498021308612,1.67480243311451
-1.19931772500123,-0.747786534572902,-1.27883722137738,-0.246554647832923
0.762787592072219,0.395498833764052,0.128910047573187,0.163089003667857
1.07255438166698,1.60355623045476,0.0348663094059466,-0.730513971544053
-0.798282111382382,-1.93846736100937,-2.50005318867635,-1.43027940964903
-0.267181743592709,0.392519288188192,-0.353161724461896,-1.13753888250649
0.678757444626328,0.191804920784028,0.565437718933205,0.320004985517399
-0.265544150418064,0.692166477620103,-1.38019659579566,-0.535635516031073
0.10892173598052,0.209899893140311,1.16861016379159,-0.141309026996014
1.26643885464517,-1.14967022693172,-1.11255470919661,-1.49521988184492
1.15949750221758,-0.713634569046215,-0.947216725506012,-1.1442330527168
0.859138718962038,0.242229864475299,0.746204700529254,0.5550416929933
0.576766964125656,-0.940528952165024,-0.791722882231034,-1.50577008565027
0.231641632514547,2.65824996442609,1.41944817512024,0.266736541698017
0.912450034067033,-0.609809060809806,-1.03903091548517,0.52975954879524
-0.694144115075791,-0.140970361294296,-0.481621304010786,0.155841968522426
0.133808762187782,1.53021925923963,0.273642265116859,-0.306268214621221
0.580213357604235,-0.179261457800559,0.585385193919068,-1.10649703017087
-0.241497592137654,-0.111107050369826,-0.652989563842109,-1.27475111894959
0.910247980274871,0.349472040755268,-0.978177959924645,-1.5648076453738
0.566822627047223,2.10052822715484,0.898142255734064,1.07852438792521
1.95992133128923,2.06328783536528,1.36878710944014,-0.0547867283307121
1.96155998171719,-0.844306581404821,-1.84635656451977,-1.34290823549035
-0.487851949764653,-1.13261668641755,0.60227916126431,-0.26249397900821
2.44458956837851,1.96813148954639,1.18197945907576,1.19700377596739
-1.09699851078419,0.257065295297768,0.945938252628095,-2.63191306024208
0.506282997925427,0.0759912198338171,2.33330259000906,-0.26251588898139
0.363282460745752,0.812126678878353,0.706072821524196,1.03052711335813
0.123551381109694,0.428812097681137,-1.6396127002916,-0.106646555804976
0.11546139596623,-0.0650372218030555,0.358893852936528,0.355827816759932
0.909395312011084,-0.217019560376152,-3.31356931384078,-4.16978937394476
2.10128487378828,3.11879022982882,4.30135845180751,2.23191539372139
-0.749301147041677,-2.56063037835197,-2.51403185673032,-0.420848096007237
0.434336384958858,1.51908499725686,2.056702582688,0.0149965449216949
1.48612843219427,1.33457295992564,0.208366315731538,-0.51372099137291
0.95078684724157,-0.290507071364552,-1.05052825848383,-1.46856875214408
1.86264128406134,1.42629374180498,2.89980372873005,1.96896014275535
2.10415423689069,1.49509482067975,1.3052575247522,1.6721063931069
2.410976763685,1.09709267017767,-0.630551104567711,-0.015419527814331
2.91114450043632,2.74191994796853,2.98431289616382,1.22118569260727
1.34089855608579,-0.166198463081153,-1.60678845640713,-0.74671288666664
1.8643788087928,0.864107225854947,-0.327035437679834,3.00957357958811
1.40454779850163,0.838846858161429,0.403929569643466,-0.338910634418386
0.457752641438169,-0.846133051352561,1.09595756954279,0.0525953695549743
0.085551949469514,-0.732089853885692,-2.79456083017249,-0.929528444286263
-0.576898912266465,-0.276591907932831,0.597234956375614,0.0043781444885832
-2.33428231815773,0.887655361788127,1.0927553777052,1.05038531012895
-0.170055080847424,0.252253846434994,0.471361212271255,0.332969590306246
0.384357220956008,0.134158002579047,-1.59285850170688,0.546395869266972
-1.01287517189094,0.876355460719977,0.629056882717598,0.945706120625781
1.93956742229018,0.75637524356944,1.84411728595473,1.03564456431145
0.814339001019633,-0.370792031515325,-0.262231329365697,-0.0206905543020527
2.0021481955115,1.08742520903479,1.30576440697183,-0.732832036224974
-2.31640695723925,-1.44807879610944,-0.785621232582376,0.703285188761786
0.101876586748418,-0.691375189120881,-1.87092303162155,-3.0615628988386
2.69767086407123,1.82723915201244,3.64582016870854,0.87769298469245
1.52709372061462,0.880317145482311,0.065142669752232,0.117476936461845
2.56397193263383,1.18117680412179,0.199326256876178,-0.201344075411362
0.305943779024817,0.923451967230119,0.294496291757477,1.98383625890305
-0.557176564710509,-0.913969898436702,-0.123411601140512,0.258633044788591
1.57657986170129,0.23385562323381,1.02537747427765,1.02124795388324
-1.23059876804368,0.838630391127695,2.203026608136,1.85960041998722
1.90614255851911,0.972235546113032,0.465541887330163,0.180184686353157
2.2274103242589,0.412491473810087,1.2752310122095,1.61135140660114
1.69623920696225,1.52335974795393,0.556715696573583,-0.80144319729184
-0.549928857697999,-0.26163865474663,0.0176010480811703,-1.15920823669869
-0.387369007383519,-1.79323852628319,-0.410210350877527,0.432806451108489
1.10383464591061,0.198864455930499,0.319621927211564,-0.394545368597229
-0.389708605901102,0.429204590052465,1.2782550859223,0.327498082551642
-0.21358195234378,0.691033771597227,1.28146086214829,1.01702623522812
-1.09622379946644,0.236307395265827,0.520766388687447,1.90634056478362
-2.16703476510558,-1.13045195291392,0.517322757297368,-0.409567048098541
0.263948641125941,0.00416806183822667,-0.0259398217996724,0.30165332700127
2.16782636018485,1.40612364917001,-0.141127035399721,-0.701459771382889
0.900326784020081,0.424443504599854,0.341644604408354,-1.92732786154797
-0.299150674883441,-1.33173075505284,-3.25990955927734,-2.10283021251921
-0.593603499469702,0.0942181598853556,0.0492885395489857,-0.829840623315534
1.24496065335984,1.35655125679707,1.40943266250221,2.16448877869488
-0.295508960964327,-1.58381486253712,-1.223836225336,0.861897847641586
1.35545161415925,1.18372021920057,0.78795465568628,-1.87122078702932
-0.496141804312268,0.95585069442897,-0.871227875218493,-0.694360892384736
0.964329604666666,-0.856466288711463,0.640716432311111,-0.152735172860914
1.55611903732345,0.859832762661971,0.946972935228778,-1.24047405062605
2.03334756578341,1.0593422431191,1.76155102268246,0.714225245686586
0.0163010664469594,1.56786755980844,0.353779837016897,1.0012981951908
-0.832469154446293,-0.0634032917984075,-0.275827824174863,0.692388421336287
2.75684077257618,1.96076709011508,1.5399054638486,0.633793070884784
-0.0413858956768664,-0.459490700024242,-2.29762500279859,-2.08701889023737
0.785377731408025,0.34324939501529,0.315236468335994,0.637443671566108
2.2254562074748,1.14240307657391,-1.66947662288964,-0.550724947857004
1.2951747532654,0.709437820890935,0.621259170277155,0.457915191350196
1.3470641145833,1.63119513060176,1.4835480147156,1.75816246753111
0.871575556321847,1.36105479457059,1.35547465024047,0.231326458315872
-0.245916616621092,-0.439441572562813,-1.2102997008968,0.0755085865949983
1.73721049807579,1.73783371871385,1.9105034071011,2.19503746569873
-0.300682190795482,0.0530388444426954,1.92972740488272,0.656903338813065
0.801719905294988,-0.290935200755505,-0.177836218234756,-1.10035271964057
0.0503785568538443,-0.227980049426499,-1.33263191842143,-0.310893074044663
2.26251164510538,2.37383178617065,1.14995696140306,-0.161284137995804
0.78523817608225,1.30760526797565,1.84866530290154,-0.367606302459948
1.20060830342658,-1.36300478380912,-1.01792446547447,-1.12242898244964
3.70858864351816,1.21452670897347,1.01611028537857,2.39393231132655
0.235794597578449,-1.02953928700673,0.153377674309998,-1.29197141691708
1.66640160496015,0.291250060879925,0.755753870742082,1.01541930871139
0.635642011207517,2.34373894845472,1.53246467575622,1.0517210339656
-0.516987408142813,-0.232710447663809,-0.272127132775279,1.12468566899465
-0.477967275730121,-1.48097362650649,-0.409096153203208,0.192433458242589
1.25875960016656,3.37158453648522,2.12265870054549,2.32963996448611
-0.463637339477254,1.72880246021984,1.35496473682896,2.3489886594684
0.533847159536215,0.111177264986043,1.04499793125163,1.71493507694234
0.903240925847173,-0.830927729304664,-2.38389740133744,-2.76004599878864
0.458300070620845,0.351311800918835,-0.462834838640092,0.376667864932105
-0.133566820450792,-0.38535731875728,0.563705972852611,1.65458168650644
-0.900955387846977,-0.714703876023167,-0.678806097910153,0.49548786181114
2.3296512831266,0.92175998473714,0.365816196929117,0.406026915730899
1.07239345019533,1.15032653620862,-0.796284309798692,-0.530222273167091
-0.348096610666987,-1.08434579077056,0.382719632821181,-0.708050479454618
2.41140932252025,2.42082684184114,-0.817668858794728,0.219590229024466
0.35703558315393,-0.684079920912801,-2.62726563989264,-1.05467285495219
1.57206752826946,0.778353482647009,-0.697961850175202,-0.0380355455850402
0.65187530974032,-0.893513224782447,-1.43290886386494,-1.12174729580128
-1.48134482343324,-1.47562658767642,-1.98989006296588,-0.780732280916119
-0.13905291669001,0.409656879636944,2.01104225245911,3.04711811929276
0.216633794987264,-0.897235653469899,0.132327674323914,-1.31484862712296
0.690770163630276,0.356342047941851,-0.502553967129532,1.38934970812934
-0.118318086343006,-0.834083611285856,-1.41890408766363,1.56198169799307
0.210141927456428,0.281404252010117,0.233098712661117,0.720267965183628
-1.00039120141986,-1.00135850765736,0.093086724112059,-0.637582244160067
-0.88910362703794,-0.214241917450178,0.0525846399162488,1.69194377556764
-0.577996576751403,-0.752173508857827,-0.48720194017369,0.713322159220445
0.31465100247807,-0.191219703839479,-0.362430498744292,0.077249993856358
-1.10717033702376,-0.0465170525204581,0.0246101733195973,0.4757749312024
0.840900823193612,-0.153376293538828,-0.953059327369076,-0.6507036593884
-0.17976746395849,0.563302386396225,1.47640798617744,-0.704057905694657
-1.95851343397983,-2.62854656534206,-1.22135499926904,0.108448565686264
-0.922539881469608,-1.25551511068549,-2.16685791936369,-1.80113085350823
-0.00380913295807839,2.64119255244592,0.835806096365742,-0.949347338806005
1.73757886505636,1.76696123168627,0.135622373021901,-0.348854166673593
0.760012413939468,-0.372699257143972,-1.19111706202155,-1.82654413942469
-0.401365842121511,-0.59296824347013,0.603902131362444,1.09548335718215
-0.0664290592707698,-0.29490475744533,-0.0673905836380169,1.22813776261549
0.417207760859163,-1.63921626674095,-0.628831751576383,1.53161425745051
0.824413031820765,1.28729615992047,0.326818566247404,-0.655034492734983
-1.4557104898101,-0.641381122660993,-1.50507989114294,-1.83211451162015
-0.0696880068029517,0.25857569638352,-0.471130063626803,-0.412175812665538
0.0503395549070453,1.40284892568391,-0.400522085418182,-1.30734145661569
-0.159352698709072,1.84495996423085,2.86483553863316,1.92646441999138
2.27059239006459,1.49114268609265,-0.587223405791919,-1.53221508564554
1.64468472861162,1.25850109615498,1.06345406427139,1.81314390667164
-0.93880012527159,0.232713225107712,0.244119983841923,1.16202097625358
-1.07623265693603,-1.5350360175316,-1.86869393403437,-1.43410320935631
-0.55508850392184,-0.0346767993534384,-0.328716273417993,-0.571891584168862
2.44425572723937,1.04234518878848,1.67745996913079,2.51105388749064
2.45594550567401,2.5186954986583,1.77395856959064,1.85405179832052
1.20353233230906,1.78920658790079,2.24694150465309,2.16771036535697
-0.114475656266744,0.120334429968487,-0.129400535479308,-0.266994481099888
-1.34938904303148,-0.859591674191851,-0.888329931630369,-1.24509925056114
-0.847407258688145,-1.44864890268349,-0.192514385874853,0.7956430385121
0.819670526459402,-2.58336159597087,-0.599193383753709,-0.618455734562922
0.616621763275587,0.860841188639679,-1.02055258685225,-0.560601242510656
-0.721715213673187,-1.03170500488128,-1.11437101271867,-0.162065347622387
-0.188180785073433,-1.29850294434993,0.557475046727025,0.585676057829553
1.0618274431655,0.898431624500033,-1.7870898946205,-0.355486685500023
-1.98295878620145,-0.336567010028548,0.503416756842486,0.769116491228811
1.17187056853671,1.83525342347176,0.453686669752438,0.379807790889011
-0.472218694567607,0.374512435340763,0.201758038085576,-2.10718623623732
2.39494428693145,1.9484803467427,1.87573188323112,-0.533330380036205
1.52460008367668,1.50365063894031,2.36380829171024,0.813751164077867
-1.84663495385309,-0.996581427328749,-1.38780458282328,-1.44506899246133
-0.258680948308927,-0.500760116094248,0.760131719284323,1.6155226845357
0.473770892216825,0.608871560303265,1.13088510960016,1.1094254517734
0.298639346608008,0.396400033931145,0.524826197515979,1.10671234987234
-0.518059270527496,0.10546751332076,1.92714950629957,1.12426918003467
0.316985083222102,0.105887080416512,-0.226075600749809,0.98565000228474
0.823774646225286,2.97363547787631,1.01782489613343,-1.72844728437256
0.562405015860695,0.234790162322409,0.460784388879533,0.732235403218678
0.38324738301611,-0.017294150762684,-1.18885374005339,-0.713023718972198
0.401194066843104,-1.75777712047686,-1.26347195928824,-0.728391564796185
1.06632444745311,-1.24822244073873,-0.914052612782328,-1.30332382712173
1.86341134191081,1.07203783574977,0.644849127138292,-0.305293786582422
0.423679059982242,-0.817036418560055,-1.34726234954781,-1.29717431406889
0.0449999879984555,0.423655312821046,1.10491582377204,-0.111944416780799
-0.112881917772351,-0.925830639979526,-0.571630120966436,-0.338079278585
1.02485401517311,-0.621573030081302,-1.25557356245336,-1.80204086995388
0.944746168444521,0.527786030871596,0.606581454740155,1.68400156347627
0.401658227077174,0.898267092421924,1.66702908037309,0.52409258904366
-1.33789102200207,-1.39212391818091,-0.819303810248709,-0.177393117880967
2.76571824473431,3.02099646797359,-0.490640636569069,1.50875380589738
-1.2572176548806,-0.811226054042579,-1.7908886028925,-1.69378856216979
0.41356746445722,0.616700909154664,0.825480185261801,-0.999262591197958
1.51757022587414,0.582165120636208,1.6088722343746,2.02805385994365
1.10699359879744,1.91507286189986,-0.0778448489222776,0.549679973111081
0.125780166512347,0.428589632611583,2.62130942438079,0.803108354305733
-1.45902854946366,0.0319963650079833,-0.0736433868003157,-0.505302622153924
2.89799896657194,1.78851420412206,1.64871806095922,0.631199087599504
-0.54805953428767,-0.289262626447344,-0.407865418920746,0.989493045186018
0.0938950811938344,0.679564571929504,-0.202116482986894,0.513720138018607
-0.385240145738936,0.549762725847289,-0.564594054889017,-0.89548787316896
2.17292957802111,-0.73646526351482,-0.938990512513575,0.134691268415202
1.19424649262564,1.38472895693023,0.514381468971405,2.46242185760521
0.468137809891683,1.43373865187906,1.4388444741298,0.969543116390854
-1.50729115366991,-0.651851870703221,-1.57182146967164,-0.431233180527877
0.256995686806224,0.488123537864244,0.131066738123312,1.36227704708838
-0.352675090516795,-1.26374949340079,-0.918644709542901,-1.78695552387559
2.66462625538694,1.64317825678792,3.14251050280215,-0.0363168587991767
2.07609058675944,1.67741618280724,1.11752097316771,-0.754081603357184
-0.877710709306873,-1.15653776660212,0.0287157362982703,0.678400406000499
-0.0920609372104885,-0.0210570500631868,-1.28891234669187,-2.59274472526598
0.551882064640147,-0.331743085613877,0.0785098802364224,-0.800132311139227
0.848241016096999,0.848881020282329,0.844432753825894,0.325326117538409
0.479479424578842,-0.621922259729748,1.59215369767726,1.23451063825922
0.652809772381178,1.40974335945715,0.191556567041469,0.293811127265257
1.00857772814187,0.634511527293285,-0.342275695270922,-0.987610154778237
-1.799431125093,0.523408533026571,0.200959968460481,0.757019299243613
0.512223209658139,-0.387785695035875,0.315520265891983,0.78560804506461
1.27148884883076,0.439814533595552,1.20205236269002,0.806706952212782
-0.742291348267731,-0.147886607472653,2.49631211968136,3.867877465666
-1.03155803838794,0.494233585051921,1.57481189572213,-0.169001206453139
1.40577352914861,-1.13019346024001,-1.21604365195527,1.12935908637203
-0.136319712876799,0.751141528982253,-1.22985354730997,-0.656458128728979
0.308887639280926,1.14713849983688,0.379994255351322,-0.254148625514784
-0.175651653418136,0.370266893911921,0.582118733230352,0.5716878458692
-0.79117556040946,-1.20335518533067,-1.6819885520322,-2.35261117300711
-1.17700654710611,1.35495993786135,-0.136955771081107,-0.911231058816414
-0.820539399628375,-1.33707554540017,-0.813593233940131,-0.526785965840013
-0.559649827848295,0.54179922916747,0.783882967772661,1.22302847848293
2.10995113967714,0.937555798503104,0.985134038349796,0.447234165419056
1.04286647429142,1.54863394335594,1.49825021829316,1.60613638628169
-0.102806007191636,0.328462986670323,2.9700816145179,2.47092827620385
-1.42329132812197,1.10123177716835,-1.61843242127373,-1.50647930448658
-1.87511296971171,-0.97512002843202,-0.419312526092967,0.707068240600343
1.74698512699173,3.12574944543823,2.17873863089921,1.92126040951319
0.147346744689309,-0.0322092243599333,0.750632799709545,1.92578843784522
-0.653881845673014,-0.124691998083848,-0.313408767487138,-2.17150695834272
-0.6894540502313,0.225307636825806,1.54801568711999,1.57398013651475
1.52454994676733,1.71338446376023,1.68110413870401,0.171633496644162
-0.0370742753894199,-0.275835671995127,1.03499839723777,0.46655833709935
-0.617651125025606,-1.17654562829852,-0.700372396428751,-1.05452053746018
-0.192469428047673,-0.645803913913483,0.294159140114637,1.13016090259001
2.03374705093571,0.770340593072314,0.336539906099937,-0.855679010485473
-0.38870863423566,-1.04691290812599,-1.74527671867809,-1.14487585518341
0.545778252658918,-0.745096793105177,-0.464694016190127,0.680724518804894
1.770897498953,0.688888305051828,-0.108851734977665,1.59412365398597
0.603236488360688,1.64482994591917,3.0853149142734,2.3552416222711
0.665361112643861,-1.27259519002689,-2.93715537381851,-2.7533543568813
1.31151477159561,1.51463385757027,0.39291559050051,-0.87521819439968
-0.360315771446993,0.635732593182364,0.278980991953492,-0.663051836722822
1.74619950461532,1.57417555443755,3.44233711791615,3.20791012859318
1.25964350674002,2.30513967646264,1.60332736800533,0.829776097940921
0.856180107018578,-1.64506924539398,-1.84624800601609,0.570355204143531
-0.739437069631606,-1.15466799918931,-1.42030454937313,-0.417513716478811
1.27971583650732,1.19695800660032,1.10964933408791,2.9813658465195
0.0859938555171248,-0.673193163020725,-1.66414202557657,-1.68311035438934
-0.500219573619067,-1.26621076928649,-1.43397166136855,-0.320284942036184
-0.127922428177024,-0.458963062947196,1.15096495472231,2.09522305763749
-0.401331265996584,-0.870293477989121,0.0467827900864229,0.455395709100821
-1.4938582030804,-2.4874225732911,-2.89364598136015,-2.52854366597588
0.528642726185949,0.381009786523825,-3.42814969706541,-3.57123376965546
1.09469361440763,0.79457612492391,0.245912176311921,0.596474653092088
0.291628328840863,0.439780209781786,0.764336975164337,1.52822748963156
0.501671677810249,-0.169690962691693,-0.687964675751095,-0.121038988540026
-0.12626805165526,0.0560342130448969,-1.28094078619436,-1.16724058080235
-1.86921396403119,-0.13196059967761,-0.320949645386354,0.239098821112704
0.884444420403459,0.854423257472334,0.463070947185082,-0.300744008875338
0.123979672259347,-1.47554301831336,-0.687402184965385,-0.811431810236122
-1.20210981522813,0.291053356607418,-0.260370396641525,0.0586193175460671
2.0080988778965,2.1968589382172,1.48842928311611,-0.0448254982050701
1.20507559427956,0.890982896101646,1.02010168827082,0.479557534473844
1.55103473920807,0.551133237532137,1.72858933074517,-0.38354770352962
-1.08292951936357,-0.444531122336013,-1.79626086456977,-1.00686781241633
-1.63042672117954,-0.412985207966527,0.877614083901016,-0.185693583219757
0.655767220691425,0.439711777108853,-0.0851695943270016,-1.9942961328718
1.65273706531036,0.672873649721287,-0.337136330556144,0.630178229365654
-1.77252763013403,-0.736805612921169,-0.984533604318272,-2.43902426320259
-1.1298152915495,-0.125300017345417,1.72875948917941,2.75723460348879
2.18173951410005,2.76951002661247,3.1645258433921,1.40478885644264
0.358791154269977,-0.114973825254408,1.582066596803,0.439077966693518
1.43914474400906,0.288020599277218,0.693635397416242,-0.424350143195364
0.409290246326372,-0.0986088245556869,1.22051675159772,3.17250464047333
1.10731591725617,2.05754955022222,1.01989484577347,1.5071225532984
0.369440047082848,0.911331173248117,1.22990475245314,2.48930596119767
0.731961441145565,-0.329829559840869,-1.77563778562333,-1.40011553616431
0.672923431009797,1.00454914935649,1.88405040127359,0.707347795075259
1.96986173467239,2.77658640649686,1.23395363734209,0.95403395355232
-0.0863615238150354,0.141219179374108,0.121896054285962,0.141070958266742
-0.529841945358731,-1.71102023508956,1.24814797442609,0.261021643944453
-0.226956530219632,0.271578715305826,-1.33535328676535,1.33921056545769
1.86816130373746,1.40876295483949,0.103876343863011,-1.01767755246386
-0.31904263316546,0.551302180770889,0.535643498208472,0.76560493511916
3.77305731248964,2.5557998105453,1.26679086445123,1.24702531320605
0.247787854504122,2.45526986198514,1.1059509928566,-0.328512780756967
-1.758565430972,-1.25018488463478,-2.04098709690558,-2.78588818712468
1.73976055526921,0.154708367346156,-0.407040547832839,-0.395965353744506
0.604664588833943,1.783829746379,0.21660587363402,1.35882895706108
0.952631623897693,1.60144918916413,3.28293033368234,1.22381724505464
1.36392053401366,1.1039186252463,-0.204500537526739,-0.857439671718331
0.415262920822416,-0.468456567031455,-0.525484612432058,-1.69317890744456
1.00159676022049,2.24550452813058,0.69804338289711,-0.0733686971342195
-0.0987193243720745,2.01654053740353,2.65228595043332,2.76540620315394
0.566256103189987,1.15923001931635,1.0594611510253,1.41891360584823
-0.203631227527918,0.655734465383893,1.08538091907642,2.13536030071866
1.10737713695196,1.67754205712495,1.37210489388609,1.29777773913227
-0.373690301853438,-0.410199875635876,-1.4320880149155,0.650425450344756
0.28829030076431,0.612633155987845,0.636311661366704,-0.240773876894618
0.7221253277331,1.64853078584987,1.5286924727198,1.69176929980921
0.502954943590845,-0.070670777941983,-1.11353008440234,-0.608270478660095
-0.88052728787569,-2.97345676968416,-2.35552272253883,-2.05110253250645
-0.710102627080877,0.38443472683418,0.669675322551545,0.695522731865641
1.7505465717148,0.631602991636121,1.86264708694008,3.40047806117699
-0.423155361393289,-2.05692416335743,-1.36520716325195,-2.03690778345941
0.267846709122011,0.883893934892205,2.57696004460376,0.956799689925552
-0.0624617908982079,1.53020467385924,2.02161162348169,2.83895191897848
0.409615111373195,0.753359525466875,-0.909508010306803,-2.23097645024409
-0.643759757705272,-2.60448673495039,-2.75663186083466,-1.08813739050548
0.305851265492834,-1.16930071728927,-0.278140008014218,0.374019492461256
0.0241685214167056,0.778432633777723,-0.506374072597098,-0.63762054751449
-0.224482308954325,-1.62595504314902,-2.69274650074888,0.00291529778514277
1.05074725716219,2.21527461134818,2.91197610118013,3.46010909138593
1.16658543667778,2.05152744065784,0.660048927306083,1.63321378520584
0.857375255306256,0.639892759198088,-0.41588107276929,-0.48018057412825
3.10579887261652,1.48236151941998,2.70975549452317,0.486951228042035
1.20950750969858,1.45296947174779,0.66110448512922,-2.40250317233521
0.19317328913976,-0.542865351653352,-0.879324051983915,-0.8578130359827
-0.664492173252704,-1.86161579356445,-2.03794854944526,-1.2759302816787
1.11842957937466,0.457101068718701,-1.03703120423909,0.270999843148362
-0.687859016750347,-0.251483944156835,-1.38382561074704,-1.1487805338928
0.392435812890811,-3.14562925553127,-2.00003983573022,0.43308856680739
-1.37008288160787,-1.35391260884313,-2.15653434857938,0.453897354392276
0.859931033321902,-1.18024586720925,-0.820917037548692,0.678076532681342
-0.814829796335811,-0.477822093731164,1.02234238037591,0.494675046228271
-0.178959057406564,-1.5710118578955,-0.545018340211885,0.185934290170673
0.672345441756346,0.305319057950015,0.484434500526019,-0.245659388171805
-0.00870054223304773,0.822554692256764,2.15721837034713,0.136986599834678
2.21402945653971,1.70090973030882,0.217976593161792,0.555509818095512
-0.0130866715640631,0.646213828126133,1.21588061412736,2.46626784568087
3.36811483434777,0.610588109773278,-1.00163652451141,-1.66829360981125
-0.349538894832419,-0.356839176576407,-0.0334917207839561,0.497923378787355
1.28457940419346,1.7815633228711,0.48493661352921,-0.157628816929719
1.60232560568778,0.809708778316828,-0.312595941482424,-0.597590287342516
0.244401673815184,-0.528447127935116,-0.546930017104014,-0.720613648946249
-0.5445692949131,-0.912157234947221,-1.25204438185939,-2.36284686377738
1.27013365681543,0.288474793887936,0.42284704640649,-1.02843631970651
-0.865695929094072,0.636028560202142,1.65575443281311,0.055477586551744
-0.0366399081741057,1.76601978060611,0.590078482424075,-0.476611944645905
2.18780303920119,0.336273261990672,0.169470864784153,-0.185101218108003
-0.0459856255970283,0.919865757938667,0.185965325546374,-0.221130510404066
0.460083129828568,-0.557718353645579,-0.434069922781813,0.304665332145562
-1.10590813792637,-2.1351347792468,-1.26381130334372,-3.28737065763211
1.02457037607268,0.303667340789859,0.970968653699209,-0.126722010562901
0.961603526107915,1.99768487651962,0.834161554764596,-1.11264906906213
-0.713927729758385,-0.30700417260138,-0.636015587823231,-0.775839208671183
1.71270149897259,2.3444875381097,1.52192003202009,1.44027731602765
1.66088824670824,-0.333771819675297,-1.9274340491406,0.410948032928675
-1.82940427356558,-0.546930966323484,-1.26743023628411,-0.680461901056036
3.81579938797747,2.12942069863165,-0.82068484964116,0.290426289743342
-2.00256651411851,-3.79303746357551,-1.91024773345837,-1.72424926179815
-0.104837494344662,-1.40682574336776,0.401105631977221,-1.16805190790547
1.55420792435057,2.65974270062386,1.74527915874778,0.520051275517254
0.289385429348326,-0.47979793347916,-0.22215386482056,-0.13507730267557
0.816954851118189,2.70213759176968,1.12056102996313,0.902686436364916
0.324540157087583,-0.356185900307672,-0.0551845977296415,-2.29050101391745
0.710189225507255,0.741785027958077,0.418836775055189,1.78552713226776
0.227204270071567,0.367738045689748,0.110985478817843,-0.128012009620511
0.714208787416584,-0.631405743667302,0.786018676069839,0.696645920604146
-1.80486975741438,-1.80272822849161,-0.56430702707574,2.11839032238062
2.4387891245316,1.40864054468225,-0.902392111575066,0.814824893498021
2.40242227384578,1.18244217577979,0.890402291769014,-0.321452297285558
0.520804544641221,0.272642475345812,0.484521110168237,-0.236104838839504
-0.329933380764799,0.197278687847405,-0.231226757548556,-0.567332158508183
0.853007324721626,0.757273764317342,0.0130402559598932,-2.56269874574275
0.111474201418986,-0.709589198567244,0.359294693602323,1.04012944846161
2.64849486920945,0.779560294564492,1.22749951244917,2.0756492198299
0.85608083189155,-1.05133726552353,-0.0695702914836765,-0.45983332130703
0.790682878084,1.36836710478725,0.881159266714873,0.727999451856431
1.66951786029177,-0.16819016380121,-1.77722857986855,-0.380690011240946
0.384578007669962,0.0761594513984648,0.203562101240743,0.573004701249643
-1.66512729340209,-1.53810791695464,-0.559083576846892,-0.267736134208702
1.37838133426752,-0.092659799924337,-1.80993387142929,1.07875955410175
0.63138932576123,0.214377544047588,0.913608376118288,1.95756453290353
-1.42448375315298,-0.230289273679673,-0.377016442697431,-0.653761914949888
0.277273216375472,-0.744483799063384,0.268154839312324,-1.28741422895636
0.608692339425103,0.2470688031825,0.22853232330708,0.900902074078165
0.78999724764963,-0.123004167763473,-0.250970562439872,-2.01585354548027
0.269788722444229,1.31218045904691,1.06410021651282,0.92869393067263
-1.4324227193604,-1.56442696466761,-2.36827761773099,-1.17074600592564
2.80574185807234,2.21216790409492,-0.525678066775366,0.397055973606129
3.6562216480296,3.2825612237334,3.09478109252461,2.56760852215938
0.993122671454312,0.867682901694201,0.141332507887236,-0.644453213924541
1.55384695124079,2.21520797894663,1.69498444356054,0.412327108088351
0.225095372911015,1.03467826326895,0.541333006169764,1.90531589468888
1.17682773749448,0.470832345885796,2.32055706857776,-0.148186397071254
-0.654155211835049,0.260033090277016,-0.24481906964954,1.50805590335473
1.03836786008741,0.676878135964244,2.18111443949728,0.631576276714046
-1.01229977316436,-1.74202499916012,0.351011118356801,0.915015462158354
-0.377439446917232,2.21233186005802,0.965972542380502,0.187364221840094
-0.304793059614778,-0.610329309165095,-0.642521917266584,-0.974618577466702
0.480215180517586,0.252797498442793,2.66302667469914,2.04194416380607
-0.673526271074644,0.0689818044801757,-0.00428704510023435,-0.203256947910446
1.72973082259214,1.48286544937501,1.7706403828455,0.65502208473901
1.43495909698861,0.0750854793294597,-1.09657044134628,-1.19803179103372
-1.26198558008134,0.074308332971203,-0.337383581361873,-0.780860466089556
1.06915305109026,0.0526420021998251,0.040320502753313,0.495865798761403
-1.32218275163525,-0.897326649765975,-1.09990198127531,-0.0400644016671198
-1.57114177797963,0.975927915536561,0.227560283432705,-0.937372714221213
1.65278265234792,1.22971294411006,0.0121323533754295,0.446663987167308
-0.198409274224088,-0.736550313185473,0.254365935386577,-0.509369123502241
-0.780795664241361,0.817079148296446,-0.354145292350786,-1.5628648588809
1.2592389373715,0.904587153046383,0.172349332603943,-0.480219330199136
2.25868036454909,2.15469935477854,0.141195233844613,1.29289622923327
-0.191928637824189,-1.85695742490759,-0.824118944262721,1.22608994627385
0.895661862098472,-0.852526970677074,-0.8458985193347,-0.305774637728474
0.225585818870648,-0.141094148394303,-0.00508455142027586,-1.00340745628715
0.615507982284378,-1.30986855072181,-2.7646530151196,-3.57740033272971
0.713425631549262,0.776863867138905,-0.370594957316582,-1.81899088331037
0.586545824251761,-0.26197680935936,0.0926357621310777,0.359655897830068
1.8595350109315,1.99328010983908,0.56341525419474,0.456831586743793
0.979494885727022,0.707996686680103,-0.590765706571307,-1.35511243730953
1.89012020094449,3.66481604563712,1.68071751495749,1.50162878346892
0.367136210688781,0.513626528552354,0.376701929639848,-0.713390848869661
1.55936212723079,2.42386076455292,2.2453603799739,-0.178316384133751
2.85224005511371,0.537096598329616,-0.0865849043191879,2.28455788809897
1.60539096482032,2.23727215560643,2.37240959721494,0.803047052089017
1.03467666212171,0.459318720372011,-0.507518618756099,-1.15565787822098
1.87808416796867,1.59083464064713,0.608659000011896,0.112423922272093
0.199201186922582,-0.199881723900869,-1.88486906234218,-2.50509571187406
-0.666504567509733,-2.48168393453363,-2.4664468645736,-0.557977740988073
0.00909803258247877,-0.0214483009706088,0.52853520932002,0.498824576303309
2.03561575372709,-1.94922510324454,-3.8320231233193,-4.48507516236852
-0.501564702729798,0.913647789803454,1.19532474475411,0.0901361211796863
0.131054786628571,-0.0131545540691725,1.76842046903474,-0.53464433446792
-0.623727128507115,0.876941351238352,-0.203822765312441,-0.655618167768749
-2.09281746674091,-3.09455382777989,-0.308835693584264,-0.370450401259401
2.37109934145932,2.66082811520366,0.777767132525724,0.440707826049827
-0.984673606640194,-0.530468713482668,0.409341004156234,1.16370773713548
1.7017105889978,0.48532921446573,0.462997171249971,0.359202771409781
-0.409457669122881,0.0934680932364288,-1.06286266653351,-1.28620609146058
-0.475182501913497,-0.149546571286987,-1.21967077407584,-0.180991786109892
1.39566228571456,0.107108104087876,-0.59672928934284,-2.16645728818432
1.97011521852051,1.25291252939215,2.63279835764792,1.17031179570795
-0.863255927470451,0.0677609997293466,-2.56040584163388,-1.52576701101475
-0.338404423486342,1.51096622039059,2.41686652990852,1.15225365404503
1.26765785386846,-0.92723209752505,-0.410188839964812,-1.01867055892539
-1.17418078286652,-1.01711047472059,-0.697578344998839,-2.08329642661461
1.51700407566309,1.4103701931995,0.360501717561856,-0.874188011218047
2.53337211998321,1.75937973078671,0.358622472984322,-0.123557826605252
-0.595618847978531,0.175184392276748,0.588730985145088,1.48013471428597
0.399801960049149,0.39568408524194,-0.0958938466366133,0.332780134848682
-0.686548610575028,-0.595366273535591,0.131043994001311,-0.797651975711361
0.0270506006064952,-1.51974285259277,-0.71682351667665,-1.27948849218854
-0.204228675495884,-0.724200401617878,-2.87071086441641,-1.97720621538602
-0.695953372258088,1.0908814019013,-0.512512907269722,-1.02130953384386
1.69410282449257,1.05841587224982,0.271587529802469,-1.63826384062666
0.61843629435914,2.66143704895579,1.59882756671676,0.243231029646803
-1.48341926217635,-1.65959508719012,-1.2142292055311,0.00342888925204909
1.03089052924699,-0.376285956622907,-0.478171342568374,1.34826124164523
3.02260305860171,2.02959069734897,0.806036881847693,2.41052457452
-0.192933973212332,-0.880323697917098,-1.29043808487662,-2.8882757460566
0.692094093130812,0.353595257927018,1.90201511102377,0.218486883016272
1.10256291349207,-0.0843212561347886,0.303140182985892,0.703726276606909
0.780972622735738,0.438706569345426,1.57535280269898,2.27278852775572
1.17983663227732,0.610553174549109,-0.185907904466098,0.924805037560264
0.453979847192633,-0.717230387398453,-1.0327629769294,-1.70751123250597
-1.60214887346957,-1.04671543321538,-1.0922677086887,-2.54526485001954
-2.20793213654924,-1.31337363186754,-1.22721429130398,-0.445223768277542
2.36765794365748,1.42718845822438,-0.660200792943562,-1.5542016501027
0.728977479883009,0.185812297579578,0.0269909203816254,-0.193938997417998
2.31529027077398,1.67426095430377,1.24321170092459,-0.516122915873645
2.06156131483862,2.08066102906752,0.89832025871204,0.415612820697938
2.15391443371112,2.59383812579287,2.23333125423503,-0.611601688600999
0.715529538776954,2.6987929808502,2.74816489363631,0.526204964268445
1.77188558512143,-0.51768126050961,0.37234017948546,-0.754101211337452
0.545895530671034,1.37993976440293,3.19582700540894,1.37307922301155
-0.709750372164652,-0.827223916939656,-1.30065874395305,0.257302389477126
0.35584768511325,-0.81443579500178,0.619509568044508,-0.277883697453744
1.36053564876221,-0.314104917508571,0.793336247951932,0.235981362998535
0.19865731335377,-0.892451073712401,1.51913777316179,-1.15963169337251
-1.16340118524035,-0.527057605762501,-0.787000457064654,0.583654982880272
0.856878348675912,-0.40602624637759,-0.302737064830479,0.656718964772736
2.53384416292605,1.50381011195416,1.25694405969082,1.09761297608422
0.802375012885178,-1.51436777082214,1.23144577662531,1.47117005971198
-1.52267181906573,-0.782409095427164,-1.92050306394091,-1.20144634453887
-0.103115269724961,-0.351632227043537,1.98844687287074,-0.173504976245276
2.73528656581885,0.781132282529667,2.35202929929357,1.20809801056179
-2.33221345240362,-2.98126595250079,-1.55217087550953,-2.70464311992319
-1.28998822871115,-1.3167240297903,-0.562537867694463,-1.21440342265173
1.32925376639176,0.124340973573655,1.08752447398604,-1.45439343826278
1.40740949159805,-0.0916358068646445,-0.449394910456625,-1.18421942221035
0.440658689813196,0.979960625177966,0.520083566230726,2.92371447156791
-1.65782657461869,-0.504077368553109,1.21862873368965,0.118022912614163
1.01312638385322,1.12502180439205,1.44804035792726,1.46039773139972
0.616170312631205,-0.481675773309852,-4.15416556459791,-3.95301405954296
0.0579271646738537,0.770212197955963,0.277961305889492,-2.10448131452444
2.20673198079253,1.80067380009491,3.6368053853593,1.76895108390153
0.360440110603823,0.739986712415518,1.79038022371386,2.00607762627065
1.22027764848226,1.72624702753568,-0.21893744557586,0.631203892151383
0.357680231032489,-1.0065494521049,-1.16137277679444,-3.3159374463216
1.2102741880677,1.25720106722078,0.00679325206541059,-1.00391546169651
1.39755381173025,0.610193992848775,1.28576292114353,0.882819698538855
-0.372802709598117,1.31685164068011,0.804280943608478,0.326989763299482
1.18192516831727,1.29754157206891,-0.0954483556125137,-1.38313235758503
0.305536978768594,-1.58962315356903,-1.64424153528543,-1.37398639649819
1.3706839484274,2.63759065306856,0.781205264191771,1.87100604550682
0.0261495304707129,-0.722012854411643,-0.7487327126016,-2.15682866664787
0.952690639277086,0.289558810725597,2.60534567746394,1.39280705867946
0.989198277366281,0.109293385300999,-0.00590672366142781,-0.530483957045815
1.88962413379159,2.19161249622712,0.602401219932324,-1.47035753244738
-1.12340303628555,-0.296037500541896,-0.593195553309753,-0.0868922123077405
2.27985399574531,1.40411318389235,0.500224867054783,-0.133192963849731
0.0808591915045439,-0.880012038168926,-0.411427686064643,0.978133186813122
-0.929274703042487,-2.56335996287773,-1.55859002854253,0.73318988239728
-0.199373314004671,1.4125086348528,0.625491666163565,-1.12052349871881
-1.0487892712322,-2.54998061802257,-1.54388823308898,-2.2109877001359
1.57308854861392,1.08078401423983,1.71009486007969,1.06590364556203
0.379628161595799,1.25908118216756,3.24099152655043,1.33057923291054
-0.954296573620825,0.205173983769791,-0.825184220933149,0.70927515268036
0.285597070122662,-0.273324985107954,-0.00754996726085233,1.80816691034189
-0.631146835044451,-1.43084053364596,0.00576157093490282,0.452821384711535
0.553272982202967,-0.70534837919922,-2.14025131077198,-0.781868537986592
0.410042056500591,0.716142337085877,0.711871188238702,-1.28101228323973
1.60799597358246,1.59429309455142,-0.20739183459604,-1.17782045794192
1.55814634396933,0.0596381152254196,0.666867657593286,1.00539188185211
0.733745868304145,0.489007513453791,2.46178354853878,3.00291969074703
2.23582535253496,-0.824730389899514,-0.0183065655370463,-1.51779983593276
0.815876090479255,-0.582148262373523,-1.32727505283649,-2.21815112258519
-0.161296630141365,1.52290386111507,0.964580758921962,2.60743516705156
1.69769720554299,1.7826080101563,0.470945592012295,0.846613949629652
0.786030536850505,-0.518149830805418,0.731806087092027,0.00384086286946422
0.118720734524219,1.03088094219199,0.499682792287824,0.176865082456172
0.953177808181434,1.16108425670806,2.01257097200449,1.03655719296277
-1.18760289240714,-0.750298007574946,-0.450343549507686,0.727396394208342
1.71195436561799,-0.728656769563345,-0.255173095212701,2.0139155247883
0.687864624869088,2.11677890375601,1.7735833869789,1.38521656000236
0.174746536938361,0.531810565113675,-0.224404719239642,-0.362328251977143
2.57020173920571,1.0281968653236,-1.40806536514106,-2.1085726123403
1.38256733061961,0.705733057855687,-0.018683266997657,-0.92651206946062
1.34384322225882,1.27265170704924,1.93661353806876,2.37201303691023
-0.943020178703564,0.374458804791184,-1.12223719130376,-1.70132851923526
1.46659324941701,0.85973592823428,-0.100005163232582,-0.58940688078604
2.34230117254345,2.29692698939147,3.38850823554661,0.929791493145061
-0.28993472163285,1.56711554385386,0.816156578480985,-1.91947384779893
-0.579203158460814,-0.755156820394579,0.944024656158262,1.84757984305117
-0.605716156775816,-0.374164758597542,-0.7177778754381,-0.241700343155802
-0.756466329009608,-0.78115524155499,-1.38789937685252,-0.674842431792861
2.09584254481884,0.770116294743068,0.870104793390582,0.605863682249161
0.304727876682578,0.435999377102271,-1.04640353517133,-2.586722067435
1.78302390357812,-0.148058585294659,-0.828379909174709,-2.97813609542372
0.819981630644406,-0.582483612006866,-0.465075649470852,-3.04928319151256
0.476834994813465,2.13543271888817,1.34792249524764,0.0580152668236708
2.38186472231388,1.27972742511479,0.230072626131151,0.49238173409764
0.981287252094388,0.210405501615738,0.974892962647915,0.332849528970653
-2.22985684562894,-1.00660802369339,0.417049456490494,-0.865243927169931
-0.582091828773047,-1.26405259077817,-0.482495258077203,-0.351481820963504
0.674404648397298,0.192287393963574,1.67589038670669,0.845475962624429
1.29726742500061,0.542233582722284,0.861287009202034,0.167242747683059
0.955060550811491,0.208753380750411,-0.525085472513759,-1.22448200603078
0.318778118523772,0.699865506389001,-0.600445620619528,-1.08987020126851
1.44601847909298,1.5890080757127,1.39707930325933,1.08384402366171
0.940585951250897,1.83183268040747,-0.213980993156725,0.528707000150981
0.0836740615846874,-1.35339928504229,1.53243503180444,0.610658399333316
-0.431643737461913,-0.0173512329987893,-0.0656493346942317,-0.413913621651575
0.719135707970757,-1.10549666995771,-1.33267689911876,-0.390113411643833
0.522681509150383,0.238639894748069,0.483749110909222,-0.950753227130116
-1.35630532528629,0.470125808305607,-1.07537781629025,-1.12113364858045
-0.0832484672461734,-0.164248165456561,-1.37116951785826,-0.711347904961476
-0.938949016624197,0.636037418073269,-0.320204216926225,0.512545877117465
-0.0865018404914356,-0.0075604152753098,-2.44244203954754,-3.48682600723486
-1.4607568167652,-1.82165184317027,-2.19750755819271,-2.34750114154129
-0.0777574429199118,1.28269653572306,1.43779747815017,1.63503485967998
-0.0887506852840138,1.09103465413383,0.2227387964971,0.420103931817001
0.288176711874369,0.357587814682464,-1.40607523129782,-1.4023882826729
0.991302280255828,-0.544578366372969,0.14156255570042,-0.216819576664076
-0.947054066660238,-0.233511869706661,-0.699965912006377,-2.03944401539252
1.15949329264756,1.00557721172361,1.65942561182076,1.74944949180803
1.06892716601133,0.273983670771172,1.90145639732928,-0.0705057250942056
-0.311192966271284,0.0479160455880149,0.433021069309074,0.174895071791315
-0.495478358832238,-1.42671530142503,1.34866523892104,0.228221460872067
1.68810644214778,1.67080388793135,2.09508184886908,2.04639064239889
-0.813557222566188,0.0398022469790492,-0.705277077024477,-1.48349663546388
-1.0663817196286,1.66473871139282,1.30421086935904,0.338369398400043
-0.477587242154353,0.0332598905909998,0.798102106732017,1.10240728907106
-1.14365997406705,0.87191773064675,1.76973260495122,0.845297253145196
-0.0396644876410842,-0.809159445573774,-1.69944582706611,-2.39990231447695
-1.15674997328969,-0.965983631593642,-1.78433121696744,-1.58968327213825
0.128109459255624,1.97964900202343,1.6544255742641,1.29161054617853
-0.472520805271437,-1.37955113582378,-0.744391876373446,0.0104987220602945
0.105582281898614,0.649081846311693,0.576961182916578,-0.71651601583133
0.673711966282122,0.868398713572061,0.367248809045746,-0.103365820526478
0.540527315664849,-0.256492326988972,0.386204258942984,-0.409749259674207
0.821544467023756,0.0426516090977275,-0.557282979052145,0.586558094167656
0.986863257425338,-0.916725744095754,1.96844118995881,2.81141147988194
-0.308909984089687,0.553291977407569,1.41626609910926,0.908574922492108
1.51957250334366,-0.961101254732997,-0.689930197247357,-2.50697181988473
0.757922142034463,-1.20845244510981,-1.34291064105419,-1.21015774527179
-0.696607548810217,-1.02354147144227,-1.38258296333958,0.308686894280474
0.289344331787841,2.34454585917858,0.457806440985662,-0.751736746698423
-0.369840054064863,0.907764521378381,1.19799679716631,0.0799505424076782
1.48035046369194,0.135184906720767,-1.17753949732148,-1.55118069395284
0.888300216884185,-1.05451000610198,-0.115873620903196,0.294821829212222
0.392853805840064,0.47120480053322,0.707031120265375,-0.877226086959744
0.245688521016656,0.0528388681586569,0.498760055203416,0.599467856907121
2.43702000055876,1.08187046319946,2.15096443715182,1.0009847602848
2.01801691550676,1.29178404900507,1.3653206606856,0.280324098166399
2.30601532727725,0.674906810422813,1.13832060241012,1.50575468230427
0.896204483796132,0.380871326644264,2.02583777143441,1.18776756764029
2.81749936755063,3.23022022882439,0.21849649747874,-0.300149458283186
-0.396006714474023,-2.67040517383281,-4.46689235034543,-2.68867875894916
3.15364488246239,0.0673589901029776,1.20036103245451,2.35353767163674
-0.233769627595003,0.241394834319109,0.0977162076321586,1.12820153023925
0.0291856184453069,0.960102388914732,1.543758102894,1.54831845864094
-0.195989243285385,0.0999146915954222,-0.350676906656237,0.559562906781344
1.43048308968601,-1.91143810689617,0.174165562931118,-1.09364563440095
1.00817753478885,1.39365759427138,0.917240079509188,1.73931822121595
-1.5601688327284,-1.57994427722312,-2.22005133586955,-4.5600931009286
0.059907538037911,0.930836745095597,1.70854953723203,2.38553102125957
-1.15584748507271,-0.619991354885275,-1.92216889131914,-0.872910802237984
-2.87797334511083,-1.99955902148545,-1.69785298735316,-0.656370580816799
-2.17519920490917,-1.4707898114234,-0.43737254897542,0.176889251139661
0.245387880896636,-1.3946729726537,-0.952074036997913,-1.89578685114975
1.43916514633269,1.09667774098952,1.65362337499351,0.922559461775218
-0.382632396214205,0.281404696212397,0.677432137992575,-1.23564381193671
0.395863812234065,1.19813749188853,0.346945232449906,-0.00772813719661165
-1.46773099169502,1.04442254457626,0.60617354873951,0.597536231052471
-0.179542601345835,0.968819240727493,0.594439482865226,1.69525794537929
-0.273554733363912,0.863776015047841,1.98068192907302,0.955307908455233
-0.60978366994554,0.959184789186733,-0.559537862782892,-1.71163036646012
0.83901096608035,0.0223674927564572,1.52353944386118,1.03528279922905
1.16371417768909,-0.14582049654329,-0.163206744099769,-1.71759040043486
2.08994334896204,2.39238048841034,1.83775563479328,3.07569223021676
1.4639719366764,-0.790243801000875,-0.819321252497792,-1.10385335074215
0.817762930866578,-0.555715851853093,0.772565242534229,-0.747248616280568
2.85635029926747,3.09544656844665,0.379958948155196,0.589636985140769
0.00692945490419161,0.825341829179406,1.60682066395721,2.07570740284782
-1.71457279040027,-1.16748424682463,-1.24641833358121,-0.901419368567131
-1.74274583269974,-0.885390412101046,-1.33394504482674,-1.58488797553733
1.48124458964363,0.0619096954892104,0.457518144341592,-0.939837358027742
-0.150399658500347,0.121934254322444,1.06193499643188,-0.21437724459383
0.410494856322172,-0.904698534089162,0.498967729612453,-0.610471526932753
0.861496914469251,-1.09696580872864,-1.24864841286297,1.37555453846558
0.787740139286007,2.93566276679265,1.52707848176048,0.858176295995799
-0.985664984011821,1.18431824475976,1.58419898412761,0.385019295204467
0.313580671709326,1.2664122749593,2.62008348693939,1.43020938588355
-0.591316902265182,-1.85354644077316,-2.72316454445654,-3.82658754523563
-1.0208100512921,-0.240962522590689,1.41037254383598,1.36082409161988
1.83635967120884,0.290505211292488,1.26363801386471,-0.0696439094333405
-0.258994493038165,-0.00598478304466696,-1.65624903776107,-2.11161209403486
-0.273533151786451,-0.920615678692384,-1.60899610213311,1.10744309270677
1.70880580038285,0.348553250099041,1.05708854108154,0.358829313516872
2.10646559307116,3.28556494737587,2.48601538961736,0.564603755006988
0.965452185513243,-0.0551864959227668,-0.507979436977646,0.371818109245641
0.511151647547363,-1.39152690865142,-1.11845580995957,-0.545948411693998
0.381335162009532,0.330854433251574,0.248192137630034,-1.17971635635188
1.92856718850228,0.802081025032873,0.348553292152871,-0.127480498915183
1.46560009710307,1.77283466106138,1.36436342567195,1.38557473906943
-0.601158202281127,0.838333879242668,2.19451657081366,2.03788549585203
0.655670963478054,-0.119342171580649,-0.68659985181074,-1.71670327315483
0.904079439229265,-1.04306701171631,0.1269546210527,-0.0625914849551024
0.330045453759504,-1.88933341437978,-2.06624032385715,0.399831825835135
-0.043287726625808,1.38927446167058,1.51345883043444,0.805207129737083
0.174298399124325,-0.265551123330538,-0.512846336631259,-0.480967645903414
0.605177009792572,1.31484430980242,0.179697454217347,1.10246620577819
-1.3839625899106,-0.661626537572848,-0.798854266559149,-0.876495735349617
1.07566011006873,1.7530297830985,-0.414997375418587,0.545071276878637
-1.09855670368015,-0.896851891525726,0.905685378529411,1.5459835375176
0.642192694587568,0.816143958136553,2.3554250488721,1.36061126366376
-0.756666996654736,-2.59661177008285,-2.65201916795759,-2.42127565225665
0.543530452967081,1.1604288981672,-0.0213759064635883,-0.828159180505215
1.91137418899849,-0.87695424340253,-1.63593464919103,-1.69417067735924
0.0194223632356642,-0.820958224179791,-0.289241048048359,-0.75259709647432
0.936781802521308,1.28167695017187,0.300277165463245,-0.25355419388193
0.664885382226161,-0.814974303010312,-2.26222527089159,-1.20406314568406
0.921600938371562,1.54130869216089,0.770459188427859,1.4385887964179
1.46579331266562,1.11672723167148,2.51079027540599,2.6314573346249
1.56120011087664,1.31257724512784,0.963250646451376,-0.423468722381675
-0.642106754885653,-0.673015636077759,0.522749608993895,1.64765760698887
-0.590530474053507,-0.0383898087895621,-2.36430158320898,-1.45145555922625
-1.69112864729107,-1.53024077819535,-0.867763979660734,-0.133769655396247
1.29208433755284,2.88080796242857,3.05374343961244,0.920837927871633
-1.2253413238596,-2.0020669039516,-3.16270856199636,-3.32618939338038
0.504942956851902,0.077763826081698,-1.06918965114682,-2.13466409365418
2.55812832247848,1.86208999406278,-0.291699601052706,-0.178388091008033
0.700309292587663,1.52864038092475,1.55683262548767,1.13503610350901
0.966471449907912,0.279887030215753,-0.248963430535705,1.12605859610892
-1.33195066868627,-1.45830432962097,-1.11399186898701,-3.71576946621176
-0.784418273798288,-0.910930389625298,-2.05646252395388,-0.574998672607378
1.90064624292156,0.987292531003369,1.85858806633387,2.08970679018785
-0.0920297921127939,-0.490825728256852,-1.84216726530769,-1.15731508058681
0.662213410887376,-0.675363083920098,-1.48320675693577,-1.82072122240054
-0.213617126669059,1.94035045404484,1.6098825794826,0.935996020819733
0.523614223064781,0.200014958041478,-0.382426459263222,0.125491331190866
-0.0308768018353438,-0.41954571726399,-0.647228471798447,1.88586317407108
-0.229981480755355,0.523312579215907,-0.16232431189578,-1.43448200499996
-0.415012804100087,-2.65513149244769,-2.73149290456799,-0.565005130995025
-0.477196908735093,-1.65549368534423,-2.40504617405364,-1.54974563552549
-0.161364809584242,-0.562250866783481,-1.64231487793952,-0.657341082135055
-0.720408160311661,0.953061525538854,1.30332907429087,0.178171815265335
-1.00413781291735,-1.53648022108074,-1.45648946869692,-0.245521663691266
-0.536318825224728,-1.96836341942675,-0.643794134998277,1.31737283181224
1.26074849819255,-1.01935769190113,-0.307888091428957,0.714419957042637
-1.20661493245566,-0.568759051120226,-0.563640229944626,-1.03298801511125
0.111347350676227,-0.257002587926882,0.868340019113279,1.48648151295078
0.255629576041022,0.240734745631219,-0.923553413551156,-1.054989674461
1.82670818543769,0.755044873342735,2.40096149469252,1.1991419589679
1.0883204282348,-0.486398431334884,-0.854566816792328,-1.06785671070089
0.83098288502319,-0.490171181462626,-1.50009842711097,-1.0907601213584
-0.330176261830477,0.477439777273353,0.0829465733654843,-0.674307137803024
-0.545757177324521,-0.472114656682928,-0.0905993033643593,-0.803743649647888
2.30418842651372,-0.477276355815689,-0.514040853256638,-0.390214818434946
0.413832153249357,-0.813821527367483,1.35321474128415,1.55947925811154
0.709300693746118,-0.147858581869724,-0.927572451022979,0.473102702380229
1.77885073361214,0.670833749079579,-0.109941700714304,0.976631120824636
-0.859078553283636,0.770446122460034,1.49404169132218,1.18180209345351
0.925758323026328,0.721008656914997,1.66021709782867,-2.19128881266355
1.39589968584492,-0.703616309128962,-0.363195535873052,-1.1846383351142
-0.511270162771405,0.843513631807623,-0.431314513507606,0.205656751041621
1.18869927732973,1.02602296222897,1.8426814942172,1.35445906929551
0.223739060472969,-0.0815287352560705,-0.0836359415140439,-0.19913191630506
0.828294293356455,1.20315442639731,0.896009252875881,2.15546662882547
1.40643419862085,1.79380772526607,-0.457016310763033,-1.05957355288804
1.64859880933038,1.65010603064971,1.51042412754322,2.57806289947242
2.24122041139022,0.192093524389918,-1.27609290614202,-1.45849946411237
-0.315102459510333,0.894423747306508,0.586591528567178,0.800929425285499
0.557929353799046,0.0429756296651073,0.267844706559319,-1.26569905500228
-0.834334434796061,-3.94127288428619,-5.3628567161701,-2.2248937452009
-1.36232600738019,-0.311004829707104,-1.61893011155909,0.356970021785458
-0.791020048820326,0.712940299666988,0.627210257833899,-0.112483393173498
-3.9251232758818,-2.59615773532781,-3.27232690823799,-0.720038280422671
0.68278994752463,0.137918174261733,0.250416203179542,-0.187489235417794
-0.0448778192773562,-1.21973966740423,-1.42698790878683,-2.48789648926213
-1.19291656852749,-2.0618710200408,-2.03124699651654,-0.10770246599202
2.65308414492947,1.73882759325217,1.5141592072388,0.658712596366364
1.49593967349335,1.02585719123608,0.0843787761312104,-0.734031318622723
0.104289181237868,0.978185116740559,0.90227489329134,0.486353295451164
2.26163836762788,2.02915927158809,0.43608414413389,-1.9573138262292
-0.256631870766039,0.158385655639729,-1.41170972148014,-2.17611009382728
-0.643934382378026,-1.07734160134809,-1.81899893195248,0.368943999574576
-1.24832114429793,-1.54350412731302,1.68301893990402,2.21287600028669
2.47794009735719,2.39241508301883,0.173390109549416,-1.30146560585563
-1.15765735301047,-0.274218223532818,0.840632338386864,0.391670994596859
0.0441560358699933,-0.580882305229091,-0.497385573599071,-1.39784231691258
-1.07106320118032,-0.56766001665471,0.276212224996533,-0.10407099120704
0.743626494370151,-0.595815087730351,0.689062888020505,0.700047542164214
1.11989545847923,0.761910742150706,-1.11426950157034,-0.897069204908848
1.44929560084613,0.79773701514549,-0.598724233494489,-1.63796091608201
0.582875124263119,0.256583425754191,-0.128563142518404,0.0122919410084508
0.36218071811696,1.67280747610448,1.08502123775585,-0.269225034561384
0.712073575612043,1.25362781705937,-0.300955505313707,0.238320361070399
0.70872501083668,-0.0945729424467073,-0.950632947820231,-0.598355162191835
0.108551367500149,0.0400319557667844,-0.666613968584393,-1.43170408331678
-1.19693929040564,-2.42169543508876,-1.62039860157771,-1.2421372500959
0.225110918250205,1.0555031967652,0.560166466790738,0.452102640712715
0.253784506393504,1.12789429576489,1.74250826057888,1.63222826967957
0.0435019611207681,-0.0111307664532167,1.73196828774254,1.95535468569704
-0.509054065912484,-0.268870028027772,-1.67912008703487,-0.300705094388219
1.72264470706886,1.18500985932814,0.612944620666882,0.086305935187058
-1.39405128713501,-0.538481897568173,-0.968906500080044,-1.73472950204917
0.191517592186421,1.36708524498665,1.07851012515288,1.81387983646992
-0.500965882587834,-2.42621142991492,-3.31374768605063,-3.63328637288918
0.218607589569789,-1.11085726599283,0.259751727559681,-0.751521347761616
2.73371095837407,1.63655957128578,0.38932235183292,-0.276784398480391
-1.93543157213634,-0.50689099999011,0.460483284431565,-1.25916620643832
-0.281340154738759,-0.322110248875674,-0.949646475162763,1.67776489404638
2.40640592903547,0.0977654365627796,0.926249246310776,1.33232505454581
-1.45172281371693,-1.24640805641547,-1.82388456348282,-1.38949597812356
0.54132767976743,-0.17273587182059,-1.74082527537491,0.663338238956902
0.173914243549417,-0.263147586142046,0.172301110589209,-1.39738300553391
-0.444519449094931,-0.425239126463812,-0.697134497245036,0.426126602201169
1.44153676484539,0.47412569201135,0.877454200779081,0.254859485700689
-0.615692094101241,0.425032223699478,-0.112634050299185,-0.765401650050207
-1.64829678441034,-1.45367831229026,0.774385209340362,1.05976151132675
-1.10692476786682,-1.81442767636487,0.452653153357732,-0.0162930103090786
-0.652703672814483,-1.76690995896813,1.08990437959239,-0.318650170456171
0.758328715106944,0.231275878185304,1.97504312073653,2.91555374455912
0.334301024360407,-0.259384995829809,0.445716967671437,0.120240768412984
0.616761071693173,3.65217374542351,1.23575156450879,1.71583040487227
1.88048870052824,0.885680072348491,0.938322381341169,-0.0421296914323377
1.01544566200556,1.69328326844617,1.4503007104279,-0.223635933463684
-0.191414138135508,-0.962819797868391,0.253004888032004,-0.593792504695903
-0.753345928851038,-3.71929458938769,-1.19219503651108,-1.80041301222093
0.240539882043543,1.12478515704784,-0.0606234782636493,0.151821928327629
-0.737731816005776,0.992547927261296,-0.418411081533969,0.186769422683008
0.878674249051465,1.19464697691027,2.038566983291,2.1538820560585
0.531281970110706,-0.28751237562307,-1.46620655073767,-1.87879959209488
0.361733561696876,1.93215417531164,0.12173385326376,0.996511475196764
-0.0411983029359918,-0.933218414929146,1.39746022803847,2.72525184599204
2.3175672366105,3.35497306173442,4.29958549983798,2.58807298668293
1.31314359812206,1.48157743799796,-0.565157218696024,0.767573943332625
1.66447053754194,2.48978971031369,2.97950596078141,2.83484753092056
0.235495829710232,0.307788151030436,2.37129618468572,0.781950126157761
-0.297039068986069,0.288976941492109,0.976767774489763,1.65086050189192
1.064411422083,1.14257151947485,1.19010015461319,2.0663243256614
-0.479356237930723,-0.421504590724439,-0.612414664591622,-2.63068111403571
0.313415875647592,0.909687902410028,2.46900089602311,1.74767955153802
0.838607402801034,-0.458796086490879,1.10902935279989,0.805879763913333
1.08902351322151,1.68974688626671,0.896368261436047,0.268394151137056
0.0817933721117607,1.35739553663289,0.0161224102665005,-1.08087954674689
-3.95651085670419,-3.15418563139609,-3.7688849237579,-1.83051219434601
1.94461672003247,0.892383885126678,1.10822275222901,1.06841813624932
0.129531666195799,-0.220052061847763,0.22816425691109,0.0301434585957162
0.783309264397563,1.74835757202185,1.64999368471375,0.367501226720801
1.58126921951513,-0.597144788501676,-1.83118478030639,-2.59280849089105
-1.18185786325212,0.100013651229127,0.438211678332822,-0.209577293927902
0.760918551169578,-0.575811107282875,-0.292741939678972,-1.1308419024694
0.483459976147718,-2.04238482083828,-1.23535807784665,-0.901139444370672
0.578856848292295,1.83959396134853,0.630675923877021,0.0873622459753352
-0.323344210724129,0.950952022482107,0.952835326346252,0.514837581824735
-1.76530540628357,-0.0579481128171682,-0.516023292581924,-0.227965802716762
0.298691203363019,-0.662819737559204,-1.05641534437222,-0.352092090678641
-1.93675383009257,-0.790558662425388,-2.14048169587817,-2.9299460301839
-0.616512282605047,-0.883653164445147,-1.04733228616926,-0.703859986434781
0.285700325352935,-0.360268920297231,-1.35486784787394,0.115543001719023
-0.996164911276945,-0.174143384048283,-1.30555046367233,-2.19818395428598
0.873415006853938,1.97663606305755,1.54344293634648,-0.118243224536239
-0.448026495368123,0.0815055973878269,-0.671531328070417,0.971112976568
-0.84255008146162,0.865665403409781,-0.218122074374943,1.97217513779004
-1.42652565337286,0.188829962219305,0.679784823583134,-0.312096066350138
1.45400600571111,-0.67906621045483,-3.01858652151186,-0.999280552873829
0.908502448028388,-0.340789904910064,-1.53752735486506,-1.40664761791498
1.22284567123245,0.648071125929779,0.940206487626289,0.856819926764719
-0.10113620441204,-0.589560188327949,-0.750397064446022,-2.24930768863038
2.81047781929926,1.07879380365877,0.750839502268842,-0.135110985814808
2.69024341365044,1.87039642662571,0.854484058808473,0.0627382832454909
0.919981246050524,-0.333636073692638,0.463564318614973,0.213449832806857
0.557341447178242,-0.457638870343469,1.38750804082317,0.144979956987935
2.41226310385867,1.04166992028578,0.640779289147469,0.550784051564855
0.330970177974568,0.681101326848083,-0.630871384126308,-1.15452891528499
0.408079779063548,0.171321585673295,-1.41799605829686,-2.27790524207583
-0.579475401277266,0.715610012689888,1.09058601005748,-1.16991660348961
-0.220232273850515,0.599160049895523,-1.72515061679907,-1.99589076227546
1.21510444758489,2.86660793305478,2.10603599817032,3.08628420653187
1.16649185286088,-1.06404128763914,-2.76868341017775,-1.9716476995042
1.26687449037699,1.36396190067558,-0.317259171708657,0.197905517670817
0.569818472154676,1.25813054555869,1.37369543151588,1.96024686354277
0.549497258661834,0.164185138436442,-0.00386066612753801,0.288854787360237
-0.300029195896733,-2.60446821037076,-1.67465418686757,0.409509449205267
0.127037969715614,1.04453834777619,1.09979260156686,-0.171870298089386
-0.283550035428151,-0.0573878132623848,1.76792066081879,1.04119574136257
2.43718348547087,2.02804405218861,-1.26504306021318,0.0587030951920531
2.77225725112039,0.0674924364394007,0.711395397389386,0.977040431494822
1.18575088876745,-0.406345252758108,-0.909880873526174,-1.95369702946561
0.560646459622617,1.73256964684313,0.425280785547921,-1.31421758196087
2.27731341516251,4.07868805694156,1.96604558562401,1.60065581022955
-0.474054689642475,2.48722607499496,1.70688338410712,1.91392460214688
-0.897650224873474,-0.684784441429195,-1.21364852926063,-2.34358056303923
1.30586487490467,2.93111146492968,2.691041375637,2.31005310902954
-0.102917950073044,-0.298799677215975,-0.943908025452917,-0.135970258100499
-2.02981153768043,0.202984515413552,0.450236298553909,-1.39792860244865
0.180412626057647,0.627859907316083,-0.267084064841168,-1.40525422438894
0.894054219064261,-1.00099383399986,-1.02266265072249,-0.554077589745437
0.115935316374489,0.00339682565892234,-0.396468746969236,-1.89790443119699
4.00439318349548,0.0365079082795345,1.99014639582337,1.08821372643609
1.07092721358057,1.24543960521383,1.4660110017974,0.506924725615708
-1.78426367424422,-1.83161628837399,0.0290818869160079,0.725168918584207
-0.522873416269354,-1.31474166381855,0.257366805819651,-0.407914218168943
1.76897343785004,0.246040073614589,0.239779002359846,1.57496328494478
-3.03952801445816,-2.30128473474065,-1.30792663828501,0.899981418787502
1.47964842881743,1.6756579440762,0.299428814568197,1.08292760322673
0.561819309202867,-1.00573167352557,-0.309146601972354,-1.45400307397254
2.70801206696245,1.07512454421151,0.553563184755411,-1.37497834406593
-1.69900958929759,-1.96686955241559,-1.42154400375944,-1.52400086956357
1.01774050957517,-0.776618158422669,-0.761330589641714,-1.10173837775908
-0.652853343576441,0.726692273971943,0.837138700317742,1.57905237144496
-0.00868930791576195,0.890103538718567,1.02836621318216,2.70078265199055
0.542176440743838,-1.0941032058661,1.49391947635551,-1.39943492935395
2.12671094758331,2.99043156462651,2.4291484852813,0.914917254475655
-0.0144112964577895,-0.398718998830432,-1.14262318157728,-0.594510106451207
-0.561829134245685,-1.77039512799715,0.72638624707568,1.18008161253177
1.29170164908823,0.822803374660643,-0.47683538636031,-2.09852767089848
0.18654042662548,0.966866513991577,1.35886314995225,2.76078116654043
0.384877573564423,0.387226723160371,-0.396172186552079,-1.13692330112919
1.12802110979158,1.73226037385931,0.0187831040254434,-1.43618533174919
-0.237931607594187,-0.636554822532019,0.770323526282789,1.87205605726416
-0.579241030522152,-1.45597463746697,-1.69951378094949,-1.75039049503443
0.429427759795495,-0.244554447013797,-0.161657743685957,-0.469575955358447
-1.28964623353509,-1.22715292881867,-2.3741286041618,-1.39024799610383
-1.7093525044655,-3.32303780022812,-4.21392775728004,-2.85620277676341
2.63931560624443,1.62367502977403,1.08306011211431,-0.104538646382138
-0.0789933292930511,1.94279047996384,1.62865314874693,0.259955360410607
-1.18136175798577,-2.04323897833949,-2.33602160673242,-3.35066600518349
1.2416709027746,1.17490466035568,0.122148630316884,-0.178784143777987
2.55944190006548,2.03530339035976,0.785251463336169,0.329912760803932
1.03631660306325,0.365018481305935,0.862531005136591,-1.02614480637966
0.320446270411512,0.323414095723489,-0.0139658229232814,0.440554943695786
-1.29081000977897,-0.598523580179817,0.517314564717523,-0.980564875604415
1.40815296746522,-0.050076856636015,-0.633486659048522,-0.0775793941698123
4.40471022728235,4.57507590380739,2.55697165805486,-0.388971250104394
1.25651888740007,1.03885816210284,1.01657775636795,1.05031927357959
2.92240602209905,1.47806579592663,0.742529220643077,1.91170603200922
-0.63081215938602,-0.490902597572725,-0.690136487041016,0.444537568185851
3.51196169319618,1.47307169773531,2.27518007757291,0.21487406364377
-1.16020251323303,-0.178267422139761,-1.66803249916487,-0.72221548103066
0.598429221391193,0.194436216852958,-1.04668962336031,-0.537070064156495
1.68349082566741,0.410129132439581,1.14064609662885,1.2473719733221
-0.764828911409015,0.480245387293993,0.301061994317743,0.236219953014812
0.286837572378933,-1.14481763367291,-0.0938351218146125,-0.025921153440349
3.01437652582296,2.47025234879709,1.98207422089539,0.981350295303174
0.0878093043470531,0.167877757147619,0.624950651814195,0.148372546217653
-0.79575606587424,-1.44968289213032,-1.00168253646425,-3.12543266074413
1.07242545374184,1.20779699024842,0.995158836093324,2.18797714110786
3.34226738634927,2.10284019309498,-0.191265192555457,-0.804993769830826
2.39521109928308,1.35010159064156,-1.61532808607711,-3.07834345668355
0.437043726214878,0.295412988944007,-0.126871539513569,1.87724846415002
0.283688278505103,-0.59303548126716,-1.50135003788055,-0.854909664038188
-0.786782217211861,-2.45532422192166,-2.73539874997391,-0.48287867167865
-0.518482612815338,1.59168822569528,-0.0901985409334574,-0.0815208778509824
0.659132256744153,-0.253997341396326,-0.557983611680331,-0.0294499294607835
1.22643818393973,0.663533004690783,0.582247591404614,0.889650172290284
2.36468841888756,2.15760620867118,-0.0122672462790638,0.322081312801232
-0.116816280043198,-0.428736860775666,-0.413909621363872,-1.40073004347224
-1.58427281361734,0.113024623414321,0.121131004663767,0.974986833466435
0.414440509495537,-1.0663855947397,0.60357814831981,0.00587763864011698
1.17160753558025,0.463590213272879,1.78863175049033,1.7580867713798
-0.670046050723856,-1.27278953398286,-1.43711782630111,0.420538818898185
-0.57535703361128,-0.450273233124829,-0.388918298625227,1.0700564126787
0.922835996240581,1.63081417488637,1.05600214646298,-0.1085278984175
1.42887697768978,-0.0470681598827403,0.436792605083805,1.25030068421206
0.262182788786375,1.38349342670182,2.25171831728011,0.864374050412095
0.124842839639553,-0.381851094541618,-0.763881653634058,-1.19102141847842
-0.196246512509128,1.90570967384529,2.37914892525634,1.14869583774364
3.08254190799756,1.10145082231134,0.659728773784428,-0.782141477825471
1.4806123372576,0.82280455416234,0.000796659263664623,0.882655155662098
1.53239043946247,2.00349494108528,0.629930639290354,1.21979320873354
0.945299177778564,3.02700736959142,2.43267552590123,3.33744030196058
-0.243242057867676,1.03565385075065,1.7292221948148,1.42847684459015
0.856468873783273,4.65005357320747e-05,0.165260456289959,-1.3632553246487
1.09220474518647,-0.0730049762461866,-0.434144317237766,-0.968450120302097
2.31789013162246,2.57392848578347,2.54031610916746,1.46095994763793
0.0898143241116812,-0.894283712424707,-1.09961792399652,-0.260318377077284
-1.18122729086945,0.15517255219397,0.220387267306279,-0.356278011877835
2.18386765432833,1.06159920544979,1.50856910910365,2.0974164607741
1.2552109350067,1.05462632512777,1.35689421406184,2.33062627656128
1.72887012047173,0.731225691479939,1.49968796191687,1.23666514899067
-1.03936420201782,1.99158675983349,2.41741507482336,0.358467305455903
0.57920824403678,-0.022731365703019,0.665773313193927,2.18501859355201
2.54816713731532,1.61712903755932,1.01441135193868,1.49955430124999
1.12127526685063,-0.771978606561536,-0.903028319666318,0.0447564836066482
-0.215307311189972,0.745550604989576,0.717944862891469,1.43304214333004
-0.0801916136753971,-0.742769464264573,-0.0238792126784801,-0.66792855990058
0.117220208812441,-0.363042927832527,0.11492847083824,-0.485554465204004
-0.709050833246241,1.20971343168512,1.13776285451247,1.38390592332886
0.509930657158817,1.48154569845524,0.309766479732633,-0.539486828173602
1.21839331888174,1.47699565334047,0.846541786893604,0.470162041611672
0.400113294413283,-0.762989437387109,0.00289969180459426,0.841799454852875
2.23153227167618,2.36666314863661,2.06383821118503,2.63813212194363
2.39472065243122,3.36003437220471,2.25040301054766,0.636499458062391
1.89394053027233,1.2344768141641,0.289778358960723,-0.943785605202729
0.176234048696392,2.99463507444025,2.01694105337154,2.62584103594717
0.500136081389925,0.440068811766022,0.92959657621188,-0.14851252705153
-1.17782035003811,0.526493630306669,-0.145141464581894,-0.760192177881265
-0.885277487047724,-0.700309817405588,-1.70147693315803,-1.53300452823878
1.66456114476956,0.544314027204084,0.907610119238856,1.42816257971185
1.27675392020055,1.49679389978132,0.715119475134461,1.77227155410063
-0.00862546878841292,2.28708115953633,1.60154868001813,2.79723129559143
1.19867928273401,0.304469330684347,1.31456418846038,1.75417074536132
-0.0362568371904772,0.557682545878114,-1.83610456639208,-0.129960495812371
1.36032210296395,3.76589597290778,1.82006298657004,2.88578817285211
0.541989492090031,0.0917923710410024,-0.0449561393614317,0.282440612310662
-1.67840554125698,-2.50817146573351,-1.09628513785478,-1.74237846019399
1.39066070034056,1.01539542350023,0.33918775564124,0.807132772589078
-1.69402298376278,-0.0410271878010176,-0.345706905747407,0.0572123159719413
0.638172160566366,0.440880832224484,-0.796263220621571,-0.559331701970145
-0.00172371382268904,0.138413444889486,-1.35088065105637,-2.61093449545609
2.41073196965363,1.86244577348824,0.327386376170227,-2.30615097094176
0.075067548100172,2.04647852749566,1.85454078243969,-0.869422582902151
0.136070338702568,0.499317046875564,2.62732401473985,3.57872229349704
-1.28134022600859,-1.15633696047725,0.0439598944817946,-1.90759812547092
0.249699760159764,-1.92437435279036,-3.28119866809766,-1.73193058570337
-0.0714337521989044,0.413991849406192,-0.589478475717973,-2.76775476331993
-0.058852053110826,-0.92887106434959,-0.66490900053674,-0.723815623470491
1.2351874434519,1.14954878703024,1.34707551236965,1.3773181135087
1.64606446647295,0.144969775547595,0.409212804438099,0.362797928994343
-2.14548346343557,-0.739286257389511,0.460621834544729,1.33436005675915
0.752664483872843,0.343527988372304,-0.746226020120512,-0.43501235371527
-1.31888941353445,-0.141438251066857,-0.487985694519479,0.897807387639724
-1.19328506600268,-0.564460395709067,-1.82099686672176,-4.15833939427412
2.52550255253222,-0.361727577132413,0.0943339569985698,-1.79134686852828
0.192677781894904,-0.198914673790649,-0.914684625406676,0.632666053887197
0.547867045161454,0.304720123636603,-0.92570185932296,-0.795301215311961
1.76088667545416,1.16210728801169,1.44933013678366,1.34619189826196
-1.08959111843614,0.015695886664024,-0.344688528218796,-0.800822546753056
0.063803396054639,-0.0293294479201034,0.476249473000706,1.10430201455006
0.456091522420098,-1.24655369962619,-3.38693696596374,-1.87927745753412
-0.426989617273931,-1.20114159738914,0.160297086484432,2.38140816329398
-2.06477746157745,-2.33416050285441,-0.393133780304199,-1.20678436424438
0.278599163989302,-1.44921923075253,-1.287745237488,-1.06740980575817
1.34155641508722,1.69492460885094,1.95447644983136,-0.283114253890191
1.95584948138438,-0.203967369561043,-0.664450931894451,0.384091738141019
0.635561635795468,1.09153307941889,0.716589991193471,0.394980518341218
2.47309175537007,1.0342721842735,1.74199134568097,1.80045041622374
0.0732304023750294,1.06172010672011,2.13574600695424,0.531925250744658
-0.626335290672266,-1.12625184425378,1.18641987200009,1.49671481631756
0.99426254360146,1.54982382219228,2.18179333571182,1.29189177360768
-0.380996896109031,1.09523514054142,0.916408411126146,0.0465875071697969
-0.881852517659183,-0.686459899221387,-1.67822325534112,-0.097677073173783
-0.684942493512073,-0.506890505079114,0.870645604055482,-0.574557319603121
1.21555489899528,1.11287013875142,1.29849530373456,0.499784823159525
0.0883824149880537,2.18779326726311,1.01485491667786,-0.425009098767311
0.0534678509319937,0.815580501862127,1.51419247260751,0.540215405130489
1.12108537778047,0.63617247344634,2.13849558202208,0.650269238418047
1.7077891461338,1.06072345835,0.132598090677804,-0.536564810471556
-1.73099347478469,-2.19631072349393,-0.469817607409474,-0.0837817487113383
1.02161278955862,0.645788957975815,-0.327053582596392,-2.70297643083024
1.10705271232588,1.0596298523082,0.986288572545684,-1.56743731772326
1.80806872893567,1.22908956903957,-0.232990847154315,-2.44595669553485
0.472925878922568,-0.0891779537289504,-0.394935390683666,-0.809994523810592
2.06392493198086,0.341830183720224,3.04330827857557,0.970885781795177
0.393252761042535,1.00671011939405,-0.185658537274107,0.335520420444904
-0.379755197266249,-0.214643385033782,-2.00701406921526,-1.24369370658659
1.69478191340404,2.16752309942176,2.23440117778598,2.80702587870584
1.03175352884355,1.2124016977742,0.406731736609112,2.52001520678549
0.0178194796747148,-0.767262950857667,-1.29627418910213,-0.0339195345920396
-0.75015442895624,-0.966264942315695,-1.27681765099447,-1.27142832862562
-0.83709086942157,0.0264994053422499,0.570595104013374,0.619669658958625
-0.20359305862983,-0.423074946293706,-0.318039887494734,-0.842267856575638
0.838174044303698,0.638364171007039,0.0672019752075843,0.784630196713854
-1.00329807960072,-0.46326801598864,-0.493827337024833,-0.784986683064147
0.357366257222687,3.06958017229698,0.160198674420247,2.7343397163664
-0.212537747453813,-1.31633701622449,-0.823871795558832,-1.23335720863931
-0.860214265362661,-0.12908573813416,0.287880532292788,-1.44926089419692
-0.71199748942473,0.274678471292713,0.609817638933454,-1.43479935071908
-0.229217086776859,-1.0884585206341,-0.159699819512841,0.0757628963529712
0.527656970904805,0.814511795090785,0.837001072774095,-0.0826599852029651
1.21534076170682,0.0796192182931472,-0.625352548172117,-0.110717281756021
-0.178681866006729,0.839756833108273,1.45520863784554,-0.506377262714971
-1.62196987654298,-1.28743357966065,-0.589441207874317,-1.81823570677548
0.961666734134279,0.312504985922399,1.3317061393055,2.04433247666371
0.349349448957701,0.451985168538162,0.768507588608726,-0.904289287345175
1.24865056680243,-0.523552609994466,0.72564039914031,2.31679414613261
1.26125821203085,1.23380207403711,-0.709567842259004,1.706513342785
2.02705044866241,2.39347743801293,0.688629061085241,-0.228029317080689
0.309797133736971,-0.176426037865713,0.221726871960117,0.269859187525463
-0.0924383078584054,-1.57559909856544,-1.0587583827185,-0.509318089030644
0.80592969162215,2.55572732436858,1.84631196233491,1.60431232065256
2.84800464950871,0.755916219667262,1.18271333765247,1.58550390079426
0.660091980559632,0.611179758421384,-0.183492187241983,-2.96232077604481
1.02915760597268,-0.0322161343750994,0.796581720706328,1.2834729330237
0.253109086768429,-0.160799197033558,-1.44721211983069,-0.663406901118018
-0.961573881081261,0.0350277954146762,0.336349556727541,-0.551769602502264
1.70046654916696,-0.188071337585755,-2.51118098085756,-1.41405687036284
0.844848345294363,0.315147955448549,-0.87879453217299,-2.35951403136622
-0.2864589706476,-0.559162045169616,0.360651343350542,-1.34435705866712
1.48494557373301,0.367559744053705,2.61121863887357,0.860976192842415
-1.15080238624544,-1.09616559890078,-1.27447473749535,-1.16751011768471
1.69428346748085,2.71527024684915,2.49104350247252,1.67514744061232
0.443198451415902,1.93489301389369,2.13181484229963,4.12685698949351
-0.610957957176132,0.754343440980514,-2.40493892843941,-0.00100345741488628
2.04305826770382,1.5601128425891,0.504607256801967,0.125628305057627
1.09336642068235,1.57321502423031,-0.238123509991969,-0.567848355417416
-1.29425728777525,-0.917083845579172,0.208579652546087,-1.27726384391287
2.1150199185017,-0.0176813636835587,-1.4002418102954,-1.29635711016622
2.40042843824554,1.30317315494933,2.63625863040411,1.62206559166198
-0.232800988076533,0.526042351180565,1.13920229169786,-0.0841521285433632
1.26973627202363,1.37276751170858,-0.927805895617118,-1.12264193040669
-0.819020276741483,-0.781827163803303,-1.85931863816464,-1.65833360258595
1.2000472889688,0.922566788604928,1.61756516671983,2.36134438412662
1.53709537980713,1.46297689158649,1.34990214793377,2.29764821158177
-0.0870028622693307,-0.5731025150863,-0.754902974966942,-0.66736403348842
0.987152380411208,2.95097281736348,1.10620458459154,-0.393200116592215
-0.653955468304695,1.11321230407645,2.07784087587493,-0.758278177262282
-1.1745053256866,-1.95428510634446,-0.896651847360985,-1.53283046315974
2.27128278054875,3.13254182022534,1.25125338033921,-0.0175428280143639
-1.68897487777491,-2.23139765670786,-0.152188632038712,-1.1097286035233
0.026693212127155,-0.479438314648294,-0.968774138380852,0.165657437994884
-1.00775818731461,-0.134511847627262,0.293340160341402,-2.16405142180605
-0.868801172145733,-1.3314321262612,-0.553615387751838,-1.90984698182729
1.12717215145546,2.88146079355167,0.924715359712564,-0.89667068278068
-2.30155032484787,-2.83578838931759,-2.2775842071263,-1.51276453140606
1.74616382511102,0.753222857046109,0.0149185535676186,0.541740403270658
2.76312168133987,1.67133380081168,-0.423735074023166,0.365103485018727
-0.00196976248398303,-0.0959912905766923,-0.377385096918441,-2.45644331218599
2.7078071124781,1.1911031406082,-0.549961326571851,-0.944245446641611
0.692522552498162,1.48493219761043,0.861005353802841,0.45755079792069
0.382674429386465,1.10228865211024,0.742875598649336,0.147234135064063
0.350804306728551,1.00512348796626,0.328423208987987,1.91220302386571
1.63544332243828,0.340684189952982,-0.0566731870787523,-1.35896752948561
-0.0871812921115999,-1.29218028461978,-1.31313916305635,-0.461485947753729
1.9189895173464,3.35100863891436,3.28377915396112,5.83815172998021
-0.345146215776006,-0.617905332014781,-0.665786061782628,0.0668458061933909
-0.189169760472816,-0.0226904700624816,0.260259306380928,0.257123019518649
0.38370753858285,-1.18704900899847,-2.80078659232562,-1.14194685019636
0.422906150694282,0.519683304402316,-2.69471042094095,0.0506498165216944
-0.112238633699078,-0.346865075376708,1.65517618012748,0.7614833329631
0.465385963161173,0.77848070441648,0.520523129188132,-0.206189732427212
1.06912799780096,0.788733740482876,0.725832917723724,2.16821664353941
0.0130260067034756,0.764664902587209,0.293981964300286,-0.981575609814853
-1.09762655048455,-2.22503223760602,-1.33639080028697,-0.512728720129979
1.40173156059563,0.9681429709067,3.88294933644908,4.92671187333603
0.62552118351557,-1.44134332130282,-2.08548795042282,-1.21494703122676
-0.493635748972869,-0.241746990906323,-0.453253960524564,-1.06678035718557
-1.52958671173951,-2.17981267813022,-3.64836108053847,-2.97414524990573
0.953331411980137,1.60150172783986,2.11014890946756,2.2643073916584
0.0550237185798274,0.0549055777750329,-0.015145771319743,1.69171258751544
0.525521630178988,1.87225951315959,0.963334435746859,0.891193315772913
0.303328486023721,0.155743501689278,1.37253622995222,2.68934180179541
0.125900306682704,-0.722495184771292,-1.12683766632751,-0.993023897316246
-0.755954952114648,-1.2733570938639,-0.666966661357067,-1.13169656911075
0.333660590610595,0.566239958209422,-0.0656570601519399,-1.99545366287997
1.29774138377317,-0.126862256596934,-0.0763323383732423,-0.253394317065709
-0.135682305862307,-0.45660108182679,-0.0688794782684995,0.926890758457834
1.33693470333822,0.548258822134586,1.41547114337754,1.0532488450338
1.12688484508753,1.81868601185736,0.750491129051666,2.39545801941898
2.04023200134672,-2.17381948239737,-1.13563502009228,0.645043017430281
1.52085043821971,-0.0379608749248074,-0.0116893232037229,0.495219506114108
-0.851514913795305,-0.120040924037389,-0.0499131623627711,-1.38550630505024
0.94210134574323,0.106277728380253,0.575181350579163,-1.60333188878827
1.82565328200472,0.10461495748606,-0.790853961785648,-1.204686175891
0.914792148579848,-0.0458141330501773,-0.750007261325133,-1.39054734864767
-0.572714619640526,-1.9960635901883,-2.25982971844782,-2.55166351306531
-0.540201102861159,0.0492400790478496,-0.662844915205613,0.601868681783794
-2.0083896397033,-1.00700355566566,-2.06639979162899,-0.865568438275906
0.943977182990676,0.20383741444628,0.191494547901001,-0.897384357361264
-0.947484327269982,-1.00570370744028,-2.04005249629662,-1.57292217291035
-0.738869597602828,-0.534283682065746,0.337844838129033,-0.313871672538276
0.833444217223589,0.435629674111398,-0.279474410952324,0.386484999471769
0.857322233981854,-0.0179261416561792,-0.281439329309377,-0.173489929427794
1.67144175902813,0.9712843001542,0.571710210150009,1.04928468830151
0.638940641125586,-0.491252052705939,1.20576786722596,1.02876612806129
0.331959262644341,1.02175867353146,-0.445408340746073,-1.66352842200743
1.31218284721694,-0.953081515956811,1.58554031029793,-0.0824275285766889
1.33212562442767,0.668451102899828,0.424468455361343,-2.2783911091128
0.263896363448616,0.000411262827075376,-0.558986766529155,-0.301650336821507
0.932033112238795,0.524547551248007,-0.393023359498431,-0.36112130614612
0.750461159505144,2.21003010682034,3.00319488962815,1.47099562944522
1.17556282698542,0.892048299354233,-0.504826805977427,0.565137331971703
-0.45182720201962,0.335321209508912,0.630758928322883,-0.544153708331395
1.21066417330783,1.18356525842089,0.3141541669861,0.143917344861247
0.935868434295701,1.44194329236662,1.93606978635466,-0.706705884130227
0.127609377086592,0.224835576373395,-4.23958808879762,-0.910430783328812
2.93777411827861,1.30217687566932,-2.20285996427405,-0.826341816215545
0.822926261644108,1.92463329829603,2.6352508187506,1.38677108464633
1.45312115664253,-0.361330971657781,-0.686059687893982,-0.212168819282075
1.50207266305864,0.907961863866119,1.6077363361847,0.110373080776857
0.333146587078393,-0.512674999927471,0.39005938111394,-0.229738860869522
0.471953093288772,-0.985424751433206,-0.386411559853722,-1.28660301966377
-0.438494105116403,-1.57180428931329,-2.91946706244222,-0.857737814145045
0.687030805361982,0.73362511841217,-1.00321711958459,-0.0833891568855908
0.71838504512969,3.04412335966401,1.92491631020709,1.03199152736509
1.06145331567045,0.5300354974288,0.654696155547083,0.786738331086438
3.30319602403643,1.24988395654076,1.19657401728212,1.74858411571328
-1.32301351022828,-1.16076127108387,0.0523393558207356,1.36035512533104
0.186133698925402,-2.27724623816954,-1.83921994535426,0.497699966447666
2.44900333865876,2.25356510539317,3.07288518859879,1.82902138836645
-0.748364284098196,0.922428384880067,-0.575207426619613,-0.531078890599337
-0.21778541909697,-0.343557825608448,0.307581947490664,0.955564513681603
1.90915507083121,1.85598984636563,0.726072308676223,-1.00136438138269
1.32170518124358,1.71643087372636,-1.0022800485645,0.875751975122991
1.12474727517329,0.370575060534922,-0.628828077049903,-0.584874854960094
-0.400664459571915,-0.0895165517281104,1.79587854764624,0.88607513432764
1.63872221499069,0.00500385553675819,-0.0767816532533582,-0.524332519878314
-2.08295298872899,-2.29590520412175,0.799904381001785,0.341912158423675
0.220017083646947,-0.525938779611272,-0.144011650781438,0.704481860454472
-0.251862962817448,-0.106325312245636,0.115559213124412,0.302726319881953
1.27610173918145,3.06909376623017,3.71831446907731,3.18852487430703
1.27569887927985,-0.13144473759043,-0.383585610754682,-0.628313155136424
0.238847215670561,-1.48097718504767,-1.59708156539699,-0.348086400354358
1.1601276241786,2.61396126990217,1.36927847418013,0.97932886664179
0.543955882324656,1.38948970247256,1.61987398898975,0.28004014720372
0.526044607270451,-0.567008053429506,-0.654145418621219,-1.81097137847581
1.17067597068329,0.752561487007579,3.32755482891416,1.04737273011735
0.368377687923406,0.5420750473756,1.18189531245875,-0.78513201768559
1.6646021410012,0.594246583420642,0.542284823464668,0.545374392569575
0.0309091469301118,-1.0807408104353,-1.62813478768594,-3.36949174177565
0.141157040000856,-0.471887828915956,-1.58244448572885,0.204903101100592
-0.187944835743589,0.013162507481953,0.0918700684181007,0.447327886703711
1.40760098160416,2.12940486106709,1.71161787852108,0.81572095717853
-0.0424054211556244,-0.320100849640243,-2.41411655080546,0.0471159798698662
-1.29507587385343,0.129615625599041,0.0702460497873985,-1.51614365096781
2.01205084175409,2.26833465764938,-0.058627721988378,-0.601651362988439
1.4677572605673,0.048083456060136,0.700846226603793,0.53525503167238
-0.0829024638551099,0.000106291801287531,0.282702372079293,-0.893880063521206
0.346314576837514,0.250660041689029,-0.0477124504823949,-0.40205985313183
1.11532772878251,-1.89635638792087,-1.95932133486382,-2.52946311545872
-0.136547288642223,0.246334011420795,0.281039133799997,-0.343154051256401
0.213871940746189,2.1460249504313,0.859739840024523,0.0326716166932651
1.73021047254709,0.199530080644861,-0.619020191676518,-1.51950269172941
0.197791126919375,1.04768658732255,1.72798789196513,1.13902208072849
1.0974097554362,1.42713216490375,0.914015006017167,2.22016505260367
0.63512549490611,2.48841334794585,-0.181419850311582,-0.0523061027678253
-0.420944920962869,-1.37407079783402,1.1085835013531,0.726889230786711
1.32420711302088,0.97558708663869,-1.53785677215006,-3.35145232017171
-0.184428246793089,1.55331850880629,0.800853147936336,0.177330184259854
0.0544671960929637,0.282856846263168,-1.44478832215761,-0.847683922834703
-0.676505547702784,0.992167187340017,0.584751296687376,0.185297115472845
0.145766064176474,0.0862443390551811,0.718212804544183,0.655933382979085
0.761583437330144,1.54238527868221,2.99727237914187,1.04733095082685
-0.0260999226380552,0.202134296090582,0.290159863851228,1.35242381884638
0.562448467533525,1.08572501877447,-1.39626244821915,0.00909030225459762
0.208875889570418,0.918193563379125,-1.23076527436701,-0.492053138992904
0.0729153750905143,-0.113741458745458,0.433407464909191,-0.350383129210193
-0.120122297586677,0.101762349867969,-1.50403117861197,-3.23335767663432
-0.94940355532697,-2.33332221930278,-1.43531804563522,-2.64405751278531
0.755631814817602,1.15931865283063,-0.716645475311908,-0.472035495723392
-1.62404015613796,-3.90053098652865,-3.05484162159733,-3.71151149514195
-1.88193055811856,-2.48893674505676,-1.46375043674639,-0.137589892015807
0.58200642502537,1.28360853697906,1.65946629572924,1.19375741134229
-0.666177211592171,-2.78453711385906,-1.04360577600239,-0.561782101260776
-3.16917020749791,-0.352075131670613,-0.698680007840787,-1.06534616575583
0.684968630325212,-0.60866752427089,-0.668879618442842,-2.59822098523088
2.35119459466151,0.30498769077163,-0.181228011724635,-0.687922828450394
0.705137757027509,-0.475885285648897,-1.10680965739145,-0.461855487547993
0.688016465707391,-0.305435208197259,1.37596154359451,-0.0593362964198313
0.847711948388001,0.434736260428782,0.884637728262525,1.36364657190239
1.152055994271,0.0181421648513116,1.16990501935805,0.889144041346456
0.00887886354127948,0.0739520559572478,-0.933305496344037,-1.22243618979949
1.68076149170222,0.678376513636795,0.846697466380984,1.27839242819483
2.0325018464234,1.57005662755859,1.42310341703718,-0.0486077775536291
-1.42431991239774,-0.39562204760152,-1.25943474743377,-1.47755363786699
1.92851312168859,1.29165750835318,0.433302454253761,0.329095271401165
-0.739611149451566,-3.38999995950082,-3.05271354797634,-3.85086345108488
0.33238921197103,0.681950838018771,-1.54313486229771,-0.498881361674091
1.07667227149707,0.597102252630651,-1.01101506287411,-0.87022992457408
0.293288118347355,0.654108922905523,0.648595645323573,-1.26167830780232
1.66025036203617,0.568540203038991,1.79725867313098,1.03432064479078
0.956287172006336,-0.350954584119401,-0.0465984039168578,0.220624263090731
-3.03478530213808,-2.35293640169696,-3.11779435821445,0.229610745098288
-0.449387879658199,-0.0629976878780679,-0.485533767466309,1.49594433258537
0.108649545473493,-0.279720132418036,-0.384362892253641,0.719483060868257
-0.390507745858236,0.539141822520574,0.769595664682446,1.16723149626824
1.12384379983717,1.69247620314522,1.57680276971219,0.818069450445949
-1.74069336414531,-1.01615193760174,-0.587435087586755,-1.98032647520137
2.71916833197116,2.42774646293888,0.364281058174913,1.95944097180694
0.0525866049342228,0.172389192258426,1.74496684674711,1.21280415446608
1.38893951473956,1.67906067836098,0.713814227919398,-1.39513143951005
0.614806536597656,0.403945445036134,0.29049840791764,-0.40765305934819
0.618745027433987,0.0308939402808617,-0.187453603754306,-0.368417590154002
0.209094956323444,-0.942969408584479,-1.89765765783425,-1.15657684442651
-1.03870560123759,-3.81479072312767,-3.36339447096637,-4.40954639456681
3.61693836073429,1.93707041054286,0.731208708093452,0.682598141433642
-0.592093887273731,-0.648005607472128,0.818845312810006,1.07962246762107
0.831173935008906,0.391798307006076,-1.31664456434163,-0.734899676358185
2.37860697875783,1.34369295482031,1.97554380130342,1.18417491693904
1.05807010732874,0.282463002822535,-0.97386305105124,-1.53783603373597
-0.441692119767614,0.782158728495834,0.991135105233283,1.52430305171567
-0.0741802825873815,-0.0908078684824366,1.43120476054654,0.458912141202322
0.801821250535029,0.879000787859197,0.515104434913856,-0.170881357214136
2.01011916963253,0.284694781899521,-0.497954888708443,-0.0193406167307969
1.72102347204833,1.77946500191804,2.4715735117717,2.28619534376947
0.586210517569381,-1.12243870468872,0.098465425404774,-1.42405712896713
0.237750932822603,-0.334190105395227,-0.787517718180535,0.15685449676076
-0.852549206184266,0.524734803360223,-0.500343486126642,-0.721707419202732
2.48716064853267,1.07608502787332,0.639847822763701,0.256046770965985
2.09899726377531,0.314838039648051,1.03370665865489,0.372203854140832
2.86415381426168,2.63242268440316,2.44486704892621,0.744650859797847
-1.67266067456914,-1.60358127566474,-2.37914212734467,-1.42919940318557
1.41094093547399,1.30831933784035,0.683699779176275,1.39558889054129
1.46171216774561,3.70787125284121,2.36969456692486,0.690947160298039
-0.821583639054199,-1.88681384757778,-2.28911172632387,-1.97590919785408
0.228409284654938,-0.828717484350993,-2.1684056912235,-0.977990720331633
-1.36228397489898,-2.74046120328845,-0.672512750947665,-1.15171649414851
-0.450435300423217,-0.321541281649517,-2.467300401307,-2.38998597813294
1.4816460028262,1.32611730601958,-1.19806755363454,-1.43701180347052
0.264410905080223,0.873153997324546,1.82335389785106,0.755804656208032
2.77118769622169,1.71149469070058,2.53247827377222,2.16512247363832
1.23147256865845,0.423739190383834,1.5746680006152,1.77708960906787
2.07124103698036,0.64864418841698,-0.142991412300621,-0.618796952885795
1.14858062457067,1.20363431767992,0.551201726530486,0.107970435829408
1.16475623117028,-0.515105033884996,-1.78092751351643,-4.17390625126894
-0.25467531355242,0.328045649271961,0.357910155049598,1.47845662906676
-1.50109459974749,-1.62297698017731,-1.73510905721968,-1.3162186804838
-0.638224345031095,-0.269147155832256,-1.21999319455622,0.693179278201958
0.44399679573125,1.11855623341014,1.31889882883666,1.26393848419606
-0.124280549075444,0.69626477396561,1.29173853793125,-0.0601205537619444
2.08029728642526,1.55242122841474,0.245674523113148,1.27927422292072
1.33634020485941,-0.166662215584569,-2.33705145720384,-1.45877200390591
2.10401734745579,-1.95810333581582,-0.905895405477735,-2.80388627718531
1.61720162591045,0.430962546026866,-1.08601531316638,-2.06919249280894
2.00491136910945,0.959886655733127,1.03724662244314,0.292183299343523
0.611786481212703,-0.874665976492537,-2.39216424035909,-1.62473387004807
-0.517370647243415,2.47210831806933,0.764722764893541,0.120342924688385
0.334391297717723,0.127795421991813,0.554482534645186,-0.540420021028925
-1.62895180249168,-0.581468520754756,-1.19405696718168,-0.257872914327852
-0.890511419693867,-0.225814234763677,-0.828763286419225,-1.97509552805906
0.940579887824545,-0.259884233762105,-1.80683853790972,-1.57901917609926
0.925707905715432,1.1377125687209,1.6578455467027,0.462722808964532
0.213980453316162,-0.118103307880737,0.803758970784467,1.79828862467082
-1.63316477382395,-0.432338466824879,-0.219484890170071,0.813976688878727
0.679677670085073,1.3718478386502,-0.122651338822968,-1.27733134221786
0.756186373506983,1.23765164017479,0.224034910970104,-0.543985221512773
0.316974106738458,0.478683573152249,0.313174996607496,-2.08075598651498
2.70609016288369,1.22068958803295,2.21531521711325,1.80908092919224
0.476706307705978,1.04691097428914,0.218886768101981,0.0397634068003056
3.00448608764862,1.37068783916731,0.837797312531626,1.45851784662664
1.10188870533335,0.676424042172469,-0.346053045177233,-0.413885345247057
-0.497627335004035,-0.392083560417543,-0.40855859437372,-1.18864646007086
0.286040664995438,0.101574845688867,0.0940374694276161,-0.824956269923326
0.179873072291432,0.32647270865468,-0.767290113901086,-1.83692179076251
0.675332549937097,-3.28527872258543,-2.00556560819974,-0.505379928021936
0.500402429529643,0.228049938977499,-1.47361285321815,-1.57849062226075
0.0782737729533858,-0.794352846929524,-0.520818476445452,1.8543549106781
0.48237413156718,-1.39698930801924,-0.878952484030806,-1.55772084428948
0.0622145813016585,-0.180885276166039,0.201716194258092,-0.41288515939314
2.84707876134846,0.0293969713963891,0.269626172296763,1.93272014663057
3.02156728319108,1.25648516534168,0.148991832704427,-0.856235606766311
-0.373444510106971,-1.23587810899302,-2.02961379075758,-2.16891234421009
0.692964909209202,0.309064031723439,0.355797565372406,0.141393768082308
1.30163733457631,1.01239066850185,1.01808663509188,-1.04401068047373
2.32351341254508,2.19369359362559,2.11545331265589,0.90445738448905
-0.492289668040474,-1.69502878024297,-2.89771462492524,-1.06457075979216
-0.324001691235634,-0.625032241727303,-1.21131185138301,-1.67535852392728
1.41562964605498,0.188734105486157,0.354152198787493,-0.438367710704789
1.1948786351633,1.16936224186063,0.182352788801812,0.399837127284655
-0.994113829419386,0.395565966567276,-1.16140391436065,-1.76596144601466
1.8306065639334,0.857381863993732,3.25166948353603,2.03727994818239
-0.898765173211828,-2.08775066450964,-2.61543205861615,-2.97800115147694
-0.656547104921081,-1.0420234466539,-0.50613978979052,-1.05505100894823
0.752691029325851,0.133102660050087,-1.36530878975045,-0.490128018333726
1.07273987457504,2.17448436232541,1.67420903738193,1.19465471140375
-0.637123728367387,2.26349341688199,2.41237765682189,0.875908057457756
-0.947553788574894,-0.0857265986677823,-0.14822880611186,0.307589910012703
1.50461130740345,-0.968391080979425,-1.38957000714765,-0.467527128783856
0.686798740939089,0.931763815267004,-0.870411463560912,-0.60723293369903
0.442209983649648,0.646802772354766,1.13694991216691,0.17503258939655
0.0226975361581738,-1.02033903729375,0.227568351181621,0.0491528456151703
2.02828518304008,2.54920290285145,3.26749615035509,1.30272770217742
0.952217026853367,0.0210222421924887,-0.581005454017316,-0.171528289543719
1.25813468931064,0.867138828312713,0.811681416487799,0.774796282794499
1.96831371831987,1.5527623800726,1.95635475189614,0.811061316733632
2.09674320650135,-0.666439121958528,-0.0896994191842999,-0.809764967461144
-0.570578536047391,0.419072057199006,2.66470001098071,1.8174700744552
-0.792069487987123,-1.01591650746964,1.14993077694352,1.11565865367088
1.54874797737959,0.257339875279055,0.0310343463229341,1.08612570135528
1.63558006333033,1.59890437829074,1.00734237992526,0.568592053331161
0.420081762597,-0.658256895231796,0.797911451210156,1.56560169262745
2.77751593027186,2.00227083012599,2.38075749293807,1.36879200826212
0.446101567021376,-0.664358479288657,0.118530924516064,1.8048480296675
1.12204061033296,1.58332262982304,1.74006941293393,0.76023087025149
-0.15614200812513,-1.19583166709587,-0.529126991782694,1.04222515298008
0.579254781650692,1.38247564982601,1.96388474005554,3.09189324919028
0.753853105858912,-1.44674780618016,-1.23340487717621,-1.69274468936607
0.0220722245747655,-1.44571313694904,-1.46016464907801,0.138910413155591
-0.1845196180836,0.960469408537479,0.433901925726087,0.405785388398206
2.61952021935764,-0.389602352163458,-0.311300709878574,1.2377870311578
-0.515738305356494,-0.979392022073795,-1.09222474617059,-0.00644664566393527
-0.458087454290058,-1.0983524655122,-0.683000425733777,-0.181503804607156
0.113786587448195,-0.141404748756437,0.829211967559601,0.236204211870325
0.47020194532449,2.62820786166528,0.335370143916939,-0.994084593339681
-1.48454203175079,-0.487933754475379,-1.06929966286904,-1.33787618911669
1.97247240346124,0.978672856648109,2.78352345824227,0.718665471395926
0.145347734803952,1.03728375414073,0.901484218166943,-0.346001661544705
-0.285670659471476,1.41223988149807,1.75723822901549,1.89819324404027
-1.26570666187568,0.641542352382765,-0.123114777135257,0.572983129913706
0.264090672663633,-0.493088198123917,0.586560985895588,1.22308515651457
0.674502878331581,0.4798682657556,-0.491121334127101,-1.97244513317167
0.12690335851282,0.664067717501723,-0.546478469429575,-1.36702537061211
3.22217971261381,0.482485095078956,-1.75478934148421,-3.4841024990948
1.70334710282402,1.17539306530379,-3.08787311663456,-1.7680200341288
2.75096714888202,2.12973939697805,1.85459490549166,0.915786816928596
1.08189476318356,1.71873166101203,-0.0261566842602472,-0.648088385447366
0.387238629265496,0.665372040578237,0.494000120937067,-0.403465387910973
1.78297305996537,1.36245214246509,0.993203458982893,-0.887271878789588
-0.0221709869427667,0.290384578234404,1.79820260902621,1.97139882006423
-0.654503046477877,-0.464437482393357,-0.0139895407405049,0.268323594206799
-1.12745918527029,-1.37394057115892,0.660738563533783,1.4852231662589
0.0840026892435818,-1.04958255856807,-0.259914037733481,0.749825277685777
0.562704288263528,-1.39089236764717,1.17319321047468,2.48199738950538
1.62275659615312,2.86466636942333,1.62749987227271,-0.565569445700935
0.677793439110397,1.47049189548093,-0.21617643673155,-1.21449076751028
1.54017324863877,1.33587797367566,1.44917518321737,0.504104229478392
1.34894740510696,-0.0738526608698337,-0.156430295896221,1.15055956060824
-1.49223475029061,-2.12582419135327,-3.06512729214538,-1.35064002093106
0.382697984689516,-1.29020246490817,1.01657634748027,-0.828903527096304
-1.61105091004683,-0.556270312951065,-0.322550140941873,-0.196097461100181
1.39815303417181,0.177965812225516,0.26572585844553,-2.14423078880421
-1.29030153750429,-1.44298548938615,-0.854456953369409,-0.456935194951507
-0.00841211788641694,1.44471410378087,1.60323616241078,0.46699240149775
-0.172771514165382,-0.706838198614185,-0.199177125943242,-0.352179815544595
1.24625116760229,0.256755522782242,0.183932488252444,-0.240111465608707
0.0056660993835625,-1.34616455670995,-0.846053989271221,0.914236998716214
1.39703266881034,1.75707955331208,1.43709987218534,-0.519391931575807
-0.240467319686405,0.977121955450371,1.22998132395354,0.74076856060123
0.801713867320737,1.69618705612876,1.21793012594357,1.60624224323302
-1.16480853455658,-0.275820504335032,0.114482394970955,-0.748191009369418
0.669922828225022,-0.0412355140532941,1.19683357725845,0.237116893198105
0.131868559038647,0.36295998704964,0.391014359396653,-0.527037358461029
0.926009895225579,1.35851770089793,1.97576981092175,1.11882498847153
-0.627767687938158,-2.12812600339213,-0.890195431934454,-0.652244548951149
-1.13367921006345,0.0238431454838891,0.932751788215493,0.197711849695191
-0.0849604323880414,0.874776457043344,1.96105324389876,0.521471947814751
0.554705108922514,0.163616621920411,-1.05786891726557,-0.62758992406711
-0.129217630245835,3.24732081813048,2.40577594304909,1.74086606541867
3.30377391130115,1.75810209525273,2.3006878223613,2.11591883737801
1.07649447557997,1.84182618337677,1.40284524536012,1.0443174425767
1.3630230244298,-0.0383786127529588,-0.676629172042144,-1.5725500636269
-1.28358539788148,-3.03163620708583,-1.14525636049008,0.444497224046603
0.0861610005140119,-0.175552470740826,-2.87271157156151,-0.509886281124164
0.929038928042218,2.27214307249534,0.674056464408873,0.692980890285434
0.107326815341168,-0.0279905954328619,-0.125290213236101,-0.323166613773356
-1.17913791337426,-1.90608771478856,-1.06696943053275,-0.542743069403119
0.570863441251353,1.24371910546095,0.262226948572278,-0.638401462037501
1.14216499328073,-0.650011538002419,-1.59864935311083,-0.791967859956131
-0.0899965915190074,-0.862035358053544,0.162831306428931,-0.1027109188649
0.0523563168315833,-0.838168668826087,-1.73419545848536,-1.8287031674223
1.1932048518817,0.853498202595316,1.73178242095029,1.67900515510152
2.122020240832,0.587365357707417,0.0193127571898281,2.45598485290697
-0.478140332709651,-0.788498060135772,1.62650130719145,-0.14333840361187
0.370253681756378,0.823467714003843,0.487365623599513,0.105016743944065
-1.31884733531177,-2.46965190161102,-1.77436882800597,-0.130619125416349
0.174358963673798,-1.65254789216703,-1.48650216208328,-0.739038307191406
0.369776373791212,0.0797604480021246,1.84381338360722,0.668316298765489
0.259422645702471,1.21294321703549,1.47746028715126,1.41522362653502
0.668836000589194,-0.589225475463229,-2.00498087947197,-0.93259672623399
-0.580099165271701,-1.45676496906941,0.708688024069916,-0.294112093586012
-0.0609649179264447,1.82712143145449,-0.377915654986607,-1.37808578084999
-2.61924324618528,-2.17472860221759,-4.49960205109341,-3.01989963900394
-1.11383629357381,-0.632767453792002,-0.0736204381310628,0.526348161160503
2.02896591506334,0.26478791243413,0.22044669006737,-0.846150579077871
0.771696416224144,0.946801177705897,0.11751511221345,0.585199526243119
-0.683167984640712,-0.51161538112503,-0.00175507963348487,2.45213903738891
-0.92367131470249,1.63754840136904,-0.00701597102991647,-0.29829080910742
3.26445110370089,1.96646559726367,1.19779477132238,2.08017507874064
-1.1165999348398,-1.43539328054735,-1.45701607861713,-1.39981627306067
1.25340587814372,0.759042819072654,0.336325440033801,1.13782537389154
-0.475929987912634,0.319994748144119,0.263157215777857,0.6497717395678
-0.800789603629392,-1.037327137848,0.251355612653803,0.46063014945376
0.703489572530908,1.6418628006765,2.3041212555157,2.51407852419615
-0.239238995803923,0.765624323843626,0.214050330725394,-0.436467889568466
0.13307468464418,0.61347441490176,0.0450057626465776,-0.357352335228395
0.179713665094284,0.000898735098807231,1.61708091455862,3.42385444433592
2.00075541533031,3.13741729455606,1.93476975884789,-1.97459114309845
0.758142220316091,1.30621215950709,-0.674484807405236,-1.1346064220135
0.252660411776325,0.414648209970068,-0.145537347968531,0.510468335457794
2.56492387018637,2.07295191459262,0.999584214640069,1.00080598720512
-0.719880588642071,-0.522605393271492,-0.340809764512779,0.56173108532275
-0.292010202208099,-0.176533901524845,-0.0842854943886748,-2.94620363271276
0.789332923625611,-0.110648291153627,2.12868140926414,1.84683038560966
1.00585326207002,1.89303222191035,1.24380666204352,0.0623819191980203
-0.172798921415855,1.192320450786,-0.771680146767093,2.09295335195087
0.0391877958296352,-0.369754876914484,-0.417221336331405,-0.823255903914694
-1.16499973076091,-1.4630953243349,0.728203422437943,1.30291866040567
-2.04953627581755,-2.23295298512299,-1.17066649108051,0.104906315023599
1.39600487858061,1.55667441470937,1.69244472052042,2.16046621499255
-0.994836533658222,-0.897682643555866,-2.05194735203518,-2.3830180530353
1.04017103691074,0.93323584543928,1.06475445008172,0.0552245335713715
1.41795031372074,1.35188589884666,0.541713950026555,2.20589500913113
3.72740656933659,0.349063708686942,-0.554585917247242,-0.951346837555121
-0.100881793536938,0.152004561520501,1.23370877633873,1.77238175268808
0.0135444926586793,0.292766474354372,0.516637188769037,1.51878277608678
1.94479818487002,2.96108880186322,1.99872017146877,0.47031075898489
-1.49348370704988,-2.1750425581436,0.220231019997682,-1.04080565478287
0.307910254494567,0.65246793174076,1.65282350298134,1.37330914418894
-2.84357079591536,-2.993730448737,-0.636728144723238,0.884145929618328
1.23464714579274,3.66964781763218,1.66779648373385,0.998711085346749
1.3695342315404,2.17970967158849,1.52287215311537,0.0894895921661277
1.29552671217254,1.70429532575747,1.22388558488544,1.63113707141353
1.38009119879992,2.11503148328763,1.38543093775942,2.3045315123525
0.878747914451964,-0.0762397981495441,0.437727274068966,0.112838360972609
0.865416750815791,1.64228160797409,2.82121512462208,2.40011017979871
0.218207208036085,0.299019928886283,2.4444317908451,0.400856621635703
-0.314945380551676,1.20540203694021,1.43823356874653,-0.0147626096769879
1.00856699672596,2.84923002917921,1.70727208472199,0.389189754576707
1.30732031041234,1.1180191255416,0.330693334654415,0.290794218276188
0.132904762208335,-1.59349082759897,-0.364741720043902,-0.899810316816359
0.773922017928143,0.991553747964087,1.59817378013754,0.947720642888721
0.524524332642418,-0.891926881596665,-0.00876969048481469,-0.746475463601558
2.88464528207919,1.65781655609336,1.08796454632135,-0.203738083503529
0.347245470897118,1.63065793957479,-1.84287572177004,-1.49412528260385
-0.613955247463773,-1.28904980817566,0.00936538842309398,0.473484003294032
1.10339605039054,0.171476948734843,-0.213150257930462,-0.327060066180577
0.431828297127912,0.424016158324716,0.690609174139931,-0.373815286251416
1.5329835316884,0.184490238540837,-2.13894924743867,-0.573351435763808
-0.517402911793784,0.259614471104551,0.551615120829002,-0.304694309103339
1.274610896612,0.520992697380519,-1.27821071117716,-1.72281898118481
0.64374073757113,-0.542788029528648,-2.24376436031093,-2.3162291101395
-1.43069395164737,-2.57626500994355,-2.05744010311343,-3.69585627426866
1.30934048173396,-0.653718759792258,-2.08992581375461,-0.461792588817928
0.874620661248806,0.251970893367148,0.787266775567404,1.08660602617035
-0.856793711803508,0.254552460820755,0.040497813623541,-2.10254806029042
-0.289606898649699,-1.21681666316477,-1.39888267564034,-0.608448061742873
-0.0937087445303606,2.94325497723989,1.79881966384465,0.336282063769484
0.12001795620771,0.706577793883743,-0.0236705366415282,0.852967042894476
0.568482294207487,1.62217849237521,0.84342753902317,2.00663397100886
2.40095215445354,1.09084851268362,1.98312212646961,0.282223693758889
0.613315710452135,-2.11119834958016,-2.30348544989322,-1.75385764018246
-0.0702646699827072,0.105240315381543,-1.06166220052195,0.0338132704569964
0.813950196275026,-0.547707785824467,-0.571228908988886,0.24157488530886
-0.234403290168411,0.860071751460042,1.29778204110804,-0.274716668707514
0.423007027651043,-0.564694636075663,-1.0400952281832,-0.464415170694885
1.196935427838,0.230998976405807,0.596656762896,-0.530085247685092
0.888783338843739,0.753809146186514,1.56836703671252,0.447227338735617
0.284463074191725,0.541034172961371,-0.181248106978624,0.507245496135458
-2.26522751402545,0.0781527634817145,-2.01563899543172,-2.4399358770049
0.34299803947805,-2.05992596459736,-0.0212300086420676,-0.489572180459865
1.35923485435909,0.662468104768017,-1.11667608003007,-0.537686950128957
2.37600994698585,0.507631355074003,0.799016714299665,0.74414215211328
1.26041364559078,1.64785555189072,1.10981065367646,1.94146721965562
1.01079100396155,-1.2627457221629,-0.726676591326328,-1.52920448105481
-0.421676528032658,-1.27595490944488,-0.638059169844857,-0.348709706623395
0.882605237450082,1.54480287938174,1.01296287131908,0.308866307133478
0.544573284239206,1.18770480274261,1.75595026953425,-0.0904174165755645
2.21441764305149,3.93539791239522,1.8081312116885,1.10549472739805
1.02351814135135,1.75089129925053,2.46469622409857,2.33835128005593
-0.0138630959150194,2.99680769758288,0.550605978816249,3.34796800824334
1.41901999465308,-0.34763062844681,-1.06842524380108,-0.720455269138512
0.443372281829575,1.38358538654472,0.169187386993768,1.06992450458217
-0.0876718008133763,-0.9923281700768,0.0657795037894244,-0.165011536850791
1.39695846075829,1.61959856752236,0.371863630742515,1.15140981136819
-0.138383574304645,0.570995892089916,1.07545036227487,-0.828751698868354
1.34692822822787,0.331499619517623,1.2812468762287,-0.831257525072376
-0.130415987345729,1.17575489325843,0.423571327338588,-0.141012126558274
1.18385345474872,0.0932683912005978,0.181839414088313,2.25794702551472
1.20809224683982,0.619434952434064,0.151590720325338,0.193580235448802
1.32062868321251,0.375960639103711,-1.1352905918668,-0.97574327294849
1.40932775168779,0.657763057398736,0.650014747325855,0.0684236430701372
-2.31054168690411,-0.779867312625096,-0.662553291392787,-1.97759625654408
0.441733896602117,0.625360855412304,-0.465360363310852,-0.201835558300267
1.57823885474045,0.260813042511876,-0.170921180571978,-0.157853835447687
1.56517553805836,4.12019136398162,2.81542337091456,2.68092857365209
1.50530799123733,1.06042048942214,0.0910660389939717,-1.07803905988594
2.70255416059783,2.06125421282246,-0.470057450713819,-0.54588458069358
-1.52484594545201,0.190135883474887,0.530866635428941,-1.21918228185259
-1.48143005669403,0.086432276858136,1.11086770800689,1.18106284243487
1.2244745455424,1.4572162278124,0.752690555907818,-2.71670784017537
0.903573492773186,-1.50638231899578,-0.318444947909029,-1.99092980739925
0.595573430037624,3.00205438474382,1.58004394478797,0.694539286900665
-0.794722489062588,-0.238428477478162,-1.25366621294797,0.206418768574847
1.66470051064532,-0.609392961520395,-2.06264680630084,-2.1937017154857
-0.114778612645979,-0.288298667864159,-0.146080569402733,-0.513875310782064
1.4193967466023,2.27407478822,0.830494172102348,0.49619958620181
0.800347658068507,1.58282040968024,0.754777584601826,0.159533122695675
-1.19942576511146,-0.620423568490168,-1.87838757663536,0.136649289124518
-0.104660138352843,0.44107887978313,-0.350208104846317,0.583181303377037
0.232860473415657,-0.199390813050299,-1.1676475788816,0.198603970143782
0.538670583340032,1.1705162682798,-0.108004885508914,-1.0902745477304
-0.0624362330147146,-0.158519671209693,-0.556893208347205,-1.4541859107814
-0.698493288438507,-0.523762148504122,-3.14898555410933,-2.78098271418381
1.03724808584476,-0.191424103465404,-0.822623946193271,0.169646089627038
0.484973019501386,-1.13410994719112,-0.168179420821889,-0.6288647301663
-0.436135143436576,-1.33613899927197,-2.21851289160731,-1.64555882821811
2.06423159305886,1.73176028072142,2.82472876392819,1.73564941940042
1.71669478663249,2.80135691739852,1.57696386983963,-0.46390481609093
1.03958438136129,1.74383329139713,1.37279864203691,0.460895415398745
-0.0334291846949415,-0.023399691616141,0.333344152878473,0.130784634722523
1.62790416349091,0.564895549187526,-0.203023752557264,-1.50588987986178
2.44242021504092,1.01228602084738,1.2709067711972,0.921703224208036
0.296066393139246,-0.089732353190016,0.196300878423313,0.452312996681853
1.93681307028567,1.41619978253377,0.442363257557219,0.688273901442234
0.65919696832032,-2.18885931285525,-0.228385955219653,-2.49956970678986
0.462896534734993,-0.492531847797112,-0.683665264623952,-0.885306567220588
0.358752530078405,0.711445175430197,1.15042547006188,1.24225204646966
-0.160762255311718,1.08641257179506,-2.01500896285074,-1.81426548773549
-0.817162691524912,-1.52591236851753,-0.974767757745584,0.379245677509682
0.362422410170139,-0.389952956722021,1.48112044014905,0.598675889098297
-0.268815817673694,-0.76063998600685,0.681045479861194,0.406779440454603
-0.669073507018254,0.910416029535921,1.20162353253762,0.864777254394103
1.22840896717398,1.71534535029958,0.639846896967161,0.818494172024065
-0.232378956551695,0.847542781794677,2.5470588933385,1.77859891366013
2.11483961443102,1.95072858087146,2.24078510426102,0.786730963086125
-0.401524125763643,-0.234979125988846,0.846488837718621,-0.335216942901946
1.15362317380965,0.420838950700499,-0.135921591902152,-1.10540682519275
1.9170045994786,1.17191998573365,1.56708130744832,0.959967490200806
1.17902136369557,0.549512451771016,0.144987376760194,0.576529579389911
0.435021734647487,1.74720654955876,0.698484058923633,2.30066162822283
-0.729034602235554,-0.0427124030535593,0.154274831700154,-0.135008163763397
-0.59717581613889,-0.937194386667709,-0.578006588188476,-0.463130181476094
-0.302181342245985,-0.267725172433806,0.249472016320228,-0.342796530585302
0.272807402265614,-1.53092594189123,-2.02469677942838,-1.90507348815289
0.0376675119178078,-0.323833138038364,0.464024934488176,0.368351381832788
1.0701403409986,0.215039561275748,3.22572047474276,1.38564474141984
0.400007814132096,1.31934726730812,1.76471657862465,0.738399592459291
-0.898293274853518,-0.578111676681529,0.765959338458243,-0.334193026760562
1.21201331229701,0.564660180281475,1.15984885846798,-0.710521339225599
-0.832357356799996,-0.846996936861681,-1.53245466246346,0.117567436598646
0.712990055992204,0.219582348012338,1.19245499270416,1.41351761932514
-0.345079435187683,0.27333231082015,-0.137871169247345,0.605650191858762
1.25754850565859,1.78788114098354,0.940460375458805,0.688987594000017
-0.282864170695805,0.266719256515658,2.34517071567833,2.40230141298273
0.142976325148384,-1.00708010369534,-1.64264240040599,-2.64004321726909
0.964957183248289,-0.697119536476416,-0.940734073043777,-1.26041881904317
0.712715209299864,-3.17811110136172,-4.42837075659026,-3.96136807114331
-1.47613641331335,-3.07932586824518,-3.27562537032295,-2.25926190626094
0.697099360123627,0.932424657975589,1.04584692235828,1.55966855518376
-1.37962106846821,-1.33785721752982,-2.05555351245822,-1.22887800306071
-1.03408655670524,-1.50473795303521,-1.61698466549793,-2.4952321001905
0.0100034959035871,1.41983119401745,1.1068432821504,-2.30779672239314
0.42439712083792,-0.259807860499034,0.394310885672923,0.301408755804012
1.10866769131011,1.53715485767635,1.79817138308303,0.948908303214059
1.82522437907219,1.89570333201763,-0.0158112802676891,-1.54139858216448
1.19334142342918,-0.119513761682042,0.496442222601368,-0.130602761138639
-0.323846083005362,-1.24007564022406,-0.956000234675985,1.04351122587932
-0.174643602733096,-1.30764281379965,0.346498360758258,1.13298266443222
0.0843073821232107,0.00744750286385222,-0.995750766635253,-2.77326493923536
0.557722918073538,0.412623950982419,0.149976352605843,1.66236804236419
-0.495993716018469,0.474792839670159,0.172051345278199,-1.06868177618349
0.753484322281605,1.34649687169002,-0.620923287438134,0.604956251310076
0.0383390695650196,-0.733612940397499,0.799809458647353,0.125506473418419
-0.046224892934682,-1.43745874329191,-2.0283007709009,-0.7577388541384
2.76552096507424,3.11011303365893,2.19893739026136,1.78049670328579
0.060762783785257,-0.0713941901763075,0.225205359826762,0.546226319226294
1.68107102389313,1.86956478293126,0.539175044096867,-0.00410429354332464
2.46995798598296,1.886563680605,0.770114410552107,1.07815090912539
-0.436686262237559,-0.983967680483214,-1.86706495055834,-0.278138119105046
1.24216821067438,-0.0805272503996585,-0.309655199370965,2.30232233825967
1.05819689014679,0.805010273350311,-0.59758343442875,-0.400690118020345
0.232643435065304,-0.531060212963667,-0.161860219183409,1.41256657988488
0.96466535905598,0.998271123903049,0.0436464391054833,-0.935508763926272
0.474196245073632,-1.13255112299087,-0.189302186809017,-2.80991522424732
-1.51072653665095,-2.60051722459047,-0.341183391997412,-0.304599298173763
2.52287429554357,1.22697210233242,-0.430475452982506,-1.28352458290892
1.25051256163407,1.24295573577656,-0.0919838225490451,-0.595549498816238
0.0152443969091099,1.14235541009738,0.123602462945625,-1.94874900121641
2.61192926353808,3.0950136289045,1.56538282893607,1.13880539462745
2.23028645250792,1.86049421650934,2.58018196721534,1.56817121790961
-1.65709702605665,-0.657038075545752,-0.516222610597082,0.267194507043003
-0.0171803774894141,-0.966905977619668,0.611610303841589,0.34378854188081
1.1439043029446,1.16844528275423,-1.88607463441586,-1.1287012911853
0.571926124367349,0.148728348017627,1.225277669658,0.744297796970895
-1.29915037684075,1.22696144756679,-1.11829248772595,-2.06704432132216
-0.339273075192755,0.871391118927216,1.57342310242209,1.57593053129872
0.94788703348697,2.43017295079794,0.808374021018685,2.14862090413055
2.35504635243497,0.993160260666832,0.703008351630481,-0.760093675767258
0.562134053574389,0.807134754573224,2.04148854136733,1.00267167709376
0.25405199846059,0.649840714744517,1.36533929366357,0.371178816182165
1.71370251482974,2.02371899802101,1.40298132577811,0.0998207941502247
0.186147580129143,1.46040758185556,0.138096895676979,-0.111330883643441
-0.872215891632914,-1.28713174775107,-0.659724923051101,0.149453265744161
1.45114680169305,0.136723818985132,0.0677657347614353,0.0931268880546587
-0.840704860229509,1.06674733641554,3.49156457080182,0.467047391863856
2.44889173311905,2.61099745208779,1.44490862309435,0.186336118840258
0.270286117569456,-0.581608293392906,0.102926573603692,-1.0939928782953
-1.01858762964633,-0.500608875483279,-0.367583843888808,-2.07641032082476
2.46208239410497,1.27857788467105,1.20351658180439,1.9730843575571
-0.638497417676321,-0.796126228330207,-2.87375930167916,-0.52618972181671
1.05851520306159,-0.915714885102061,-0.0795697805850419,-0.3378245557625
-0.907146136968411,-1.09539984922495,-2.39235782397203,-0.258633001321329
1.42429470173818,2.01663630644249,2.05461722747593,1.78713679964075
1.61356553824863,0.778606500520107,0.846066397517448,0.195105652573379
1.27278280144737,-0.173341811802078,0.146768495975974,-2.26487024743419
1.73212765690659,2.1353506474757,0.426197356457672,0.742223370024837
3.02020022194098,2.10397516588018,0.182257378585615,1.88835302673487
1.55890822217136,0.606142731035901,0.299581458247707,-0.475993675677665
0.373557721065892,-0.683740258528454,-0.194808774689958,2.47545781579032
-0.399469163106723,2.01160579634256,3.00522217875355,1.72387549957403
-0.258822668017309,-0.742738545439532,-0.68420886341981,-0.678989445560074
0.839980645285811,0.792388369885616,0.866221331300639,-0.427830245524088
-0.0972813633225935,-1.42415601788958,-2.18195792397832,-1.28730811751065
0.554720841140908,-0.374426736892423,-0.869629192632146,0.0936467892722987
1.94784410291727,0.154992159252255,1.27765586999275,0.157097214472234
-0.465978154721124,0.591743633477249,-1.26802278269749,-1.61614260440102
-0.560747907389685,0.0605464674907442,-0.514999672679709,0.158844469185815
0.876977227124928,1.09852136850322,1.43752180549949,-0.846644506397327
0.904229931005975,1.44614716492983,1.80325805643609,0.265698155814124
0.0078750183535905,0.501885426492237,1.55609069190101,2.1112647177541
-0.30710465678825,0.127524576545266,0.957525811586568,2.00993670317095
1.59716495052171,0.84224214489611,-0.757826173395993,-0.840446982136894
-1.01193770858406,-1.51046271876795,-0.742104559730769,-2.87113000089186
0.985961783497562,-0.538833649005567,0.301995172056626,-2.13293817054517
1.32926069856291,0.415633446090175,0.858016834237459,0.602196591822936
-0.151571779386541,-0.18758436645626,-0.622314281969709,-1.54124330667708
0.477523084360968,0.425935370263024,1.00337128960999,0.0246838863818926
1.58454542033113,0.07299815641565,0.179878763973485,0.0496346690588132
0.828463148584891,1.1971722517525,0.453213264521879,0.426363845956661
2.76046989362465,2.31988319124571,0.365776461677784,-0.843762028550061
-1.91819992365264,0.638383181191957,1.00779542805266,0.288442447098423
0.859585197759108,1.56254936866114,0.514499019353827,1.21810126164893
2.50414844215922,1.22607621618973,1.96807918007398,3.06285684173348
-1.32032960576771,-1.00046125711216,-1.90827671687231,-2.29501795756406
1.35091847775505,2.66924111019611,0.605806462527382,0.25933923425212
-0.387744587725034,0.517412416139906,1.65402567329222,-0.0780459670103126
2.83452883458036,2.14811478249411,0.749980230579138,1.78045176403656
0.306100886465032,0.107634019147157,0.0742491727698958,-0.348082377480183
1.62488635478014,0.606484818977913,0.844411283260163,1.45094204039615
0.978571596109312,1.62428471097292,0.472090798381404,-0.807130007195
1.24920508496656,-0.771014883307278,-0.216637449765109,-0.484621028066307
1.42051790657733,1.94734167071361,2.27812111558666,1.7010284293405
0.141690728551935,1.76388504245851,1.07676115970518,0.103884743390842
1.08248918239532,1.7905938643129,1.47208714121453,1.12855205096531
0.676604081535398,1.72234043226073,0.540474727463868,1.47161350679806
-1.89229463852308,-1.15848819678022,1.45120700879555,2.27402798757002
1.24578127071382,1.26070129301155,2.2468866402276,2.41845538742446
0.15059645265221,-1.40401070533355,-1.41007514674803,-1.13455201253312
1.46808559383062,2.50035389561305,2.66096763759504,1.45658027780698
0.396651335162665,-0.128326173986172,0.191832142233152,-1.70697853594433
1.36606892367747,-0.588347234762572,0.945908420135822,1.45689306337515
0.563969129601851,-0.0241490092205993,-0.266672227025976,-0.408920733510865
-1.05474680681703,-1.0177511302357,0.814217096266906,-1.43336450049905
0.933698895910447,1.33217716031575,-0.556498314645421,0.0377495026939627
1.71397005440939,1.41472589035512,1.43498372485633,0.841379537498002
0.672470059442547,1.20094044987638,-0.446640821747593,-0.00101836439542902
0.380395454672771,-0.76265222538188,-1.75838196682035,-4.01240702380701
1.27042492150522,-0.184408875969169,-1.65676132294154,-1.69864875835216
-2.74844991503748,-1.08890157625538,-1.0084148987065,-1.21075072170707
1.63966150713894,1.02824969436392,0.911083259649619,0.361897672740092
3.23196936341663,1.43496691511437,0.444192696000981,-0.905771206480815
0.21272183800543,-0.395451484342986,-1.58358767887058,-1.05985698844658
1.61473160194357,0.21585176103437,0.781120132926738,0.0630693411314396
1.96224182720522,2.66152608096491,0.659068787907183,-0.442421319435671
2.22450860840688,0.701300634823017,0.0922860340286823,-0.378586839878322
0.732663247909938,0.747296673299202,0.154499908532979,-0.508390263043032
-0.450887848796905,-0.133884164784263,0.0673867882397866,-0.505875928774265
1.34346058098689,0.839741313367722,0.396020019284704,-0.806555787993697
-0.980659713010551,-0.814401514803464,0.385756858629682,0.623609720425282
-1.5294329456419,-0.763821717533053,0.215843578819781,0.3490008796705
0.418944932322599,-1.4275784825591,-2.73543190332979,-1.92773207287773
1.57273797424685,-0.965865213721403,-0.775410886338986,1.51299409936125
-0.217061981450827,0.358236739143209,-0.0247947688536418,-1.11513195839269
1.51463936600756,1.90475153532976,-1.37960743597906,-1.70611747300972
0.794171637557562,0.25892669186579,-0.856753924102318,-0.172114849154115
1.04467103777551,-0.0910853714215777,-2.28442541929754,-1.46653770751089
-0.496643600167751,-0.311922371521703,0.264481375198252,0.682101238363104
-0.26804187292624,-1.42871810376947,-0.565313691556775,-1.53355074034931
0.898326650999323,0.168890239960865,0.606482360795509,-0.408026189698623
0.798231134104726,0.112184532141201,-1.52191717373965,-1.50746080532105
0.251435340306235,-1.36156927388123,-1.31233172242294,-1.34984028545571
-1.50726182838125,-0.927458755541439,-1.28275132467272,0.143954745040788
2.79796622879333,1.07580030946912,1.03835102593145,-0.403112634966855
0.731526699962392,-1.02269230623692,-0.676487353742377,-1.01651006359678
1.41880440257084,1.46251586139157,0.177929054395328,0.0747071098697889
-1.63748450640966,-0.735995463578788,-1.79416989359102,-2.10758511848217
-0.678218208081734,-0.550710558342166,-2.3127974039976,-2.5146682222389
-0.14183638089215,-3.04935097995015,-1.90235110240619,0.264765288196604
-0.544347026454268,0.616364407788445,0.881891526387497,1.6460118151741
1.4794221137506,0.614821173229745,-0.910606685938739,-0.918531234961143
0.451898170455664,1.26628106272498,2.1357057596372,-0.0432224818051876
1.91457310014311,2.30863842576691,3.86586602014054,2.45609448703348
0.599209806901778,2.79424955914369,2.17317411768658,2.11739005739039
0.430323744040514,1.36767379703292,0.837683156184523,-0.941677384284285
0.770183319068944,-2.46532818676137,-1.6858197027593,-1.19368951754415
0.499491597070123,-0.154154591980189,0.884594797807298,-0.879511160850248
1.51501999545643,-1.24106145239506,-0.940719171764229,-0.882834128775557
-0.629269200653744,-0.812319309777575,-0.297708481025285,-0.674245603544818
-0.265304773457239,0.9998624276336,-0.267945928398042,0.82961478997183
0.698210945091989,1.69699966444077,1.74529551179622,0.308001528986798
-1.56878658457536,-2.09604348574121,-4.33929471351331,-4.36021027268846
-1.0226471699647,-0.108966737894022,0.397602506184503,0.971694085785748
1.18402441960923,-0.371522821152885,0.366937211220055,0.843650411397818
0.711184974058347,1.29139284618226,-0.5721297788091,-1.24580644445819
-0.22257410204735,0.609029768318893,-0.75889938808268,-0.106004177003104
0.00786012481076941,-0.788953299096657,-2.88987987890674,-2.37025971267771
1.53563640689338,-0.0178634445018726,2.39962084761504,3.03635921236118
0.956267466718892,1.15593333850983,0.182267133894839,-0.810798649917053
0.342242306714975,0.570273877485945,-0.29336347458538,0.0770403645628521
1.65462553533327,0.204608885640314,1.43427737373969,0.851048926186763
1.44071764539509,1.20769855773226,1.28730185127063,2.10455717465869
-0.208428204403856,1.73810599097296,1.16299646152334,0.835200176787267
0.424308626793353,0.204815103084982,-0.570794441278275,1.85082669188089
-1.39709822127019,-1.65897710959629,1.04050281076203,1.06791455894974
0.755880948243514,-0.319427257023078,-1.04229727987502,-2.44451694658395
1.19648727369143,1.08007025975155,0.0124677604864279,-1.66950587323938
-0.383702469661932,-1.30008706430087,1.08632814172864,-0.227013393176013
1.03155935310435,2.02907436913106,1.51333622803811,0.675765943242589
-1.1852285115232,-2.10016890870574,-1.00193117763129,-0.351895874760007
-0.0731338663927666,0.275892601493933,-1.03642540509554,-0.845118154982521
-1.33387806192849,0.873495578366211,-0.676519999138773,-0.654472071692544
0.451225752709254,-1.65653091264701,-2.67367622390578,-3.84608630989229
-0.868199942435151,1.13016958091742,-0.371093792232638,-1.84575265434689
2.73142088316467,2.93770315244775,0.738367510008543,-0.310291493460203
-0.394757169069017,1.03244119493341,1.58542688071076,2.11536879348136
1.49688276308254,-0.566824922407279,0.00789208106526118,-1.19525233531538
-0.629976905215799,-0.753268772135549,-1.07621293100764,-0.782041177561378
1.31473375640634,1.76874623898147,1.20423475415156,2.22036629690605
-0.42934118592579,0.271931729721844,1.12626935730643,-0.327134855542683
-1.59775070370703,-0.946594017142592,0.13705519631064,-1.19732615117188
-0.543836557286963,-1.09681006157452,-2.08128687934131,-0.982544956241142
-0.430833640995697,-0.924771520239573,-0.883510438008801,0.170505272063861
1.01770226038361,1.48170135492068,0.900556959205373,-0.139000652767504
2.10753588020889,1.25219625337325,1.49876960721256,-0.0930587105068257
0.273598192139696,1.10476567698589,1.04357498179323,0.467223790456661
0.365800174505674,0.484117520986969,1.21822170634174,-1.14964605546039
1.35890647615078,1.34064148120284,1.00545123237395,1.76431432196243
0.0323964426950515,0.51149262601934,-0.212498016855757,0.730051179749026
-1.64272678642194,-0.841322263463694,-1.8661407268548,-2.71877112308899
0.286477502358889,0.00419543705410003,0.236399823653834,1.43924367309744
0.647596960373414,0.93276268200884,2.29055744958828,0.297248645209665
-0.628900251814082,-2.58012236417998,-1.28743496935791,-1.5495819377615
-0.423949850687583,0.890953533048427,3.22539798699792,1.63816903922822
0.358292019285874,0.109804353251119,-0.824050558461402,-1.18222552129801
1.31837690274422,1.29100537742003,0.920474216643053,-0.163480452089084
-0.454759663284144,-0.110916217896732,-0.782226745783505,-1.54834786832173
0.81850101559965,1.42752860562085,1.02274368431608,-0.199354141688366
0.679500958165126,-1.54369282092348,-1.53305485696066,-1.43777658306452
-0.809923305474473,-1.91972105828021,-1.64934210331242,-1.77577955743777
0.622230402203965,0.584687685924086,0.567899253701404,0.764419970618811
-1.25034627988284,-1.69836584613736,0.0329133322766511,-1.43879643250757
-1.27313971635037,0.716509584269395,-2.32482937209288,-0.22606439696567
-2.80898067663851,0.162952163007968,-0.261329540885674,2.15886441790716
-0.510721948991236,-1.01502805231526,-1.33421738808509,0.611303992988672
-0.587320696981233,-1.70750604234173,-0.764826145031062,-1.99016611051148
-0.303733430707699,-0.570827734160023,-0.626597520199045,0.620442854092546
0.310602316900341,0.259323048772805,0.27596763206654,0.0103389653951475
-1.05877620525972,-0.216229418671718,0.395225475990813,0.401262147657615
1.27689657492568,-0.720128516549894,0.596281673076183,1.06294472057291
-0.497648081648904,-0.952126495856852,-1.37171388797555,2.47724311815189
-0.211360866506372,0.22412416736094,-1.14834562531678,-1.09453314466225
0.779408861720964,-0.891731589601399,0.318121521028547,0.258397034095242
-0.754131921499422,-1.26805882299184,-3.06010854925827,-4.33751932323562
-1.06861391042482,-0.53004828272823,-0.580074825734222,-2.8996935303807
0.437571370449065,-0.935333949453482,-1.05467777779163,-1.72964753354495
0.763451634382684,1.2767502933583,0.379487895971722,1.46650255663547
0.287751260335932,-0.545356641682907,-0.66427062466709,0.290128316412498
-0.756390404105588,1.13963216069978,-0.410799247748805,1.8085989864008
2.26673251661852,0.754818951781954,-2.11797836570675,-1.85514966607615
-1.32364215620095,-1.47733329255267,-1.98921147746208,-1.57804814033674
-0.464188758579889,0.962180486788706,0.563432526227228,1.25471426114425
-1.61337892882194,-1.4026703160461,2.01308748050457,2.73420392027868
1.67693211161516,0.249855017296502,-0.384150321873262,-1.70008446726215
2.12105119199701,0.860152434890559,0.139831982018898,-0.329705149337311
1.24468821423857,-0.376111423047464,0.746092913307813,-0.507021577521818
0.413072263589764,1.26789025588651,0.946347231348599,1.31980955705719
-1.26225483428779,-2.30236831147389,-0.486626207189949,0.566318960234847
1.01531177327754,1.38989095318974,0.704505245295187,0.806008823626384
-1.45088717328297,-0.725671400525499,-0.992543768657081,-0.182569812048102
0.301626098456615,-1.93350593203539,-0.381194459132653,-0.23838218156846
2.96138636393653,1.81851931049622,-0.837766870518629,-1.27325645262507
0.953125024882963,0.924754316485726,0.257662306981776,-0.797086991502373
0.489857159816016,-0.488644339871263,-0.64985845124599,-0.960192581789709
0.730453706720648,0.974588772382622,-0.991941655745409,-1.02002531547267
-2.52286694484319,0.822354309910515,1.73726598666367,1.65771642851149
2.68294485202818,2.7128374929652,-1.27150470602321,-1.80348542704866
0.71499861602012,-0.00734667829107738,-1.09081966442751,-0.416655347516118
0.451575736270811,-0.367812990002256,-0.4565903567263,0.236185411603478
3.28708179681378,2.98053022579556,3.50350098309024,-1.21728964967972
1.10883930362757,0.410913329691231,0.846330795047609,0.126827697885244
0.92721214252811,1.26325794035342,1.10966402257977,0.867805823260335
0.729573150564187,0.153165335729488,0.168258142462253,-1.23568922850009
-0.298001306029265,0.290499410299783,0.0118246827029366,-0.477449760511655
-0.250527682372878,0.0925107268126415,1.01912674096309,0.632232662939514
2.48538538704074,2.14675189851323,1.97069984728898,1.4370440585119
0.527044849006641,0.750075187028753,0.658537631468406,2.04146314382285
-1.00908743137897,-0.81689976422131,-0.339015161182271,-1.80493487149393
0.827904727753042,-0.442738381448337,1.52147879377358,2.7072017126981
0.822253176895473,0.674415002556145,0.0879349289079727,0.368212761453107
0.182669067071212,0.579420339717955,-0.78451270256304,-1.63719207968339
-0.724721089839065,-0.464569546385976,0.479662747237188,1.01607584092601
1.91932553703614,1.77526160099937,0.400427853313831,0.91348813556812
0.723405707797948,1.28042024909848,1.17909738477348,0.637430936843677
0.73922490603047,0.538247405472342,-0.560063147500928,-1.73314928688374
0.105951360303185,0.803373132480729,0.638925201775242,-0.164254378465641
1.79334919328677,1.65597308051894,0.516226194471109,2.1858646945758
0.491103831126106,2.03002309873175,-0.13387187653875,0.122913477306264
-0.178200987420223,-0.108169332367451,0.0983719191866379,-0.149613012540051
-0.790287639637056,-0.86177473813955,-0.0491363360626151,1.3035987337087
0.62109180389691,1.09149217645843,-0.656063450466502,-0.745761002547874
-0.752554421423607,-1.03813399841888,0.766412423128406,0.864271103079053
2.67840145323736,1.85836786726382,0.671731124831178,1.09552182185177
-0.039767178535471,-1.04729006463385,-2.10574416907817,-1.22405959015588
-0.587550147909269,0.711334764668827,-0.423202998916682,0.116662500379742
0.933788329702886,-0.598435192506859,-0.355048073932601,-1.23024934903182
1.13157738289448,1.38628570471969,1.48910076459234,-0.322229563472682
1.2924633102116,0.615727148207646,1.40522803251543,-0.805636081967417
-0.397140224660161,0.0235648126153669,-0.671877479859651,-0.49917992090304
-1.42860433174606,3.00220775849593,1.72143830815808,0.863066471004015
-0.555470171650587,-0.759104072369804,1.20420330997612,0.866440604956542
0.302982385818826,2.47968465283586,0.428611740858759,0.915544930686909
0.635986412718616,2.46763141090627,1.5424866282219,1.43071471203706
-1.50458219286498,-1.83068007902104,-1.73378578977031,-1.20599001459187
2.69308367746518,2.63248025738777,1.5314115772458,2.04556592160753
0.784997781350776,-0.0719866212745777,-0.768741477352239,-0.580014876318595
-0.061029072381254,-0.854775419211437,-3.61154246614951,-1.98738053165228
-0.15233989745366,1.30315973952857,1.45036079142637,-0.106869068087498
-0.414116506142339,0.094380057425441,-1.00867254743916,-0.482247150835836
0.572743739985596,-1.5497516205455,-0.66290476573584,-1.42648229934745
-0.194238121282873,-2.41103892652193,-3.19192413487857,-3.35032353785847
-1.44309509086906,-0.746715610965544,-2.01068637583389,-1.42991358362797
-0.50323911219264,-0.864328882257162,-0.246351835063342,0.0641796617883633
-0.0458584100949506,0.48904601538245,1.13573716667654,1.00683864553017
-0.377439261341384,-0.112430559566701,1.06474068731652,1.26905487855232
0.328863881170684,-0.227185130350843,-0.000896118237363408,-0.488506708089723
-0.395533239308083,-1.01666132110715,-1.07980139064517,-0.891184879848672
-0.507326547949744,-0.920862857332321,-1.23510426650373,-0.676698987374532
0.531212004169816,0.747904449859949,-1.68862041860387,-2.03272259612342
-0.524025874416436,-2.0299061836969,-1.07551865475687,1.03909884818195
1.32262076245062,0.92215950499846,0.820034865638359,-1.02808599498584
0.1948704883425,0.488040664080387,0.572244058995486,-0.340661682799304
0.849922023081353,0.104730642043513,-1.02974927972753,1.60389059779566
1.27705268334059,1.02310280747135,0.670994430742535,1.31186264601091
-0.484052281293459,-1.43727940582865,-1.04133768261576,0.0593019755791813
2.31876475849815,2.98790701529969,-0.780157517036665,-0.592428095950723
0.891575010004642,-0.870542513788936,-3.00406699015281,-1.49079656612193
0.138861829143673,-0.624625958048613,-0.645331013414647,-1.165136441852
0.0823698297838845,0.246064947598728,0.383146639570045,0.546302764210211
1.40228015800562,0.975345658840205,0.544666549175126,-0.567547645310777
1.30365312113804,-1.01929148862766,-0.296087630853145,-1.5185057982347
1.04897192594172,-0.000641184932239192,0.954178448607968,0.653652658492371
-0.87722103438767,-1.39409488993569,-0.0890303548229187,1.3579942380143
-2.05064249167757,-4.03180561297029,-5.19116028128605,-2.56457693220964
0.364872831237329,1.07892190976692,0.999897238306725,0.489460122230274
1.07144266546524,1.9284530748612,-0.816002250054822,-0.108630948730328
2.75290590196913,2.27017463035409,2.05043887767612,2.31860536551507
-0.480202410331579,0.204882750662012,0.0279957944900933,0.210389643280032
0.844902996973213,0.224820100030829,0.665221438018936,0.716230456493079
1.25712970097218,1.37111646013932,1.04584369825739,2.50042134753553
-1.20594451593721,0.757746917459221,0.919915528189853,0.311076561175485
0.0204131342730221,0.328175438567207,-0.0520089287052467,-0.150911834980865
-0.0183189391096175,-0.535834216312164,-1.17838986444929,-2.02740787244698
0.135962113821718,-1.61772665675665,-0.938775036469259,-0.526871140961361
1.17146822629339,-0.611379208525477,-0.766726999265597,0.126673258706944
-0.553249860721364,1.75329223115759,-0.184372961259063,-0.449705974605878
1.07752682310763,0.679945700191574,0.934513726154856,1.72890365461614
1.20232768819863,1.83795289797627,1.08775217339209,-0.356387974685536
1.1013000924887,2.43291690850393,0.42981135980458,0.0190146113886387
-1.37676268259506,1.03723206570107,1.23387475456029,-0.224916486570851
0.451561125869431,-0.643264102391991,1.4156738726861,1.78484661774604
1.82486123106985,1.48130847688156,1.68051127094069,0.973626416047879
-0.198622907001472,0.481916826417799,0.564840328008448,-0.775665329949086
1.27226766684176,-0.471862886029841,0.0296549938415973,0.00972627380983004
-1.1840997801374,-0.60766371936635,0.536455042406939,1.15312928328037
1.18693560751042,2.6726622898134,1.78589759980395,-1.50809471820856
1.05397653866049,-0.790694058023556,0.0330903139244939,-0.230402325911702
1.1469663792494,0.0325455996981571,-0.649821564245269,-1.04088338109584
0.733843330190055,0.307571375772523,0.381280387934274,-0.231034293987981
1.37601950024407,0.417418374900642,0.745015272811424,1.10403972004749
-0.923806176011522,-1.36474412573715,-1.26227555825391,0.0379417827124273
0.789787617827171,-0.713313609012412,0.617754507377158,-0.390378971142783
0.673186019767878,0.7401098640635,2.20942248771237,1.72783100013315
-0.383233112923143,-0.255140609507394,-1.23398098724755,0.020477924842621
0.378705126161966,-0.413904916104077,-0.959321184039926,-1.07175712878566
-0.557372375360712,-0.746874207066955,-1.20434414397634,-1.54014508952824
-0.6142115312982,-0.500872116404532,-0.111961485363956,-0.652954789096247
-1.15404376606016,-1.25208102860235,-0.303859200306155,0.692153035248921
-0.625194831132617,0.027461377418498,-1.39377234054187,0.955379637061702
1.28823563928794,0.648729913871792,-1.01427096477601,0.223308139508355
1.85637796568955,2.21060039696104,-0.055963113928035,0.653997625493178
0.915275570164457,-0.240428828982627,-0.716117630240097,-0.148114671673023
1.3399278429302,0.811018616535113,3.77717892969391,2.59843500888697
0.219742979568266,1.26247908610338,0.0539250723632543,-0.806056895500044
-0.82981306894951,-0.867244119502837,-0.285184505775149,-1.81638437867423
2.297682750762,1.22915557227124,-1.70153012416365,-2.07686450994098
1.68313075640719,1.58446512453069,0.74864520469142,-0.525539489925981
2.22764791950828,2.60054090490995,2.22777694640452,0.847030101291019
1.84414236583132,-1.39874134270418,-2.50203845048641,-0.917575151722163
1.45173094491652,1.10163490211531,-0.191782375795278,1.00270431534498
-0.817505692614824,-0.899970221094617,-1.6256143154748,-0.466679733146716
2.21064894412522,0.726647067785135,0.940739028581075,0.236818030434193
-0.401357491803114,-1.26519036169997,0.970252594500832,0.256372562228745
-0.0866844407077869,-0.773942040559795,-0.013361022724779,-1.79927024819762
2.87137701652751,2.85794773588053,3.52721740591817,3.26954058139358
1.3433875973483,1.82896696830775,1.00076919910576,-0.122636489719215
0.464720976763053,0.0286096457188104,0.651625993318142,0.244633834470915
-0.57251095402498,-1.08797211795121,-1.96362011339809,0.275731614235099
-0.347355040580507,-2.26239804498743,-2.08265592259042,-1.16383882982992
0.348692643930876,-0.333890982150982,-0.467620457511422,-1.2744873858404
0.0319209653304107,-1.36077907223352,0.671977349545167,0.336242869065272
0.434928848473588,1.0206401207097,1.25209924771537,-0.420139215796769
1.89993947441575,2.46623050705366,-0.508556323526524,0.321004048230723
0.776779038174837,0.635652409227903,-0.02768637924386,0.251506499556122
-0.476279095125031,-2.24245873943383,-4.15501752020687,-3.75641366058493
0.307552311164776,0.810955322030358,-1.77343605266672,-2.44889550664527
0.808016284797064,1.48858848017883,2.01438092398241,2.50188448415566
1.69622638131915,0.920773355351175,0.401800993967845,0.81220114793427
1.59759781853039,1.66792814369256,1.41995501530884,1.76291118108418
-1.0431824275204,1.34024685604059,0.832611486944664,-0.878053659456345
-0.0338810355880908,-1.00425680890452,-0.0658004581971013,-0.359831055621394
-0.551167166994057,-0.18990984824755,-1.44793864985119,-0.884088950346456
-0.626298342819491,-0.620237144277498,-2.21069051072144,-1.48384886362272
-1.8064463744891,-2.67545142453894,-2.32018447516721,0.646303126190681
-0.0730863734834268,0.723953527548146,1.3940292276845,0.581100024445007
3.4982549907626,1.56108639378342,2.96831095928104,1.85702705676591
-1.16916625383748,-0.610670549235117,-1.6331549143592,-1.30754646512676
0.854470511085386,0.761953246431975,-1.47187846241014,-0.912477745713181
1.59205694348952,0.830454791313607,0.116659333990493,1.01186236333041
0.767014335757919,-0.0517658861076695,1.46767810866515,-0.763104341249227
-0.205779776240112,-0.778634602870224,-1.4144018041089,-0.681437641157129
-0.242644504581514,0.785176210768735,-1.30076472488277,-1.24084913897846
-0.886713429916823,0.506025980689647,-0.899918787545061,-1.87727927555795
2.48357061726345,1.2073747169574,1.34249065586678,1.76780655124969
-0.439804958961343,-1.04177904493869,-0.867709574259139,-2.91625179204616
1.44411672358944,0.646453894502507,1.08621539030927,1.68050909488911
0.992904994442734,1.29703334827094,-0.504089778238426,0.200146167308993
-1.60585569708447,-0.67322097679733,-0.513260750177111,0.0357108813721737
1.80300269010591,2.1628031310405,0.805579434878916,-0.52213096557118
-1.05503963241901,-0.563129719598978,-1.13004916381583,1.84460538502258
0.736687492185054,-1.72919744357726,-1.80005957336545,-2.0499192550324
0.441434880644295,0.602432163184147,1.92276227608196,0.279634960212017
2.37803347319892,-0.0746295649226298,0.329918984884235,0.577968985630552
0.189175549235209,-1.81636848270866,-1.65134981725505,0.193046064112622
1.85352714640134,0.448027908933417,0.626215202873662,0.260956704879903
-0.87732696595942,-0.286894544597649,-0.473611090100458,0.794709734265386
0.79101274639207,1.39512901182288,2.27422593016337,0.492163171936785
-0.018251243585772,-1.47407039769389,-3.00180886266917,-0.142201754265786
0.253680571045832,0.422050186140527,1.7994481218039,1.96612236787236
4.1057200308443,2.97073548469323,2.13814889762751,1.48714946456079
-2.39125087270709,-1.40412027215044,-0.619660225673571,-0.916078337511081
0.29758096171931,-0.842028721786826,-0.534881382269888,-1.47398680597156
1.49630693162264,1.8702581791903,1.45215772817289,-1.24753632508944
0.409016629247981,-0.263040666516211,-0.558655050103273,-0.571316008975409
1.21248617804621,1.18842824967572,3.1995709479622,0.672620036437048
-0.000817341324282017,1.18507916818708,-0.485745231973267,-2.23913384667747
-0.73291768595495,-0.511274069165375,0.604847499165121,0.698632459039285
1.27626824723617,1.34847217348071,0.222350839970972,1.00753189446327
1.60110553395956,0.450197462943156,1.60619655257491,1.26098619761154
1.80947975359619,0.967313003362671,0.332106328309403,-0.661982068963764
-1.42026702493265,-1.30349062269462,-0.875169132468453,0.400702497196084
1.75582619989202,1.10308359346266,1.14476100292401,1.47267168098248
0.684627510024517,0.747058090834406,0.393833921088431,1.54794024441538
0.874511503342769,-0.503525487127679,1.40272744447883,0.808644906347862
-0.497381253626301,0.672766200782191,1.46548844082461,-0.0632329144656862
-0.197519053243941,0.74369110273869,0.452116476898418,-0.306091332653449
0.363436665857533,1.97675993698022,1.91830310269946,2.46406005910216
0.273488656673014,-0.306460393211945,0.306685780307035,0.342064881839931
-0.541278863920637,-2.13250133136998,0.524520304137808,0.917956095446364
0.853474623646208,1.26726087819295,-0.114134626027607,-0.128133474937572
1.41390663770229,0.421951150434319,0.132269595774187,0.0366001306772565
2.09049041614122,-0.0618989667186318,-1.05725861262693,-0.719646646259175
0.554052705640346,-0.298516455421418,0.0516709497292012,-0.325646248494767
0.286525212430874,-0.313382427679936,-1.24331214734012,-2.79775225478943
0.901344137627717,1.94188280715102,-0.497670790059533,1.61185271533502
-1.6605839929775,0.464047267230499,-0.0365360842195183,-1.57439077396891
3.36773974110369,3.03594404466467,2.54187246302344,3.20750683644464
1.45868092214763,0.650877559969447,0.774837530280107,-0.611921553124628
1.05645350380444,0.307384441007139,-0.909816172247274,0.0428454476298534
1.91427853041378,1.43079965334734,1.75127132719184,-0.182866961774513
2.26949762846153,-0.208973252806837,-0.763002237005774,1.46190726655478
1.32000229546013,-0.310872945701096,-1.2511820170757,-1.66844398913525
-0.0676905375683277,0.407983370610358,0.89726511965178,1.29519349241487
1.51448855568103,1.70220951595944,-0.465770379551303,-2.86350916502737
1.23676135880232,0.924888241895096,-0.594846910513815,-1.15016672121286
-0.656543889203652,-0.441458803753709,0.40875518586504,1.29340878198301
1.98893673555608,1.42418620535217,-2.03566198053629,-0.618267853764382
-0.475185574300127,-2.26093000255781,-0.639403840899763,-2.23484361532528
1.75069958399375,2.45187210184699,0.256518825833613,0.279568608848092
1.86075165499165,-1.08859203449546,-1.73080075957441,-0.456518340613566
1.25810341149412,1.5117689893622,2.13168018070275,0.50158518581673
2.05025406008892,0.97896917698524,0.891031403949617,-0.259839094329776
-1.63489098478163,-0.327142998649743,-0.572495785632843,-0.689631893752363
1.17146647856636,1.02927387861718,2.20217061465011,-1.5439844525045
-0.164965054634415,1.23314273142798,-0.0850162534741202,-0.240870457826544
2.1631060110289,0.771977966868209,1.88097047513125,0.613196353048181
1.95736657770251,2.46952227917714,1.55482953501578,1.12776014289638
1.51271251427393,0.468947600836006,-0.0915933599588226,1.30266129223214
0.763828794440145,1.17717638802036,-0.188880361495182,-1.88424377340032
0.162220034342104,0.42712986424754,-1.09719567095194,-0.31785536497041
0.664793131625378,1.59301861234565,-0.216479899199098,-1.04851072536847
2.23309124689582,1.30232726986343,2.17797832040779,2.24888378152904
1.34458315041314,1.26114387275854,-0.590308065343886,0.886183233310373
-0.313786489742422,-0.92705194341641,0.4963810526889,-0.201506978354069
2.49642011004487,0.582531896199203,-0.967446844818872,-1.24469562256063
-1.706333397252,-1.6014290968567,-2.26708600481421,-2.12062901747117
1.00335547741411,-0.179957991040087,1.46043696974332,0.75515277771487
0.42735395860577,1.2487217790756,0.529281865506389,-0.234641049639185
-0.702904074524966,-1.20678484703563,0.325921295726111,-0.477371522342008
-2.18744887946587,-0.633284751979885,0.00842625359065946,-2.35309973133731
0.852316243190178,2.02338642658421,1.59394419704418,0.57271741920976
-1.0414764465401,-1.98404610559099,-1.29932438945319,-2.20962323840154
-0.575410442377881,-1.06411178527219,-0.223627293456818,0.388759128555555
0.558500995524045,-0.277412492002325,-0.25354668237428,-1.53389432069168
1.33053727138637,0.196398735691704,-1.82803958338047,-4.71267420078694
-1.06919673321491,-1.05276844093478,0.411818900598377,-0.91659410950014
-0.904503095368375,0.874735550677737,-0.539591228056703,-1.75144212048114
-1.41422208210168,-1.00490256230749,-1.61173197960676,-1.71930449952886
-1.71151357660702,-1.35262892543938,-2.34884443499339,-1.9513256169853
0.0827719992998316,1.57000613415042,0.900752688170332,1.45067671642201
-0.742625232597611,0.45175375868614,0.786259323987671,-0.061828595256278
-0.343283015403989,-2.55319420097674,-2.43911617972551,-0.161281016690948
-0.88026422562029,-1.93975493958708,-2.4476893123795,-2.79185314958262
2.18330370508109,0.114654332511002,-0.137130417790237,-0.257632586828652
1.46449737785179,-0.35942711601329,-0.0675756840299856,-0.193957276893945
0.26859729599991,-0.143556891719854,0.458818145744845,0.832767054559952
1.74633718137594,1.96355385463334,1.50544927282062,1.65416782293347
-0.584606546037879,0.748798713228412,-0.203233907110978,-1.27930584905818
1.23974168074058,1.48545083820934,0.803414367131446,-0.070459430524349
0.210147351526791,-0.77325500050801,0.01310729162713,1.07595186588995
2.54865849753661,2.00428262664142,1.05737653681817,0.465425598817969
-0.501781142188861,2.07519219606634,0.189829023466211,1.52020290882771
0.328425901976488,-0.0551257677500845,-0.937784831584436,2.58543831890592
0.664193303037856,-1.23443746652505,-0.930455984696892,-1.17581788408042
-0.338255191103328,-0.359073318031289,-0.361435927478916,-1.30362954783564
-0.183350533873923,-0.803471545270415,-0.69474192184591,-0.18128750773119
0.99788523138228,-0.842130662839687,0.0393576298798729,-2.80047026891671
-0.112161007343117,1.06185506985882,0.769804003129926,0.0550776501771967
-0.0892061118401006,1.28792749731312,0.490258915346595,-0.0148678981573607
-1.08532360012982,-0.856073772803544,-0.151324804418433,1.86976023713435
0.144098807915162,1.0058917860743,0.226960911598439,0.252230400492167
0.103176093875194,-0.296708621998033,-0.0345772238835053,-0.292601074799895
0.0294159833938328,0.661797007800753,-0.246616441615778,-1.46187046128977
0.633174912175209,-0.00928380932301193,0.0143154133390643,-1.68610819758981
-0.190188597433068,-1.59425936595208,-1.64490229444174,-0.51418716354684
0.69994914857479,1.92694143282391,-0.217736448819045,-0.0605853651843198
-0.763214743645822,-0.574680630005967,-1.73414851219637,-2.43612450519973
0.964718820230577,1.06132787874615,1.74008806184609,0.824088954909367
2.00011852625925,1.61526125331074,-0.341169375121168,0.0213833574298633
1.63819534873076,1.03932547157264,0.215443943334608,0.705244028062478
-0.205521370701209,-1.40318470332439,-1.9530988892485,-1.0400810611502
-0.000818055443611465,-0.360824693566929,1.23515336935814,1.5044319083523
2.26083154387636,2.38835128910365,0.248086794557381,0.146048071593874
-0.346775688513815,-1.77902819211245,-2.3482484408961,-3.25503943052059
0.623392758890988,-1.34780144796308,-0.849661590904139,-1.64167993966977
-0.528738346611018,-1.05194173939048,-2.2749881355523,-1.65019789154974
0.220079380996143,-1.72329673012322,-3.21302218285934,-1.36316364532749
0.561752639565511,2.18363241125431,3.35385382319787,1.08484196121566
-0.0471426060453944,-0.169540158203823,0.540497135072701,0.630088045236146
-0.508508966903701,0.0407022483728635,0.451587452914289,-1.27631966734754
2.66233179851476,1.14058039382844,1.87283301102641,2.67315243357236
-0.35959119189804,0.609935021530233,-0.417194943388162,0.353448922108457
-0.31075063140265,-0.0592559791925271,0.394052532986209,-0.0207007626292252
-0.1816713920926,-0.105143096615646,-0.208581491124136,0.538297413604876
-0.209600746087058,-0.895207778876086,-1.28975690992789,0.058583800418111
-2.24751237829409,-2.63656402636259,-2.09037640223987,-1.22928962833816
0.746647009951843,1.20041570132621,-0.141257368815273,-0.878624596378303
0.070262525217316,-1.11149255835202,-1.76807269851214,-1.76929500950581
-0.88502220638198,-1.31275921715073,-3.2185053249231,-1.39976354459156
-0.475509453237229,-1.81743648816567,0.243631414623368,0.614626797373522
-0.459450066604406,-2.07456136744959,-2.28776240333664,-2.8167769968192
0.0279864175319194,0.428529450699733,0.217520583013593,-0.0620402541348132
-0.33833138618663,2.06879221142548,1.44397546121064,0.302375883852352
0.090646933956311,1.25826157660089,0.312399960965362,-1.12223346100025
2.08658665343241,0.766042543118697,0.764244840649185,1.57464549561672
2.82049497054908,1.90149769697927,3.05465283784487,2.31249137977242
1.12950047189575,0.0600767802372839,1.29792852756238,1.22202236862356
1.61570670549589,0.281811528109964,-0.672848148594086,-1.13825019948991
0.0340123108451018,0.684091706078787,0.793586955406708,0.782524740241673
1.34130438451234,1.37855475150181,2.11656222946213,1.55644083758176
1.67641065297175,3.74663212871334,1.86669527935425,-0.154829440219348
-1.39963101577947,-1.81366816757421,-0.75890176142529,-1.17566169221231
0.874246974926058,-0.653432840198863,-1.72759911015403,-1.77499510596397
2.48882985128385,2.54842824711368,0.108398128734869,1.45081881512875
0.173954660849368,-0.174156046350081,-0.431310368920262,-1.76859093280419
0.472398015167574,2.04530691328007,0.286109362267256,-0.0166526863007449
1.88694260383003,2.75134106661738,0.493157126809822,0.356212692579553
-0.468260025678708,-0.748579286750038,-0.33402276687671,0.0656582040681328
-0.0990432336372925,0.181539041691208,0.311529230659531,-0.133737804921378
1.35681262257115,1.13423373328882,-0.309594615471738,-1.48985404043763
0.250853366656099,0.131056048307587,-0.714564398107225,-0.902753230606785
0.710606876616084,-1.17062475926083,-0.428278302756222,-0.697289563824652
1.14562360961583,-0.460706528094702,-0.599016956243281,-0.665901248226182
-1.12465130859486,-0.186177697455862,-1.24385774981656,-2.64403490480515
0.364974075059358,0.264819058677973,-2.12223978383423,-2.096383049111
-0.110074062403816,-0.612656343895087,0.450391482206588,0.86647214312377
1.27190264416252,-1.24317364259668,0.0232354994225976,-1.96522721685648
1.2837626236247,2.59593048413464,1.51264239338641,0.518996339042344
0.239751211466567,-0.250842109948501,0.82508653667072,1.62240315339151
1.36195324782589,0.703954841893077,0.444418849124398,0.586033197317978
-0.63108246838165,-1.10352685537482,-0.896433863325538,0.102659310568295
1.1783992664132,-0.80059287028284,-1.7913789929185,-0.592238831574072
0.857426548475993,1.31441725640031,0.403358918579821,0.877572968208406
-0.368108879881818,1.44097560263148,0.695349706480206,0.83855032396741
0.120985349661481,0.545279412553649,-0.394056053608681,-1.76028567176018
0.428025996424489,-1.03011138452292,-2.95632754712853,-3.15783802519116
0.310235091842792,0.199834183214286,1.48085437782307,1.11733638771002
1.52274980399022,0.754910309472578,1.35955447618899,1.07245281613122
1.38134354048048,1.89336165648923,0.640599773694187,0.362063299066105
-0.0568557091346121,-0.29351071580345,-2.31235511590393,-1.64224810458867
0.623807317923818,0.0839362926060533,-0.117917600230353,-0.0180850584551916
-0.0333741496533618,1.01172676497057,1.7456181583741,3.15195388380514
0.0646788754682868,0.538460625704665,0.0913216210772068,-0.108125631304019
1.18454978263601,-0.683966334385783,-0.892517799049345,-2.82553634384696
0.688098763679054,-1.650772726203,-1.69807295024292,-1.97889265669721
-0.610673111313684,-0.0757193751335322,-0.430053650866538,-2.34415895093044
1.02532238215378,0.13957459963037,-0.491456942372719,-1.48841519770071
3.21457234370402,2.84135201051008,1.52210835711916,0.651665959852249
2.27605382107222,2.84500767936938,-0.96711237916971,0.115216606599273
2.18998465506626,0.565126055398813,0.889204042281758,-0.941995708715803
0.464002127188651,0.00829062786220944,-1.20409340274736,-2.23326604061477
0.599744737040834,-0.223107577158029,-0.0476514955995035,-0.850724585532627
0.268460502140897,-0.408727800297553,-1.37191700745898,-0.38533836771429
0.554851136528425,2.43634919660995,2.67503793298821,2.02270652272166
0.949112978493203,2.16378441945098,0.959956290513971,2.5537053754728
1.36842013178647,0.943795173823313,0.241594598358408,-0.415679482069594
-0.281881570501222,-0.58276843698249,0.904660577555893,0.259791436975952
0.434330237217013,0.647467329381759,1.2738150745365,2.39065176245696
2.20742315607389,1.67212764234565,1.76927331070352,1.05803160106898
0.42030548796774,-0.144698358541784,0.701417470124451,0.809476002497092
0.00158364687355395,-1.44055518950423,-3.4484869055127,-4.75206959790049
0.364046450613792,-0.499355736979601,-0.19363612285371,-3.29261633942038
1.07022456208134,0.20430706247548,-0.067571846933455,1.08393938690649
0.0878840514139609,-0.791330041943912,-2.9458528350283,-1.97491952082886
1.29371669412647,1.18936676342045,1.28794866607479,1.8165806002934
2.88085009747582,1.36305305360806,2.22411214731166,2.75810766103448
-0.404422686055923,2.7931271281815,2.99180781165653,1.03077524966363
0.0618142082434108,0.208272665281208,-0.0448781220106352,1.8683562819746
0.582072578763382,-0.143126803103488,1.060624219514,2.28570572516729
-2.08055704740729,-1.4266697596032,-1.18819446809502,-1.37654894417067
-1.33078180318661,-1.48966742076186,-2.77421351704889,-0.669988083019891
-0.31300523533007,-0.274998431484266,-1.47870686744619,-0.528021725802011
-0.289074969006957,1.77966681755173,2.57604438158528,1.19172570876776
0.904265616661908,1.04370439980934,0.541166100276242,-0.282941599358518
-0.691327566351657,-0.637679848226082,-1.50879614077896,-1.21058532235375
1.43795905136558,0.708025353589913,0.974144011213802,1.60757783921412
2.73142891056774,1.09750317123558,-0.0879548613094899,2.9064981557595
0.400153514520752,-0.417071747284871,-1.24031999917355,-1.13651466263176
2.57627849632261,-0.817014738886387,-0.672387525762521,-1.17384770633833
0.468915495322534,0.242602300760684,0.682760808631732,0.686119027272468
-0.685746849795826,-0.700077142808836,-0.115755816096356,1.867317715831
0.745105444238443,-0.424898204657118,-2.23793533282015,-0.880966182452068
0.966255274311993,0.603656596039606,0.15547296244232,1.79819275705437
1.85854120299417,0.640044170987378,-1.94651562502069,0.299504430108125
-0.691537299642793,-1.15147086695894,0.740795925763065,-1.12154188345991
-0.214227418677341,1.24951527127138,1.01000244976904,-0.200978543646883
-0.436600256746066,0.119777638781661,-0.158206336006461,-0.489203479202653
1.53506517033429,3.0984806152386,3.85662058013857,3.48681501784647
-0.345589972558119,-0.409255043433892,1.17435112989519,1.31421877294118
-0.532681063462961,0.112446841825957,0.442475602400359,0.750076975677711
0.809221939093818,1.89104911805359,-0.0793309982407853,0.557655165083096
2.09535953170519,1.5434354838971,1.05857347026252,-0.885769484106963
0.0620536825406127,-1.70187130251071,0.368109262846454,-1.00073145670166
0.290584629304494,0.26234163778086,-0.651111557212908,-0.362801934784341
1.05164523692497,0.215697799924251,0.669599398509162,1.12583970316039
1.52594071492063,1.16503957765025,2.43280081204472,-0.0469069782637928
1.04494490813453,0.804369943031354,-0.203181586462384,-0.120721226788642
1.52150651086767,-1.06767576372795,-0.609276579479839,-1.52147665288212
-0.429364740870636,0.505542716426223,2.23651125873561,1.72207664395373
0.883311252002813,2.1384933266752,3.45351726031489,2.13637931239826
0.701327366720005,1.35293972886306,0.678731371535177,-0.581389161345946
0.244620397970292,3.58755094486759,2.39251577138208,0.576001411028011
-1.50528527990762,-3.25376537195258,-3.65763371230051,-2.50787779626731
0.106056351794114,-0.820454318128291,-3.04134133402725,-0.777188886221408
0.923421189577169,-0.766259781319598,0.944370392630076,-0.401810081326589
-0.558710432801026,0.142748901132114,-0.0798359358941703,0.0320586059657654
1.12121047480865,1.37264909840792,0.0929508122011119,-0.273877734222885
1.91751183511678,0.895868420704007,0.854258188586215,1.25819134990562
-0.603908175205827,-1.56553149115361,-2.86114269646078,-1.36004094414021
2.52899840317913,1.81797707823537,-0.807497267130959,-1.62318587523784
0.573492180232047,-1.56006585182183,-2.14908565303303,-1.09764831145374
-1.7032930649852,-2.58174492026338,-2.10118031087177,-0.920680541322262
0.3526237632202,0.493050813315899,0.529957007670807,-0.187693216729936
0.623719446212689,0.83392516433341,2.11758771770006,2.29882246722912
1.64803491103348,0.128992141365547,-1.11696595668933,-0.902703704365625
-0.111684277194477,-0.81826164830771,-1.90120800853946,-1.56099039137972
0.159757200669538,-0.0141011618520147,1.82475256046024,0.492882193264219
1.48039764566817,-0.721000059367893,0.827998152307645,-0.74449274824903
1.72142859901692,0.961608130910742,-1.67814320044462,-1.27293520187083
0.92506210418139,1.88940089135843,1.56483976621164,0.0357696083693071
1.40575032562251,0.347251821372733,0.317860755404674,-0.840955453325115
0.267492430781817,0.332872802696753,1.08219284742131,0.847311078332765
2.26030403039795,1.81281168639762,2.01120851958002,3.17920934038209
1.5441782631473,-0.294257567095014,-0.931458047620639,-0.551923972112632
1.90792536590266,2.13049892885883,1.11433361775867,1.20008536333712
2.86630038062413,0.112230025464922,1.4313829887709,1.52027625518812
-0.623680966937315,0.0218916697858491,-1.08116092678551,-1.46224900129744
0.300870904991911,-0.448846927442311,0.367903752293116,0.19248719762568
0.852463234896085,-0.151135534876831,0.731645968224533,-0.606780367987425
0.271201058246908,-0.570732844032062,-0.0746979773678839,-0.314280849332273
3.2842938652452,1.9398639497838,2.62949192665076,0.672753163876386
1.47205886533951,1.75191630346319,1.14044559506279,1.83972685065831
0.623053877991294,0.836180482231622,-0.0393057192928568,-0.433310819878965
1.94969392994235,0.460974278113077,2.64222507110997,2.30811770795821
2.40772795243722,2.85594342953577,2.35498222308764,0.640496357113694
-0.866714440984589,-0.169934936898565,2.78279808832339,2.33724380059344
3.26834358163845,1.80725790137819,1.28543634607685,1.93414704771602
1.17176347982654,0.622929217626988,0.436262873957461,0.972363458544394
3.04529688406762,2.52073781535701,2.46853420827496,2.5428229950137
1.28913583784413,1.02002651987284,2.161263301071,1.502904491864
1.34913259067141,-0.787783641766413,-1.69312793836006,-1.82021697057113
0.724177039510102,0.976367166840878,-0.60628820187585,-1.8167658760921
-0.316061864721294,-0.600673030902227,-2.27068580358962,-2.24769770176005
0.739107648952583,1.60036342644968,-2.229517877255,0.537604756662787
-0.378661303881234,-2.5197826409373,-2.79548031924349,-1.91722062935469
0.971135981185576,1.27488947056822,2.71144984014748,2.89161241827693
0.0429604331376791,0.853658275079019,-0.420640421979536,-0.383116804226376
0.329358195513022,-0.874651476075216,0.608367817362321,0.566777810970711
-1.08469651222677,-2.41205428197815,-2.27585674019863,-2.89718485663629
-0.186264857456965,-1.25374150751068,-1.64153290434436,-1.47053375032296
0.0599944573924449,0.642625968608122,2.26740972482492,0.77674053962995
1.60857482143979,1.40289557692519,-0.377623203726421,-2.69495236480516
0.892942817427394,0.932134009811527,1.77147192876881,0.435265270177503
0.15911731321866,0.841153725238416,0.159051267364766,-1.30791336415766
1.70032497652728,2.05158837581959,1.78032132051265,1.295912623972
0.794062065428732,1.89095954360878,-0.799179223282361,0.558939954719739
2.41890326455565,0.891909809011465,0.573845359126984,-0.27411028532795
-0.607471290587666,-1.70955997049667,-1.94079645424303,-0.637266472221593
-0.0419705936802331,-1.34145594137329,-1.61168722039857,-1.61066108096684
1.70083666659161,2.70298188729723,1.89604710377251,2.07890658037428
-0.349947957136712,0.862391236738013,1.11375616212227,-0.776757231043087
1.99716010972802,-0.261462331583713,1.33340954314547,0.0688109090370853
0.883427780517791,0.97140452529819,2.97011702737536,2.21440656559075
-0.615254697572545,-0.164654307941842,0.49627373320065,0.405245675842546
-0.567384359261577,0.569181262997004,1.22164643983369,2.06393476366013
1.18853523478369,0.868325681108269,-0.187637427345293,1.37247104542307
2.51190060207209,1.89943525718021,1.66738829814084,0.482313033255952
1.93657202036933,1.19157788492372,-1.74629419122461,-0.190963199497911
0.900478574655725,1.63135673520111,-1.10207579113043,-2.16941862199759
-0.269410542727478,-0.722115070401792,0.726042439309725,1.14065535800081
1.5642475061444,-0.128301485854522,-0.173156721341349,-0.940363474004367
0.723915606127008,0.0527429496511385,-0.0653447345579001,-0.488650848712514
0.216702655751116,1.33467272766362,1.4648533373699,0.703802934952094
1.51124117177571,0.401590531388629,0.539962585449193,1.0070710351895
-0.286247619198083,-1.18591749470037,-0.794576210470298,-1.65509698587595
-0.00190107366396708,0.677954643155716,-0.720939168657692,-1.29628962240888
-0.520850677899829,-1.38506594892174,-0.914988136280143,-0.14453764704684
-0.583505954653575,0.121167593776161,0.883402996255617,1.56310190747328
0.32245457203834,0.138713036889408,-0.975509021526447,0.927337167743021
-1.52068954953116,-0.634066755611678,-0.722014680212471,0.532815388298371
1.26499283903087,1.17414806083629,-1.83365810489218,-0.498293824148986
1.06644664132877,0.863698405793189,-1.19015170554285,-2.44035287324527
0.625572508425547,0.166663983859105,1.19282463936882,0.157119270885343
0.551130867009035,0.460533260908206,-0.345024216187971,-0.11666780317492
-0.56636266415965,-1.6489774381292,0.500447663560849,-1.2658098735342
-1.30512954180513,-1.62803529371515,-2.359986301751,-3.11589001982923
-2.69904879196615,-1.69621913263599,-1.43447451833493,-0.307448078414385
1.24279152544085,2.56416012868207,1.47985872413262,0.591716342300594
0.641365981159913,0.0668680690852778,1.71675064120464,0.947492641112891
1.88163220330876,1.52269294962322,1.22005355444881,-1.00737257744146
1.22703152845784,-0.430969073737666,-0.955060614558493,-0.877038186450526
-0.832351136806715,0.580553999577362,0.274181555165738,1.33252318940743
0.25234570763365,-0.343776790419824,1.01317119819212,0.319986375742537
0.766008504602829,-0.0878222636773017,1.18907435703849,0.760271914466914
2.30728456205007,1.93183051000383,0.796943773450236,2.39489597924582
-1.21821135748468,-0.244164543684774,0.384133371558943,1.26038358460567
0.628498955061968,1.41614126824205,-0.281427286794844,-1.00316929134887
0.895343035379645,0.437804176760221,0.00326260943861706,-0.355686373274143
0.945623760722021,1.05535152901765,0.273681803911017,-0.34621788024862
2.31110708746114,1.44861332661859,0.0978401193771314,-0.825652464121004
0.941543283566011,1.54148831613047,0.110909929439068,0.276864802663315
-0.977679774125563,0.0688214433312649,-0.899357401529582,-1.0196775497629
0.177248195597023,0.839712165994237,0.125595577536029,-1.3330110230891
-1.05161762055861,0.0928685194925974,-0.338035019913675,-1.06406424168531
0.034552020568156,0.360887153088141,0.138572250569911,-0.60068813752733
0.807640391957893,1.76692604228706,-1.87052502771603,-0.792783414980915
-0.520238194378159,-0.320860304598835,-2.01064659570422,-0.205279483407693
0.252339162217932,0.0142411717227275,0.152791135662553,1.08635540140478
0.882323768044965,1.83621783335429,2.07567266490924,1.71509158093702
-0.129933166707623,-0.650094821901564,-2.16730196408754,-2.58906739351623
-0.179668276051507,0.823644402750024,1.34100169530981,-0.037499702838976
-0.479141493857706,-0.211078275632891,0.478996100452736,-0.577112055871357
0.133730588395363,0.467183735235462,1.22458668920008,0.547809337653633
-1.63608449895205,0.107502237984121,1.41933636081714,2.44625300899789
1.35109109942148,-1.93522621702327,-0.546392661220733,-0.0780558310655212
1.14080163860315,-0.79392541268023,-2.27253708173802,-0.609685604819086
-2.13497040675197,-1.17313603361262,-0.730165313417861,-1.12809693447467
2.72666602146053,1.24864729306082,-0.071066823599194,-1.93829150683451
0.669720595661129,2.94064379826484,2.20061724549654,0.507366945948697
0.153396411742516,-1.77217117355886,-0.454834677585276,-1.97976912737984
0.109743928830703,0.415969366107302,0.327217100976545,0.886325531583481
1.76433718534272,-0.691486157361082,-0.294097682115549,2.90103344878683
1.17033687667881,-0.820979851047805,-0.195681410971368,0.40772380434114
-0.373141904009744,0.126238588953055,-0.127308883620264,1.71827811203149
0.858232622622136,0.194866739314932,-0.0895556752468463,0.366457065643466
-0.0249166588336003,0.133743737427822,-0.227833534650178,-0.319601550649839
0.244747477745672,-0.76318211136206,1.10457215573747,1.40504662978331
0.10426172821078,-1.58761062860302,-1.65709344646069,-3.10695659082868
0.618770939316686,0.519086399938864,0.812147367755311,0.698094795353895
-0.0186969281104477,-1.2728153151971,-1.09696061978838,0.583656699354433
-0.998654536636846,-0.378725241816878,-1.10569404618927,-0.438015031007935
1.14866709125215,0.597873531867395,-1.92819559233984,-1.70376795458968
-0.170158863152619,-0.224686479048237,0.0885815485576644,-1.8852899352449
2.83073478870475,0.714179447079389,0.249624274689641,-0.855613966615803
0.844180700260209,-1.8156748206788,-1.46816882648182,-1.07320541004793
-0.758666241804937,1.68106437820551,1.81260139127434,0.673520740995065
0.0323928592412709,-0.273220266778897,0.0746735446679159,-1.49277858498482
1.46917204770563,0.305665940273594,0.291502051983651,-1.4107811190411
2.27721854707055,0.254599573884303,-0.479584294635472,-0.945643241475708
-1.27223788527526,0.596487882409175,-1.40480358733948,-0.331584492441638
0.429828795755531,0.667313395277355,-0.977082227661151,1.68982969683232
1.25328360115794,1.69925794689642,1.07029349857198,-0.7065787357656
-0.381669653582646,-1.10837716353771,-1.62225631411104,-2.54855863936818
-0.960788185473904,0.357746644780536,1.45529939808735,2.38648840852194
0.436900907917061,-1.08804097092266,-1.05383480126009,-1.10581261870066
1.91257606062848,3.25202734411935,1.99769793601352,0.632638460815194
0.105785704897792,0.571364783722408,0.726366982771631,1.97757783641769
0.479648943744347,-0.559701761329565,-1.44271706918819,0.204953547753602
-0.461924168707519,-0.471203244469301,1.70973685217498,0.36091816127535
1.32791738755931,0.444440435156402,0.401851748153965,-0.927282377288396
1.98966653321301,2.43231100985551,2.1704720066386,2.30555799115964
-0.0036721704331496,0.0379002490997774,1.1031698719472,1.833103182529
0.00366121457412372,0.595903101222246,0.0323415032946838,0.0185554201399573
2.36300730067375,0.482756052256737,0.0587858170201753,-1.03808897508452
1.14546881932982,-0.456737715245096,0.63919221898223,-0.971859830708742
-1.14233141924412,-0.884232717293728,-0.436907284885881,-1.11644464005774
0.200507364505587,1.5918075789342,2.62121738458203,1.51116673095144
1.83110706968304,-0.624691672996336,0.0445274669645497,0.253113479479254
-0.230647200955525,-1.91489777172168,-1.75006983927143,-0.942291286339221
0.471383851287114,-0.467440378430362,1.01240593808304,0.195833601743652
0.0143570777922275,-1.67584648037614,-0.650905746698633,1.28948589238312
0.95396269085016,1.78189722668626,1.04015843860744,2.97111029756601
1.27064513701485,0.629093753630204,0.433168114444882,-0.505910938448211
0.839368748895251,0.555956223593058,-1.39548816097134,-0.818148581471046
0.0584084202080392,-1.15873991644767,-0.701372189004094,0.691487468394499
0.281758833165618,-1.16171803695128,-0.482173344946165,0.0868126262913061
1.15475386155657,0.770725780666664,0.189737887079584,0.829675854929819
1.55629149084962,1.28829929910336,-1.20573919870988,-0.550303514986978
-0.0152303074415119,0.934966414848506,-0.260668151006161,-0.300982243021961
1.36561005201522,2.21688832763033,0.978188648232147,1.09591621981741
1.09365594044259,1.20980225887495,2.16158340981375,0.88622970036386
2.03422827957996,1.36498872039763,0.17926270288852,0.795612088897163
2.8236356721372,2.58595807545637,2.79242520431401,0.471249115237953
-0.0018517399008825,0.596148425068624,0.231898114518713,-1.97335489178693
2.50871232466953,0.10808153665999,-0.413194350480427,-0.732066413029833
0.316365238099992,0.689758933302399,0.00385569235415911,-0.160867478667991
0.3261537672428,-0.333377068677664,-0.809921650711392,-2.02475659020706
3.91721949173053,2.70799615979517,3.14763708357432,2.14559116771409
-0.140890033019846,0.30310912183345,1.56515540053608,1.54386727563483
0.710344152007274,0.490579127894276,0.317600777460981,-1.12826444999101
0.803114221159477,-0.526571833608451,-1.80739046665611,-2.70899488704174
-0.289234217161153,-0.791819776947407,-3.49305225246245,-2.55643158884819
-0.332310833899242,2.03031428374058,0.361870221372696,1.53627867544946
0.775784923336457,0.226328087350339,-1.19896634782025,-1.43378946775275
1.12756921415045,0.552609097787001,0.0382175855028258,0.0954195404610508
1.94663820434643,0.968860172455283,-0.604279548142669,-1.82019917410952
1.12438927284363,1.61412134789967,1.43074454151191,-0.208910070123167
-0.563748518169852,1.70384328930319,1.79144177898982,0.939156414927395
1.3635469408414,1.45347181729084,1.23589730332561,-1.03618276460119
1.55149003744239,-0.206613876432007,-1.18698016945199,0.183467240218753
0.389454809748857,3.04670834255472,1.90788128029047,-0.0527319201166292
-0.577073390850475,-0.247211164731765,-0.90271057674642,-1.13676710455263
1.97905831027754,0.596088939557658,0.371647226308354,0.778934521271674
1.59435659621405,1.19291828730471,2.40845494377756,0.121526685372441
0.967837800030502,1.15670849414824,-1.07678341759394,-0.818840066190161
1.35607591994757,1.62783119106467,1.39490276376367,1.32148236888011
1.38325806403458,1.62854650601065,0.623449270612461,0.424262384116457
-0.471387490206945,-0.00593369639641705,-1.04385265823919,-1.48815749732751
-1.21165910695482,-2.14080415366496,-0.58528384129852,-1.47406060706359
2.84679233707866,1.14923754364799,1.94273997100459,0.24507428182013
1.12748086157074,-1.00478640072802,1.16781198497166,-0.47439654036016
0.64472599337136,0.503930534233727,0.13626385237266,1.09497843258441
1.11875586483606,-0.060155075699822,-0.191585196534377,0.326914362588845
0.422027090590043,0.203689864441853,-1.80005851684376,-0.0360436898081997
0.517135003350155,1.52332654982056,3.24866949097311,3.67614608220185
0.701000474467959,-0.737600950175376,-1.41721099402791,-0.85934678852871
-1.71773042114017,-2.82551057332463,0.166237593558742,-1.04033403414111
2.11579094640514,0.5808014731168,-0.457604361077808,0.859686163382613
-0.908896955248913,-2.06660770876081,-0.396547777206104,0.37275142091482
0.436991451340205,-0.269443982064,0.0737108031651513,0.14354770944857
0.427721174420262,-0.483674180899907,-1.39166920820064,-1.54920426263348
-1.58727641468653,0.144386022723894,0.501389594928575,-0.461684388956398
0.986336480093604,-1.52285049811559,-0.790357732899404,-0.16031790644969
0.811382730523417,1.10091357861941,-0.673609898128106,-0.348604759131793
-0.11984289795075,2.49197792853745,-0.756448109911276,0.307715342602957
-1.43157894475842,-0.652185963089527,-0.938613441981104,-0.877584895998553
1.12711653577269,-0.781358399736226,-0.310392390105021,1.95434963942042
-0.085129243081658,-1.56840996925859,-1.65698355989701,-1.61675051808253
-0.130567296583314,0.443524490790041,0.455336997019514,-0.243079483901489
3.11413696333394,1.05888878337652,1.92509582200059,2.39212184942283
-0.194394101798346,-0.0559945776540943,0.214262732262008,-0.522538944535648
-0.644889435493709,0.752043123437938,-0.291631433482222,-1.39575894492956
0.56142578935866,0.06850428980309,-1.33149774718879,-1.66753126756687
-0.161712322527989,1.06316516070849,-0.460300285000819,0.11029745516085
1.24236058642271,0.599078030609453,0.827958140532123,1.06913279298968
-0.0326640189909357,0.817847753721409,-0.0589792323735645,0.157110461085649
0.930735004390913,-1.64306461549233,-2.5495524877312,-4.10513123645024
0.840154321955556,1.19878766302816,1.78135992456782,0.689719942904097
0.686154663240204,1.26367386336539,0.582632266036838,1.61425026614205
3.36072093166199,0.890203398943489,1.77350373543849,1.90915468337602
-1.40406897538111,-1.73937037888993,-1.76680207549779,-0.905287098569374
0.566598480779472,0.989546054687948,0.221575949633016,-0.437278172084039
-1.4961850093887,-2.34169216604326,-1.16733147186689,-1.40882347845816
2.40811333826546,0.581113353326633,-0.182071767681757,1.42725401406917
0.19327873130085,-0.632782447683885,-0.0664281324359672,0.602954951146014
0.0845115288743612,-0.716966071441835,-0.624721405723362,-0.303238309302561
-0.780574172465138,-1.32622539955618,-0.751972460775855,1.41198229854172
-1.34761258031679,-0.458519290644275,0.585946371039839,1.77764862274707
0.354383298779124,-0.507482838760328,-1.31965883401835,-0.800810494822581
1.76995914246218,1.90008627931151,1.23879085297134,-0.714999107603
1.721758033166,0.147028043266218,-1.42617082192458,-0.444541594556323
0.00900753269025334,-0.902726853352164,-3.02365157800764,-0.916693117160669
1.28775373227599,0.149059327129846,-0.580022041105041,-1.32838018436043
-0.844970922873581,0.319402596446128,0.884084003873514,1.79602359170385
0.937123912418442,0.0388528556196766,-0.406239006390992,0.531981307801357
1.43595586544672,0.81555134939367,0.656515896831528,1.4309691631468
-0.0021846513027925,-0.0700473429348807,-0.129376657266288,-1.24794747478204
1.41697547098783,1.04961949429245,1.50825183393598,-0.809046271705175
2.62483726520961,3.14979069973944,2.61730479859667,0.0918653784475865
-0.162256831696478,-0.0557026605615694,-0.0213560252691683,0.941754142461132
1.65325799286174,-0.0200014367032122,-1.51577722418972,-1.09591175479898
1.16989803812904,2.30153937034618,2.14199930962804,2.62563093684225
0.700935322319544,-0.22934114957864,-0.541066040367138,-1.79969097600739
2.51328181835271,0.399803392782284,1.14317596228234,1.01867090680071
-0.476227201209844,0.395342294890289,1.59634177341926,2.75357411072873
1.03540580750695,0.533192030096394,0.0826806861848518,1.40676197368295
0.0454792679214643,-0.187862421812277,0.12598449063652,1.15208265841338
0.00248479696310161,0.943851825163053,1.08755260172645,0.460470226409687
1.56730419419576,0.915938155100939,0.830990640054286,-0.931438555202589
0.943509514341976,2.82838663180195,3.56330411304133,4.56202184429656
-0.029848311326358,-0.937294055052012,-4.91703689106036,-0.679017832202756
-0.494372617574615,-0.388650461830804,0.896838789199917,-2.4129264268421
-0.588422748569075,-0.0976157773495466,0.386028838586322,-0.891243726512296
1.43699862945509,1.54308322896532,1.46363455925409,0.261565305525283
-2.41134639397127,-0.989644503074427,-1.39819677219794,-0.822668295858042
-0.0158603691248627,1.7904343776378,0.561293691136697,-0.887487996213274
1.40505235862759,0.516042245317181,0.546698012960194,0.824175682420125
0.302211408927483,-0.833239103746266,1.41988449477857,1.93394900615492
-0.308417794747486,-1.25921413083082,-0.523846009276836,-1.37398097836856
0.74103822003406,1.13941259244594,1.86430294718999,0.398163961641083
-0.015754758903809,-0.0411134926949876,0.648295406718575,0.0215326458348005
0.438961640578771,1.40258565058871,1.22280849322488,-0.515270195541234
-1.15264524913031,-0.246680112128705,0.284935966093086,0.617369934782097
0.432743296696537,-0.682069709776822,-1.12057181648348,-2.54162555250671
0.945362056827753,0.959963037890177,-0.685175491153296,-0.501870204319671
-1.48836369464193,-2.96291676497768,-0.850725198781912,0.558593851947244
-0.10464453978086,-0.0376268797495474,0.360401240566395,1.79201914940638
1.55522685011186,-0.313270003999323,0.292007123629196,0.51428861529671
0.595094890295269,1.77724640238144,1.52646182051278,0.0124457433713644
-1.43644835399328,-1.77877582557158,-0.540872262571249,-1.19550364008626
0.391253173250209,0.91222569692032,2.15458567845918,0.780813131861123
0.562739569286136,1.42597678789507,0.912193612323471,1.09244020627559
0.122839247321048,-0.340464994338124,-0.0209322496498988,0.582318548080516
-1.33182516083161,0.627202654312262,-0.572498475044591,0.526602476703331
-0.907019125511791,-2.3471204952096,-1.40860728705715,-2.0638076387843
-1.13261389420801,-1.08981539211226,-0.580190230795245,-0.133159933020567
1.07088819041372,-0.563893419410505,-1.40934297936214,0.0763479525979922
2.15782480565159,2.53445029220385,2.37022919536849,1.34515034574371
0.162349946753068,1.77193716803942,1.19463735051151,1.77043336429127
0.190021080535802,0.875889322241242,2.48227413835858,2.11536743018595
-2.19887431539479,-3.56455702979163,-3.19308193544882,-1.05775590677942
0.983973622568167,-2.19143209156186,-0.77429844646444,-0.192003126035088
-1.15195054640373,-0.681416704120571,-1.32286290485335,-1.44648759620373
3.3789507398763,2.65427480954107,1.41582524789613,2.63725842863841
0.680818769691983,-0.774765914836306,-0.484835619941379,-1.17661319137839
0.681154355930497,-0.986528672166088,-0.777628595387111,-0.532448422964247
1.30918406769375,-1.07796420559831,-1.94243150265044,-2.31591886924181
-0.824173902695548,-1.59557490121272,-0.259170039058072,-0.0830745814715647
-0.228706079295784,-0.779613620951219,0.1575151832688,1.05998585471235
-1.35229856115973,0.217679542563445,-0.71426745918693,0.78935343078156
0.51005697776146,1.04847308990583,0.716952521441771,-0.0698528433817582
1.89772639964761,0.175070283945492,0.518781954008416,-1.7589792308107
0.718087023942737,0.375446581352962,-0.75739135997552,-1.27137203634101
0.928481790124133,0.0973033240635791,0.110840537175921,-0.0812933327069429
-0.783269501479374,0.265094712421244,-0.0870015498196663,0.400389750904301
0.726152804100971,-0.0387105245190819,0.665584161852941,-0.366973108956802
-0.165559161744476,-0.387152281105568,-0.105904550249389,0.876006594099824
1.10548952342832,0.713057929718518,1.26381778282949,0.792917492091493
-0.144883531387197,0.0299377759818227,-0.981910135977453,-0.426258853676696
1.17202223437175,0.260963761910406,1.51182118404277,0.919829284818499
-0.0592630863166969,0.732844041612718,-0.374857419623635,-0.442588167424316
-0.549300519913373,-0.524366653291216,-1.53334678853803,-1.15589400170688
1.43307574267415,0.626697797111856,-0.197189127700934,-0.741052454492115
1.71655776854037,-0.339875352805321,-1.27970995406813,0.396538622514352
-2.86910938751261,-2.55452716100746,-1.62374605509035,-0.987294462471727
1.96604981203889,0.532628317308252,-1.30802913112506,0.115342640270735
1.09414118445486,0.500025493762215,0.253398360724512,0.805363215839819
1.85215206538821,1.01297103832327,0.63396046869914,-0.0124385556105578
0.685997037996181,-1.51669035493189,0.620740261379655,-0.428849542326082
-0.288885716590877,-0.388777532151287,-1.07781128389392,-2.47819498193438
0.28792959091461,-0.099136147148844,-0.703048435557774,-1.23415500494933
-2.17824495738587,1.55530637246981,-1.17321565427661,-2.01738417460035
1.04864960925378,0.433446817645075,0.224375334542937,-1.75837612249719
-2.51535287111045,-3.31049110612713,-2.46162946994238,-0.994973768834898
2.06017471121806,2.49586545867685,2.87331434253841,2.8044182076748
1.35792482510377,1.64816032418519,1.26594337795142,0.137851619566351
-0.155674328504986,-0.853834715423292,0.998502780792069,1.38015919397666
1.26701052333974,0.550420448767412,-0.145124974284602,0.0510276958898224
1.0548775836696,0.618595760411389,-0.433929746935014,-3.69829398878251
-1.0668155056925,-0.187732667334875,-0.0947262639688077,-2.02826135802286
-0.664025646371827,-1.92604709490607,-0.207529505217495,0.662060970415871
0.431410887908453,0.998324291513935,0.76697508826291,-1.04349761988173
0.109355240738757,0.204449112868114,-1.25854350960286,-0.909740178919741
1.07858769219792,-1.00623800451638,-2.16795849744628,-0.656289476079136
-0.200492387019815,1.48984948981209,1.05440582331987,0.248843963395295
-0.108253140736849,1.36665897159547,1.51564956535575,1.54825928348506
-0.0394960570345355,-1.58500180289136,-2.43510709944662,-0.666223447528055
2.43591481102639,3.69872550156826,2.77047338332958,2.28923259371241
0.727941420566581,0.0612173468653854,-1.04707472863964,0.73247307681521
3.69552742811225,2.42741100052058,2.3682909143904,1.04248041352393
1.96852311532237,3.96460833725858,2.45514536243665,2.09607002341256
-1.13203002030016,0.0485181201288979,-0.973250321854717,0.438066149336628
1.03462535464149,0.746141750950069,-0.52822415533572,-0.525285005870907
1.19281496631477,1.41197396208855,0.65676500966073,1.3288543955788
0.746232399425027,-0.673856381748126,-0.225102857444021,1.39249217999276
1.12129165188458,0.837950409779136,1.5508895228761,1.73717291064011
1.96271259051336,1.04142871844602,1.32110990443177,1.43205453549803
1.80436862631879,0.174612367702784,-1.02886698627493,-1.28074149049342
-0.0254926173775851,-1.80650896742053,-1.3657211612147,-1.74725027252707
-0.189039903176331,-0.569363136519906,0.671417376965454,0.0395690344247939
-1.07709101787649,1.91856511167575,2.31984639459738,1.23145522307071
0.401674924584577,-1.92614277040637,-0.397400424709148,-0.0993108017002478
-0.334176210144475,0.61864132361507,0.219933098036515,-0.623640889295585
0.981232391924272,0.270494064241566,-0.147474117010245,-0.789447057500365
-1.80253214533233,-1.18130535417503,0.196018059762255,0.383236765154358
0.266361300914898,-1.69075272262381,-2.36884361174199,-2.27183283722502
-0.835539885243638,-0.405362953183803,-1.91784995989826,-1.85461376625412
1.46381304817467,0.8720611019618,0.535882734743343,1.05014812764132
-0.47564780957364,0.592361270954684,0.670372853550952,3.0479549633561
0.380934228969219,-1.33682621950385,-1.87208601355338,-1.80287195203408
0.237119200740992,0.0939616489829644,-1.8059502674269,-1.87368096571211
-0.0363330279839963,-0.614554852540424,-0.0958943075052644,-1.08730887115094
-0.874346045513836,-0.377691938482152,-0.169007505644032,-0.460928223052559
1.12567311050104,-0.380023671477202,-1.32784008808154,-0.217739592493221
0.918579329473978,0.33578740043264,1.55277750358072,1.46286563195624
0.655699995577611,-0.96456270765961,-1.00842051636505,1.00103678438293
2.26099676466063,1.22355643971737,2.84419043279747,0.810125825701847
-0.429689839769941,0.724740177566681,0.00268956629183309,-0.14252454936626
-1.32463002726575,-1.83945514228314,-2.38896018267464,-1.63865827655423
0.806477518426529,-1.14609810190229,-1.36659168734596,-0.03900244752482
1.10095358237673,1.27265267554211,-0.563945338221536,-1.18315487019283
-1.52646256603358,-0.930586993915779,1.08478867113492,0.173726140138393
0.0362059562025666,0.859690024808287,1.8457319418188,0.669926853783533
0.44082840873005,-0.314329220999616,0.427958282750517,-0.205422301446796
0.579630423907287,0.703876438997668,-0.286217695369598,-1.25410276354892
0.91783414408147,1.0024967382929,-0.706156561530494,-2.2362066403458
-1.97103291517882,-1.66981079052364,1.53184114910848,0.29495643438853
-0.556906748043046,-0.797394559868507,-0.671966045753108,0.150002817793154
0.78540444409902,0.410715047511755,-0.409014814691684,-0.728461723496949
1.09424140539496,0.83613768123447,0.803526534386398,-2.39420621794711
1.59189603148791,2.06994096175599,0.509864847895437,1.11536831332862
0.932156971764657,1.1661214535717,-0.20715433904417,-1.35958711962469
-0.690760000962126,-0.939978000781096,0.660568035096901,-0.738721394843544
0.440375421384871,-0.265422021257297,-1.25174482046181,0.636466040094103
1.42091735349037,0.92015229495566,1.49161752712817,1.32811185957067
-0.229382501834949,-0.0493415251079478,1.02297849832799,0.189489587200597
1.83008915860127,1.47234795272235,-0.0871450756660215,0.62555145414912
1.71843512753351,0.981918736377713,1.07816802307725,-0.667923874401345
0.492829079545604,-0.579248885246712,-1.27742401352628,0.850540089856932
0.670005830313754,0.643612844484852,0.497044730143315,-0.118948885214776
2.03641953434993,0.736652536618792,-0.743127720181112,0.617133582866594
-0.0478443936490253,0.41689320857373,-0.0253584149405836,-0.478327686512616
1.68845593751362,0.185512738872728,0.129259879986268,-0.952756947574164
2.73517902493712,3.10476240608496,0.21598400797129,1.31317856252789
-0.0804048286286793,0.171933058590393,-0.495829792239562,-1.39131759248353
2.56370554389665,2.22789932164427,2.44199075289648,0.996044247910045
-1.02494339038697,-1.15884561686392,0.48830539533738,0.0683397074506585
0.636234121311252,0.541664514670603,-1.25516207348737,-0.0162568888447343
-0.797776731851128,-1.26071224270812,-2.32627345856282,-1.81258212137576
-1.05173846111664,-2.816206542191,-3.48124041603202,-1.73911578650462
1.3182960776463,1.44821374196847,1.37556199041462,0.390481690333911
0.913487262144564,1.0246406343275,2.03649239326261,1.15153003975153
2.00724728483255,1.90228597120794,0.734222259885224,1.4726722286292
2.31226298742238,1.84225499159692,2.84240712807689,-0.498373514486119
1.64050026741942,1.11419963789554,0.784946375564355,0.955642794213581
1.10046429388923,0.558659078560542,-1.02596791399208,-1.04908239870962
-0.908057103724146,0.393620829076683,-1.37474144059021,-1.25509871423257
-1.44313250780781,-2.40507430915957,-2.7180094948337,-1.15274413179725
-1.01841642489646,-1.55124905051509,0.440552008972825,-1.34660890329048
1.57841137970064,0.582082277950255,0.199975569986978,-0.173406786680261
0.699641815095064,0.615063542342987,1.42764356476918,-0.202195945462588
2.60431388524791,5.15342434329619,2.94779560745842,-0.67300513575059
0.441840325163035,-0.719074151773883,-0.732378948084518,-1.86287480213552
1.25801945817648,3.09305588007132,3.77434836017353,3.4562678704247
0.093587361910861,-0.101934571176615,-1.18511687359202,-1.76869846460873
0.415806078574575,0.547905366933746,-0.434060358212433,-0.302389779581457
1.99664248822375,1.62919474205608,-0.716970218965875,-2.20429875797066
1.95296402530092,0.831206840473837,-0.643414925901504,-1.25742737763696
-0.0054230034562342,-0.328038877888669,-1.35827420657298,-2.50931734698146
-2.38688290782415,-0.3464476213386,1.51101199311894,-0.125317244166933
-1.33545035564375,-2.42439747519701,-3.34576489075956,-1.35930230022381
1.528776241925,1.09398221195236,1.1160010714352,-0.862875644572697
-1.41850003876656,0.126223429972013,1.13468038968413,-1.54447492268451
0.299867738004711,-0.339155454918549,-0.65316708922994,-1.02145517510608
0.282351754930225,1.00273611607317,-1.75182339072874,0.262718814644304
2.23519910909802,0.350551144379089,0.821637196355225,-0.88025310287421
-0.793953045859444,-0.0145732661023833,-0.798752762946344,-0.159102155704979
-0.329434076661945,0.40287514182577,1.56442309303691,1.2692864538341
-0.835684695964827,-1.30286100335319,-0.668506264657637,-1.08096149500461
-0.403823748808841,-0.398763382259499,-0.411643980679515,0.724735942796758
1.32862907625281,1.12796135947879,-0.715843067049166,-0.463784655601077
1.54163873483187,1.78740399323909,-0.653840579638668,-0.813451303633434
1.22235653367645,1.42595230450346,-0.156307129494831,0.941914449061797
1.08902557557084,2.88586143917124,2.60971085586779,1.47598983363004
1.4193521768577,0.354896079110823,0.218633270917058,-0.619646474372926
-0.844262280425367,-0.657529927227465,0.135760500334969,0.671525631120021
1.58632451667063,2.22781509971711,0.700601634696284,0.355391265020605
0.344290626923034,-1.15337167559415,-0.84657799056644,-1.34426301132298
-0.459733671179105,1.71161232207802,-0.539188650251914,-1.42649753047048
1.85262754030678,0.906346567650889,0.315077682225955,-1.12285402119625
0.937173790750975,0.5097570811081,0.221136036172954,-0.703467302506639
1.2522617086186,0.0228218898911645,-0.796408386273758,-1.61406026484611
-0.623083889621364,-0.897740065390214,-1.51005921109077,-1.54053803628676
2.54197751898539,1.88554062439701,1.81353756688201,1.78501884215789
-0.158282443060857,0.0100401704509376,-0.85667280108361,-1.74085509140927
-0.555951180897244,0.621185803900421,-1.50584615210869,-1.16769144419727
1.17359771056749,0.622948693773183,-1.5294795644776,-2.46351313869468
4.5882207734835,2.53405393669641,0.283472253279033,0.612117266181444
0.888574045029596,-0.109044401006971,0.456608990813719,-0.874916711638939
0.355116364220437,0.314619803701594,-0.270844758017292,-1.20645735179034
-0.532042662986363,-0.139543792179571,-1.59158847276587,-0.625605058573363
-0.126773675519321,0.331982036303695,-0.261174828923357,-0.697622514868199
-0.777959621657069,-0.763591532702734,-1.18533705948988,-1.55564201984875
1.3477042430101,-1.16355873759424,-1.9421672965902,-1.48310034498483
1.74139691210966,0.701131904343988,0.716713683600974,-0.337257358713938
0.0930118662757788,0.199690773878053,0.35258292323792,1.6178902254393
1.07434926402153,1.16913296016996,0.0461474026041497,-0.345722276136086
0.414487032548659,-1.54827059847329,0.561092982990068,-0.197618768398434
4.33689693843501,4.16388527587783,2.78728235935216,2.91297932497054
-0.821281612753715,-1.34463387243058,2.03243281239075,4.35446470880435
0.7392568988557,-0.251905861578456,0.353136169527524,2.17302495823078
3.02116657608731,1.01344962159186,-2.03245838596751,-3.12870266996132
-0.466609514046213,1.7611877416235,1.73343990999098,0.844037347186902
-1.07149563284221,1.52400282032071,0.763974507051942,0.907743051574983
1.56665310773014,-0.216715482224875,-0.722773652505129,-1.69083046969123
-0.445266136202291,-0.970743382389216,-0.75179710389676,-1.43105099286779
1.29230453158925,0.809321552304316,0.243028862288368,0.0739903058583305
0.472932094984454,0.892135396467548,-0.281771079134299,0.245556302138425
2.15507279356851,0.314110911662315,0.0251821490852768,-0.265860129794437
1.56832590651235,1.79654607004854,2.47241976542936,3.84669389488796
-0.732614665911948,0.821225241151264,0.376752472184974,-0.357794988098416
1.27935538383873,1.56290805243437,1.71318636330271,0.782724652435304
0.423261017067027,-0.323373217336282,-0.946308819076436,-2.41441925359218
1.14363360184384,1.19705197034085,1.45150227859517,0.818741507638661
0.927062555540471,0.390845049843237,-0.804097799983323,-0.109240738183084
-0.661076683385637,-0.602187098458231,0.206631801413559,0.217711529185671
-1.42684371635018,-1.65267289911755,-0.120288372096907,-0.650807720409997
0.613970209597129,1.17320657747083,0.590457495008372,1.56773145550229
0.172501519865714,-0.283118774092436,-0.906218469909498,-1.11587067802867
2.42854218087501,2.59109094823955,2.05504837310018,2.24818784670551
-1.37919941644343,-1.64529879406703,-2.24661370134002,-2.00728665530603
0.685946088476341,-0.0121884045330505,-0.954454441166451,0.282624386896374
1.71848562852454,1.77004046104169,0.549621557388495,1.85695696777083
1.4113249463546,1.67404903309511,1.84311581502251,1.33395503765505
1.27264692643865,1.92698976209185,1.29563889741586,0.225074802508861
0.666073636309102,1.11275716582482,1.34367304650502,-0.305366650387447
0.391412879813945,-0.968386032726125,-2.33833037548581,-2.27408398907326
1.49647044252638,0.502120347419861,1.41841104968899,1.16525232572578
0.508411487605399,-0.52999927343758,-1.42922204162432,-0.412237158776973
-0.00202196695522086,-1.59988918937332,-0.48614633381278,-0.0835033155956134
-0.905982259487006,-0.131709002547062,-0.192226066213216,-1.24145250969629
1.1338995828714,2.24610086146092,1.74940489249391,0.847968535425021
1.66573810187089,0.817934036658597,0.0672297354302453,0.311350070549922
-0.0127555552958369,1.308244771412,0.777843444790854,-0.720677612121146
0.646307549267518,1.71343370147145,1.5517073121792,1.33779998260958
-0.758299682499054,0.763778857594211,-0.804004082207068,-0.603331622748301
0.806099658663635,-0.516458806716121,-0.160768907095416,0.0169647088300973
-0.139694309355792,0.591056437541364,0.10491358762228,-1.89498160954873
-0.433024052458098,-0.739383822742304,-0.677590254789837,0.039732334732027
1.3084746598502,0.778727489828721,1.81548289333502,-0.251021541420548
-0.593307594719873,-1.86400579785793,-1.23837373442737,1.9476177344191
0.214260846392135,-1.18138245462693,-1.34518923848076,-1.20294319778796
1.47713424202775,-1.06009656458655,0.14200816663912,-0.413166686907853
2.01854781357168,1.71653381253596,2.21812164881322,2.20322577304471
0.038702438622473,0.212921562406466,-1.66873956741575,0.0641428461936364
1.00314887190011,0.935594396517573,1.13194744580182,1.68309028140399
1.24888795724679,1.00363417483895,0.883174939115439,1.81287923131624
0.792074026062828,0.221680919437066,0.47113182552426,1.87346766293358
0.892835716542428,1.07437885093661,1.00975184529777,0.141696761497247
1.69427387193016,0.743039026972164,1.57211912882185,1.8058594305248
1.61396277264086,0.675995039528944,-0.373418727504362,-1.3237946022352
-1.75940537090581,-1.80782585348594,-1.58047925884265,1.10161111850585
2.06225561132672,0.849185887181358,1.64027956098267,-0.528521400013856
0.784234726326719,2.29936145361119,0.408949797135169,1.38184421497807
-0.200006617656864,-0.936029082138972,-0.404609322060677,0.276771461503839
-0.740456708167458,-1.47678272894828,-1.53803114849329,2.14888914689586
0.505045239220166,1.72220297434421,0.206604315294432,-0.466121750170829
-0.388404079174462,-0.118480805013689,-2.61338306528984,-4.17869836524775
1.679361584551,1.31536635478154,-0.414169934719252,-0.889670726563225
0.613855298532768,2.4965550760438,1.93767969439392,2.55649789198757
3.46034913971911,3.07291680400522,1.40067193993456,1.2755947753699
0.492481303658775,0.532773424065315,-0.0674899689326063,-1.9201898008433
1.86936345122975,1.45741382607993,0.942600894210849,0.539437589541647
1.02209887050434,0.771038714839339,1.25929962734168,0.464507913353254
0.377234047706335,2.12598022154611,1.54831214793401,0.681338670565403
1.34668376908384,2.16049919299931,3.59732936112547,2.86036171713239
1.2803824467896,-0.857679767268573,-1.2587307605456,-3.38860828013209
-0.245027106411907,-1.37192638801598,0.558913048005222,-0.402525595045731
1.37539970437876,0.596332103318516,2.21980410810051,-0.470284758583281
0.839269615231936,1.73831845108302,0.5322141910245,-3.72750613367026
0.223952835812563,-0.613307179747113,-0.0285211230886552,-1.16297647230333
1.46074649608146,3.15180769583776,1.95924951837205,1.39074112206438
0.963497135523419,-0.796678077264509,-1.33125988275738,-2.48237245332607
-1.35337802024681,-0.744182389132806,-0.107415728719007,-1.40504408106926
0.174861778110323,-0.660579591676569,0.376539920720594,-0.479624630507894
2.41030445760585,1.94759169879246,2.61318441661627,0.510200674502411
1.77333464923933,0.0248735457394307,-1.401505367221,-2.60480248906041
0.670797481193105,0.51733171323341,0.70151404434089,1.06977556472347
0.263529454897001,0.412762945142439,1.03731953188,0.254142311825226
0.95344914396292,1.9937498635586,0.571732698797137,-0.00976065296451528
0.262790058840147,-0.589421309500994,-1.20336480569594,-1.50165499046558
3.13549742680818,1.60427308003791,1.57179610441502,-0.0581921763249487
1.29824787185353,2.25667251287322,2.16204192250689,0.813446432732394
-0.0539687346498645,1.69122690115121,0.388389376367898,-0.162123025896924
2.21331711692847,0.884012908280277,0.874508384253817,1.80585180279517
-0.115801431739825,0.590698223021199,1.15267436710845,0.374509864370549
0.928269904701537,0.338951852705348,-0.296610075960296,1.20588194517162
-1.25027532236506,-2.21529974839528,-3.05786348243671,-3.31423234001103
1.43728970680277,1.20118297788338,0.999247367621015,0.210025071492936
-1.42745534026682,0.270547928697904,1.54299370529304,0.81271288483486
0.950515401142468,0.523812455921413,-0.162057168263301,-0.245925842139567
2.08112140600049,1.82416834220324,1.49413074973959,0.263607419885739
3.05131212060803,1.28874635076515,1.41716146503592,-0.747602374954905
1.48429988570218,1.87632263793238,0.183123985305163,1.01509057232705
-0.991455002988973,-2.06520301288624,-1.7614540046141,-1.52088132716178
1.97886619464687,2.16385212895315,0.905886974359684,-0.717681404339438
0.325891123713586,-0.47325131283397,-0.932223222422251,0.178748344219997
0.461460456605601,-0.875177317287038,-0.34293813068858,-1.43328451902622
-0.533234089869294,-2.33974631234172,-1.99138926882518,-1.05431501849233
-0.167823913501565,-1.80767565790261,-1.35431807290988,-1.03546867636322
0.263842176306445,0.303222509467433,0.300445729527429,1.3826276114569
-0.748125957530871,-0.18410114807247,0.693651761802134,0.123481268414024
-1.49823643612,-1.28209810109757,-1.09728555541201,-0.823460239228297
0.437225585820482,1.79307289924111,0.779126742496472,1.18308802271807
-0.691378459813614,-2.8056170433089,-2.06253991724051,-2.01238831850702
1.65178524522529,1.10549684545553,-0.00898227199269686,-0.0436890770251791
0.11229753402656,-0.137532107627038,-0.260625886698214,-0.234480524422575
4.15300083906528,1.67594053280517,1.23382169388392,0.949051532187566
-0.520671541774004,0.347138935522577,0.681828107943973,0.641639472166257
-0.320837616304295,-0.346279588216123,0.0789819753605515,0.105497677718044
1.04235925060143,0.0107476087185436,0.220276994219522,-1.79866818490594
0.231691634124457,0.475742963034988,-1.34052733391582,-1.18829488772486
-1.38257802429035,-0.203332075271686,-0.698227561742827,-2.12570496521798
-0.678438742018918,0.479315736954845,-2.80356435901358,-1.9745023653133
3.51816276990365,2.76173544261136,2.32033727346022,2.79761155239766
0.110952092255105,-0.536706527752367,2.01128439593399,0.277817622182831
0.872603942079936,-0.57386510872023,-0.772780506924238,-1.26135696855854
-0.249421981716015,3.2013702660042,2.27086316779805,1.2003566794036
0.213765585141024,0.128228404245592,1.45381292623296,3.04309178548502
0.296089771323393,-2.14641813847531,-0.569943264329913,-0.123496377152926
1.15461440005597,0.66301637129185,0.372732347820571,-1.70111595630561
0.376015675861262,-0.819414219717611,0.489875366171407,-0.410362930381981
-0.936295502038788,0.917851151015482,-0.800180284528473,-2.23628716779458
-1.95928214984085,-0.730648965478783,-0.803665202071674,-0.625139557010292
1.96788614098191,1.827839987548,1.11243686715172,0.654505300367423
0.881815623770688,1.46989861941596,1.6106368286655,0.611573588854675
1.47397535724306,0.508366063131107,-0.777595946958126,0.421641770521852
0.208180514604282,-0.0870198446897649,0.00458810043005445,-0.0315402213308483
0.0551492721725072,-0.860395880117207,0.330698004010062,1.45848959056453
0.441670140664073,1.04499698669989,-0.962950092532899,-0.129671422522352
0.927477099404523,1.62710816726,0.668609324424382,0.10730299655929
-0.19825921366442,-1.89214435631291,0.283462900379484,-0.533299126779325
-0.300172281320777,-1.45155884481176,0.721921539006116,-0.677774140812831
0.121087284874006,0.867984223284477,-0.373415032037402,-0.446361246433777
-1.51959160950668,-1.17239810287525,-1.64446839943176,-3.77480673670296
1.17558818904115,0.282692853210812,-0.914967495768184,-0.47860926178617
0.742330852945712,-0.0439913066184636,-0.934047573925254,1.77279445960454
-0.252297414699572,-1.34873716321346,-0.741915676887592,-0.857285804757933
0.804095997355733,0.575023497058278,0.526214760956722,-0.456303080151598
0.0731184571917756,3.02801384664394,2.75422255043538,2.00278767699352
-2.05343498284711,0.166507372600942,-1.78629299511765,0.84222202134657
-0.985837355745842,-2.21732077002259,-2.30973105705931,-2.15326849252357
0.922843409417222,-0.53699051407135,0.706671949731429,-1.14717549021775
2.52325080847724,1.28334171648952,1.5430621625161,0.664648845555496
3.03227184948638,2.82210074438089,0.467507582093065,-1.9579197201068
0.350770256258156,-0.403310696384686,1.5272500885324,0.529274711341155
-0.91263678669893,0.231061358911283,0.6517320723556,0.763336687619957
0.792440031559644,-1.03663361078267,-2.52754166408717,-0.738962682179492
-1.17436253882596,-1.03044493074629,0.203041702067628,-0.830865298409286
1.27567684401856,0.509621214545729,0.436238740906868,0.246266715410466
1.47018296766504,-0.0949495780533689,0.165290474109123,1.41256089787027
0.547736226855181,0.787780657281482,2.07560062915747,2.08680079508968
0.774677306367213,-0.0215428422288608,-0.329155673537332,0.0155014772942961
0.769445173679907,0.617033611494224,1.58113273181811,1.7822830319186
0.579255039924923,0.11269168053571,-0.469858504290103,-0.589472603715195
-0.371432632233432,0.44343567947396,0.629828205545266,1.88530899190345
-0.0016183372849663,-0.666199892548118,-1.50276012680275,-0.13746184939955
1.94391098031824,2.19469273121564,1.30951913076876,1.19638999401833
-0.802025651738301,-1.17002705661723,-0.444961309634853,-0.0862401484441423
-0.692324302473137,-1.24248078013848,-0.279132495068123,0.165409354952113
1.86622267648593,1.86512101169224,0.284777847848049,-1.97817889779095
-1.37477828283481,-0.106829704937544,0.791466509868342,-0.494366795588565
3.26237681096151,4.35818463377233,1.82075781263166,1.39941345260051
-0.0595406805302481,1.2099312294497,3.35082932071275,1.8605969585394
0.0178104543560175,0.906561330735838,0.616941609524514,-0.821354912441043
0.656711872161662,1.74747828887745,-0.382855295872055,0.486313886853044
1.40810525177322,0.172585825582354,0.113396502547528,1.61210589885451
2.4167637987515,2.31572687097605,2.3792854246819,3.30688947664138
-0.885715614698223,-0.169871887790242,-0.23424336477998,-2.24474693164576
0.00769702015991988,2.25205293116512,1.83453892639203,1.04174769302662
0.361697576873901,1.8921526168963,0.321795142466986,0.602086309540914
0.319422318306816,0.0200673305243496,-1.26354686276952,-1.80533030085132
1.69220395039286,0.451516664017046,3.16926980735729,3.7539718619914
0.79276130209628,0.575796233029712,-1.74890083870009,-1.06763029565371
0.879732609390136,-1.55829233347703,-0.166260956811753,0.0235257094930085
-0.319941848465312,0.556484749494117,1.06265463226183,1.41359728887559
2.97555609431556,1.82165674757071,0.722313874831762,-0.768618501963485
-0.590271374211137,-0.452521518926799,-1.00522240773067,-2.01625783123206
-1.57449269599299,-2.49173038197693,-1.3805582935755,-2.32105938849223
-0.188012815041737,-0.00487254870207066,0.385739790790813,0.522842795296567
0.0432332713055849,-0.260553976577371,-0.252366282286338,-0.55353527014386
2.12415935256089,2.83102852779246,1.4542690020679,-0.214716192566993
0.251053346418718,-0.482449967849252,-2.72410743094877,-1.63522923186233
0.817509253012366,-2.71070731018709,-1.40193532967666,-0.486206935092092
0.374735609934697,-0.880764701505816,-0.0716492639408862,3.06045867642444
1.14168609027033,-0.59688219913123,0.138106062646528,1.90109085412828
-0.994621820192806,-2.25005918489914,-1.97054800035887,-2.65254812734265
1.90334274854047,1.04864614706538,-0.916731746579522,-0.963335772972089
2.53865742033327,0.604658245053441,2.13113245263616,1.53127527697293
0.454333293529669,0.0122275137471196,-1.14749200640462,-2.570909058994
0.618489738015948,1.09297151853403,0.264966286039218,-0.423006190676154
0.422033962801069,1.96425057728354,2.30033477183521,1.84582092440014
0.538423097981783,1.96860953713634,-0.48505092053917,-3.4449875970922
0.0347878593527198,-0.045870372432315,-0.891901915810651,-0.963000339617992
1.55628532475159,0.4205548339816,-1.779801979811,-1.33737413500167
-0.888151412421629,3.50940899870763,1.03771959705102,-0.469419858143415
0.882098392586738,0.141221606229212,1.09197078410976,0.671175166283907
0.745363842861098,-0.941889822941893,-2.26916245148073,-1.31309087963168
0.685384481189527,1.68859257582279,1.66940392542248,2.48649392563948
1.08218974132794,0.186479798185201,0.259501318482323,0.852379179779264
-0.666913767479681,-1.24262294339286,0.909635797345846,-0.243274243479353
0.0959186253103463,0.625227846058655,1.31210324830362,0.812126117024451
0.0196256952060362,1.56465168805234,0.515997101444061,1.06348599640061
2.5726452158885,2.03703215257409,1.94928784564072,2.17037229673707
1.24883403333458,0.229622064699042,1.32679728808684,-0.270995914585849
2.11189505557952,0.407960842883224,0.276803039005926,-1.19517163653833
1.54726602617855,1.44406581762476,1.06623443558392,0.980452151248457
0.838951566907267,0.0183424212433262,0.253776088975061,0.717919602212642
-1.03711418263468,1.954581738244,1.72294971697944,-0.344332453152034
1.35855050429028,1.21616544923639,1.61228806921473,1.7426919680286
-0.395734110632216,-0.711894121437481,1.49177400336537,0.722457963997526
-0.770235757674411,-1.49325963737572,-0.729325058284627,0.319564835096966
-0.294592864047632,-1.03630776405126,-3.59428073986897,-2.63718336423088
1.26791864867849,1.57847564922609,0.64767799047779,-0.312426129089252
-0.380753597142504,0.122271174800295,-0.00397628240825581,-0.8807126040196
0.420941777539361,0.706037955623513,-0.791167523608918,-2.09551907325478
0.330046400731867,1.40663265477358,0.131185249689086,-0.78461853217179
-1.628830739941,0.530238564391522,-0.801240015002523,-0.112209613442486
1.13528287209605,0.779533376679129,-0.394010561091681,-0.561620211850068
-0.297746049455509,0.271558132976281,0.705170020345658,0.261909586856311
0.732182781677407,0.616841561630843,-0.350419935502037,1.00980100309446
-0.18576973582962,0.804237937676944,-0.190278960992494,-0.0339296310533547
1.75102333690386,1.568899265575,-0.0883539220898193,0.65001753773833
-0.0815822682770433,1.44279172849441,3.29453859652024,3.29706316368352
0.740924998687994,0.795512154017499,0.237830073865906,-0.901784924310569
-0.223507851758668,-0.837170404965974,-0.581748242656648,-0.451502788082605
0.852923098331506,0.952518442956541,0.899323444952679,1.66293426334017
1.36693641896259,0.882588171745292,1.93192403284014,2.3937256176177
0.569933655312135,0.635160110884248,-1.71245558386641,-1.50217719767753
-0.0923814632180236,1.55143105629776,1.47066871706881,0.802832968687909
1.01841796598031,-0.0102606552961215,0.928347297117404,0.118097261649881
0.128578158762928,-1.73390934103034,-2.64061061528495,0.0494391587561718
0.961741274346091,2.3010872463275,0.264324513331376,1.56222624287911
1.11755208900281,0.720709006491675,0.401026064694931,0.867152281708756
-1.6464537211927,-3.27487350414353,-1.41709368998416,1.29111512780635
-0.897053823934053,0.0442353706369896,-0.507407546794547,-1.50763945406666
0.693600262197741,0.435118439438906,0.627847708655687,1.2021913388755
2.71107324943651,0.0014903171221563,1.25115398957125,1.077054532644
-0.484680144191597,-1.02118884346092,0.856461966304426,0.740011270154201
0.774759358186039,-0.705046649574467,-2.30718426504774,-1.86862393473139
3.13722927332891,2.47264236927802,1.47406890770537,0.378520538261234
2.54243667637771,2.06686479497522,2.18174764775348,1.47069441313717
0.801267535450055,1.75184704736426,1.42055976841577,1.45342140208007
0.28622641775713,0.467975691041561,1.55563756187718,0.609086353575853
3.62826204222346,2.02675704019261,0.0368158784402965,-0.589078566620565
-0.913252407728234,-2.1035235318735,0.391209854789008,-0.953049817020423
0.125869533539945,1.11577479456975,1.3533415721258,3.17146452803405
0.633368186891136,-0.371393611388993,1.04673979172746,1.09711802035857
-2.410035076875,-2.6220996860715,-1.46621119182662,-0.74965742142888
-0.256061560175018,-0.0460458883669327,-0.648079666377736,-4.09224484564315
0.811983781342343,1.84014585357955,1.25423024526758,0.0899591139421259
0.735163356878657,-0.658273565114689,0.389381826667571,0.699419592052492
0.255722469442271,1.14106045541549,1.0303064657422,-0.0216076928850151
2.39969534773853,0.816004620377838,-0.248049178361286,1.35142150776984
0.0413487854467325,0.397467622458631,2.06451433935095,1.72684636473697
0.652336970079555,0.40188135504394,0.848010485330932,0.154560329236825
-0.908366184859962,-1.82323985457997,-0.807031870180491,-2.5610096333793
-1.23396237789364,1.20697302755282,1.69120100977247,0.141541078065653
0.13993511640289,0.424539657874303,1.46024010249373,1.26526512913888
-0.627069759252005,-0.309885993607788,-0.277981925141742,-1.65081380304381
-0.153450177194422,-0.166697653620148,-0.889173250528676,0.369019185087486
-1.16821936461334,-3.49674295678431,-1.00176280199214,0.408657716993826
-0.482979937045284,-0.277043398546995,-0.146102547853255,-1.04215319778843
-1.58278600363568,-1.18557311636125,-0.723663301621738,-2.38047118410366
-0.967109491059047,-1.31440138666263,-2.40592517628875,-1.70278870421514
1.79315950776612,-0.170114825016463,-0.108575860755998,-0.39504218855469
0.741971351637891,2.13383228787685,1.23545990882553,0.878071566110221
-1.36948033588385,-0.232466834451669,1.23290069412087,-0.607619570510291
-0.0215001218125263,-0.734230444454311,0.142974188142506,-0.604555740587044
0.405963747094204,0.34300800592942,0.634323774603063,1.54696853331306
0.892377480698206,0.567465750578369,0.138818159518631,0.332265452571154
-0.372535000576111,-0.760930467204965,-1.07339244595026,-1.75986629871619
0.13163268188191,1.6662756714637,0.721793556331748,1.0043210070304
1.79003154048488,1.98479168409603,1.60189255654016,0.179131919559883
-0.923697997348544,-1.71780522420053,-0.33088329079533,0.00409026463131962
-1.55308011267586,-1.5161768116371,-1.47704055281802,-1.27844305105011
0.484917358744372,-0.138467114146578,-0.279276625211387,-0.367728796471262
1.17035521358127,0.961980771408828,0.241527857691553,-0.627881109934758
0.231404053488844,0.688437149304706,0.0724606716340825,0.110751802943102
0.421802136597737,0.911402098654899,-0.309681088911328,0.00871575239397027
1.45059112262102,1.88049632738839,-0.804471584845936,-2.45179821583637
1.18852348097605,-0.523478898819476,0.886994712143092,0.146566764601976
0.620617767015878,-1.28141918376352,-1.39459779748025,0.458136326791554
-0.112275041824955,1.44583257337027,1.67739269369968,0.954966117803682
-0.485115373005415,-1.66105095270501,-2.17548484292597,-2.28818412781113
-1.55573970462836,-0.00732669452469414,-1.96170500872806,-0.96394751431257
-2.0724625146009,-1.86989795009602,-0.413505607335287,0.0264376878351173
0.37502346227865,0.859557394663136,-1.88131701771022,-2.56668722755721
-0.422145938141994,-0.209431445307763,-0.612455997868482,-1.64547885167449
1.50859809202516,1.10893823285623,1.57624421270029,0.43999591128957
1.45278262730202,-0.273533953583734,-1.73570862812376,-1.18997014810362
0.966493958236337,2.02884096121211,0.931853618147693,3.91286473422097
-2.11974131523201,-1.5698410318336,-0.580869279934289,-0.112416268327129
1.10539690002224,0.37513913678816,0.972133135465037,-0.24701807618342
-1.32370618133442,-1.61031537212626,-2.1142619874253,-1.72045420960336
0.708897302570983,1.42402872764802,1.08140934816813,1.34940650822882
0.328447379138578,-2.00580446952025,-2.00978003766248,-1.93047711681343
0.530179817932892,0.15827224933707,1.24168197801729,1.82527348968273
-1.02022079388383,-1.67969212696697,-1.90273984307318,-0.963039894750356
-0.0372669320157664,-1.52952445313712,0.448330507254694,0.357343334156227
0.982229372650571,0.0507894249080988,-2.8151161594051,-4.81805274860994
-1.80409416575375,0.160133561795724,-0.477395289628958,0.0166464108989617
0.20914129496343,-0.0022714176757732,0.58186666914879,0.223369640355196
0.728733124198059,0.779840618861494,0.285048026986781,-1.53931552926033
0.567896141653023,1.18962489420703,2.05078138551168,3.08162323362865
1.69307043856775,2.07865803831592,1.059271474654,-0.731409566884616
2.43422818223133,1.16164905441123,-1.22416099411448,-4.19537868741689
2.54948905217288,4.35088594185761,1.74680719283054,1.89520972153529
2.59807440402662,-0.575888094423094,-0.436885184888504,0.691895768763887
-0.557566722717867,-1.06456480651896,0.688684613536289,0.669358913159883
0.800954378387689,1.07180834471323,-0.865819643868643,0.174552858420576
-0.309499286872944,0.20643756674211,-0.897444616026113,-1.71404814547698
0.0238795078129936,-0.242313074654166,-0.0623190277419266,-1.47521101712764
0.649288608946022,0.106233928048187,-1.38863295351345,0.13628060244502
-1.66174598840751,-1.83455596701278,-3.24017031267113,-1.73998102363668
2.38435563165,2.22035761134725,1.8759741777938,-0.476295858517266
0.301950778565734,-0.25042925055523,0.0265494920073757,-1.39592843049252
0.612602444954702,0.951904961299594,-0.846969621070479,-1.15009631711117
-1.93993843620246,-1.67840215481253,-2.14410477586741,0.562372138024454
-1.74580572411447,-0.400946866273118,-0.324700561663522,-0.49704290871664
-1.20366258094481,-3.50049629305014,-2.72330305237691,-0.685806319708862
-0.876226884649409,-0.498642380067552,-1.54701444510432,-0.801232113826723
0.923346970167261,-1.09032372829013,0.0521036819000068,0.364279884751482
1.49197608706122,-0.235024806550943,0.903702883142793,-0.552034708675955
0.142071250674299,0.805431912565801,0.0354591019551529,-0.893042235194741
1.84501713040685,0.590663592644476,0.968814807775125,0.104326568374673
-1.51808372496882,1.65243536383486,3.11641827333037,1.67162457491943
0.425950370070757,-0.117662811605803,-1.44350820994588,-1.88684341579002
1.39913023087383,1.22613459384288,-1.15990364193001,-3.72360235960203
0.682995549006792,0.139013262968855,-1.25488278492969,-3.08663631093436
0.268928885331087,0.857471324535558,0.262461254414069,-0.0479722166770427
0.0165170961547451,-0.521855816374736,-2.431551073809,-3.5850059563154
-0.244937862752424,-2.36708483686359,-1.52892860595103,0.368745762744361
0.728001610425702,1.28702961007831,-0.617521698487577,0.506072852151058
0.511176588695171,0.308682063348468,-0.824208001532901,-2.2193967971609
1.44669563164935,1.01568818663763,1.81913485010269,0.143383517755899
-0.410080752689375,-1.94904629923151,-2.05434319485427,-1.58516112835246
-0.0542010557075973,-0.436565840768601,0.180534949759159,0.636341757144976
0.324709916999224,1.11350336397593,0.690526309153452,0.93159799707041
0.198806145411161,-2.67631469405219,-3.1488250741328,-2.47256257565142
0.279581030521191,-1.61159516328952,-1.89260506741069,-0.574586811976202
0.429718248861094,1.58851392619862,-0.222205058592992,0.565793774085347
-1.4412061920957,-3.86364295409307,-2.50609404998695,0.13614867256252
1.78906460153657,0.79506887325665,0.884087736218483,0.593619889620902
1.52760100736615,1.88561866422646,1.42826524917106,0.597441636303114
-0.796465905221106,1.1876734324664,2.28824833868227,2.1648590544363
0.444472168454648,-2.15255251822313,-1.96774790181494,-1.82438856315944
0.88973345835404,-1.30058097170982,-1.1880443352396,-2.22883454749236
0.585101816081512,3.37677207149631,1.89266143815599,0.205562062722091
-0.838027301175896,-0.224189120972826,-0.255293080628976,1.2085257759566
0.156349729107357,-0.0161879026730853,0.919270067712774,1.82548004718768
0.892298259995949,0.0232750431978695,-1.15494767117481,0.134041419636399
0.835612128843666,1.71974854478848,1.12934546381067,-1.32868400962318
0.0477627010917828,0.969109766476079,1.56530167696716,1.07608860145117
-0.952737295421245,-0.154626654603164,-1.0501238477348,-1.01548610128694
-0.827285199217885,1.19348272707452,1.92757135133134,2.28013609612411
0.801754824453359,1.83095246038262,-0.926813766411315,-2.45375962946345
-0.683808485436884,-0.838112511740965,0.40614469801108,-2.29758228735188
1.22423574335276,2.33286043234858,2.46631084349573,0.467019120402011
-0.647441656821181,-0.406038532183488,-0.451708662164897,0.209839777044762
1.4578932388368,0.319655813977941,0.603186101716294,0.516051857654269
1.94684818283921,1.21286877367467,0.71148517737251,0.316897657530628
1.13180603083532,1.34374557117235,-0.0996791330661481,-1.42339089262153
0.646741140582108,1.28246731953612,-1.15864858957505,-1.48479667310296
-0.580744596181928,-0.208576737552897,0.291106488933428,-0.434510829828568
1.02115213435477,0.796598590798869,1.1617051591083,0.343686585542888
0.0806417234951361,0.220038130996519,-0.822531292446802,0.0926562684206651
0.53844699738738,0.813235327916994,-0.84968492574351,-1.56376618018237
2.55565201449077,0.735305434050296,-0.70291931447612,-1.90495594892252
-1.38840791229909,-1.47738084898883,-0.189722762235935,0.631343527452724
0.0771836113826412,-1.45132938965744,-0.733655245617899,-0.599448988579693
-0.303597731304616,-0.410944112825746,-0.971119265455716,0.832224786882773
3.70098205088919,1.71042259682649,0.853516256783673,0.506879392706179
-0.680452412807429,1.46516797169035,0.0688464089511585,0.565053414714489
-1.1078577443931,-1.27007064437275,-0.165421732851807,0.36868159239976
0.743485561283808,0.234033436084892,1.13122685824717,2.19947605092542
-1.11130557892303,0.0986215111186025,-0.882733530781577,-2.34103408439914
-0.816218949655626,1.80007790535169,1.31949962862406,0.792636651599771
-0.332698849077158,-1.33313055105924,-2.21223285151022,-2.40894534407448
2.23586422027452,0.258247652952095,-0.178171081540232,-0.926253591611244
0.333745576719637,1.29602821472773,0.51959686282234,-1.45384177390114
-0.570427813636085,-0.802873633554961,-0.843820380339718,-2.45073864852937
0.836031331001333,1.6705599812057,0.786287575437567,1.42277071987667
1.50485821002411,-0.224268244243865,-0.292641850644564,-1.65569287404919
0.196292983899514,0.589523324444176,0.35146082183587,0.77259204080182
1.01547395765327,1.14609473085266,0.193714514934315,1.46681387733401
0.583286496634304,0.747927457746155,0.122595299613011,0.878049805226672
0.0100667098346903,-1.36036477175661,-2.574682846885,-2.94834690984593
1.57914078650162,2.0888883063898,0.237829718920788,0.798851399440016
2.26663040775147,1.47710509723188,1.0613956884666,-0.572607293749272
2.50221241899442,2.00621339432676,2.36215829285296,0.836452110587203
-1.86740011975756,-0.831950160812088,-0.888921263441469,1.09399943427476
0.72691022158697,-0.568302067876632,-1.21984935620939,-0.116699527933162
-0.34492684929702,1.64106193609639,4.04487078453235,3.29050045999666
0.28586478041058,-0.389136731693279,-0.448807269655355,-1.57109173468639
-2.12139407562685,-1.59687856440308,-0.755794879224388,-0.558856634289961
0.0897504630676383,-0.772951146628471,0.59416842027882,0.404432258113206
0.462044266890019,-0.903589890700545,-0.132183804776014,-0.0320396212709567
1.53812709264455,0.440421372073139,-0.27230624347881,1.09345281736733
0.954120069024333,-0.460127142092777,-0.586017176646303,0.217548873854044
-1.73461469990607,-1.04905031407403,-0.50991415550445,-0.894797975217262
-1.04494436475842,0.390521126936347,2.18145143270524,3.87738887447551
1.34771678435399,0.554511179361207,0.282981709415044,-0.239072443262694
0.220889443627689,-0.995752649684854,-0.87928811076629,-0.448420401597965
-0.483447558839129,0.214973524321818,-1.35477747429128,-0.584421668776636
1.00025166725889,-0.611071095834337,-1.14654886702164,0.027977380422532
2.19793913000627,-0.488100527867144,-2.57123038284864,-1.22866464472687
0.48163785711206,0.384270293203499,0.734427431227018,1.12298558579645
2.05587529466236,0.787780751053257,0.668239530440017,-0.139115207210974
0.670306452071111,1.02318375455132,2.39950705569958,0.222282382347158
1.49738700282871,1.47269988214636,-0.539700624682978,-0.854485354088457
1.51387592448503,0.567501408258325,-0.808114200501171,-0.403238764489416
0.982688730891747,0.140185273316178,1.05344243661223,1.72058441022661
-0.729936841279058,-1.14998311438403,-0.309610399311702,0.579673417600352
0.598751662310062,3.03865966718952,2.79156231107434,2.0299351610848
0.629859015056657,1.01746735342346,-0.253951975263821,0.543637401185439
-0.199166551490853,0.385215774360414,0.674982632091389,0.729209249861882
0.427634897873494,-1.47570752671488,-1.03024089157413,-0.28176730751059
-2.49630323542633,-1.92885594455409,-0.317092344672387,-0.587748943333444
-0.246949368286635,-0.303950781237517,0.694089659686161,-1.21450961570989
-0.363104774413836,-0.761126396138131,-1.25235652602716,0.546323627276916
-0.447227558268906,-1.35784356068035,-3.07779320244062,-0.824854331256749
2.94145461403244,1.61326585815956,0.377458674318806,0.134067032342786
-0.422222537091268,-0.54559171584179,-3.52881793938599,-3.21292574307192
-1.16043905262685,0.125512450847798,0.878205674544107,2.76099401184447
1.82507684551075,1.98802487675309,0.302218582522004,-0.551348742023426
0.178649265639324,0.0104410062936769,0.0138564631741377,-0.149552611000743
0.623973874757116,0.870328388037805,0.400867790511441,0.79118202851514
1.93065680668717,1.83996909775397,1.19754628043978,0.0897627739612642
2.0960043445589,1.45105949607591,0.142540552764956,-0.680035966597207
-1.75668669433112,-2.39864354085712,-1.53069522981395,-0.882067492420749
0.655986841571216,0.677952743451828,0.745499905283984,-1.50089367314661
0.281855674076887,0.177929568799307,-0.890871000723005,-0.483611143319355
0.944992301614577,1.63389078462733,-0.652560733982824,-0.857105608874934
-0.729747626137597,-1.83307805818759,-1.80071490294442,0.165780266120601
0.659725442329052,-1.73528164138031,-2.00514836584328,-3.15766131302084
0.407766661600189,1.65380202984127,1.32639664229643,1.55052093736597
-0.90591810040722,-1.63603988449297,-1.79752762321834,-2.02271017045271
0.920323571513714,-0.371337308151647,0.0652670356779945,-0.640873200284262
0.244782600173473,0.343784639001442,-0.881337271865926,-0.0579030638702734
1.14466175680825,1.72299348665585,-0.379606794878408,-0.0621379365656549
-0.755124453863389,-1.27967117411988,-1.94766374174821,-1.19918473173387
0.367264649112766,-0.438365490498412,0.687089325525217,1.41416921438155
-0.161779508373402,-1.24918467432819,1.62924372303925,3.08733746883884
1.85827344939215,-0.125836123677091,-1.43693469688736,-1.4411018468988
-0.624782415017073,-0.770518019076052,-1.88686265647811,-1.96677151881466
-0.279038296613375,1.49228636854838,-0.844072662106106,-1.73167296534389
0.198077885600634,1.33087502844269,1.88101655859157,1.09530559866541
0.934927449326042,0.543081821984619,-0.684499333139125,-1.46959967780145
0.770865032011945,-0.238508335289933,1.09606623564773,-0.322676899636055
0.669759721147071,0.310474909090904,-0.143571410927432,0.82604121552624
0.217375034313531,-0.816296206123831,0.255224893769297,0.126159595625381
-1.49711227027208,-1.51853751269939,-2.94986769832561,-2.36982081328279
2.81239498341893,2.76196078831802,3.37746542769585,1.95745451265759
0.559708879107084,0.335588041115294,1.92488900102904,3.10605744495432
0.87767098929255,-0.59038180557563,0.173025494644179,0.377441542860265
0.850979011529494,-0.698930558101388,0.467104026825301,3.33055604089432
0.878003227760422,-0.0828619401998348,-0.544470152515093,0.660885119812109
1.87305656822628,1.56190024228671,1.16580003291037,1.3277177634897
-0.154475759501081,-0.262568389526638,0.824402459329619,-0.282744416109829
-1.32433340498915,-1.9921903582712,-3.04044833338451,-2.66662378581542
-0.86896220978633,0.599215725523325,-2.17030454553167,-1.94484210074372
1.19884840933449,1.43721927209404,0.795444967041468,0.671720783042561
1.65174684944754,-0.913283157806656,-0.434582841651104,-1.07249713390973
-0.286163277043272,-1.28171118243569,-1.2325056211098,0.229065855386355
-1.7518184348669,-1.08335541951553,-1.61928727895597,-1.51412166589262
2.13754944523603,-0.0335357625515076,-0.77135316466555,0.0332712565137582
0.585424787496817,0.711281850712572,0.15766491744564,-0.198087240031585
0.54546468447582,0.256577865644334,-0.244648670111486,0.469908286101841
1.51084600730522,0.745329087166401,0.165296451375016,-0.420749251868954
0.364406135029096,-1.06359116431722,-0.704576365627546,-0.751226157350286
0.583135394917731,0.661163833686813,-1.08654289862831,-1.31661756666553
0.604742011555663,-0.0468880504404874,-0.342202815644814,1.46791636268304
2.47065766133911,3.44450284359235,2.5699476304802,1.17798576451846
0.338326520977636,-0.603301322342494,0.845795585669364,0.448852632849815
1.0331037604428,1.10179573267633,-0.695611922579416,-1.37801679324532
1.30237268438343,1.33438141096847,2.13521081810853,2.56378049238133
1.51166518538127,0.635070419171286,-0.605990115837004,-0.880740704322181
0.529314586837537,0.540205083406686,-0.961301481998421,-0.86346113201566
0.0200220996188815,-0.647805924425224,-0.0674219142712678,-0.89010404449079
3.18426413371187,1.79507948379805,1.25205343189925,1.13432508162036
0.0237107483298205,1.17773651020296,0.811830058852177,1.31036545982405
1.56681613437814,1.94806030899072,2.88241584616271,0.319411163020562
0.632217448136621,0.213929167546686,1.30836445491569,0.449935334526021
1.81007384229239,2.88329989736467,0.450266673975648,0.0676488198664397
-0.152126680441987,-1.13427916453253,-0.263427871149506,-0.470788005082876
0.338207661020549,-0.181377812397885,0.461055720136317,1.25541037437822
0.930483193369235,0.929553094113877,0.625361103760428,-0.515841347831839
-0.273611548544918,1.14270206270042,0.961202675405112,-1.91949044302511
-0.844862597399055,-1.35956359067838,-1.38221360013514,-2.14050064956146
0.682578243497236,0.675097716429895,-0.663420158213912,-1.72326396985973
1.71310282166206,1.47211250152641,1.41785637997345,2.1895404909773
0.0842174132574203,0.332481541758949,0.520423479754646,-0.335129985866214
0.0569284721390812,-1.33468427534465,0.073943243174363,0.119996814364491
0.309058893761407,-0.106499680140541,0.418515053449798,-0.691940424713463
-0.285189570245765,-0.111312978979982,0.116189074222479,-0.0698660943821312
-0.614343660069585,0.800798924896491,1.17277659766624,1.91763567320246
1.09818184987443,3.37420288687376,0.485081245850845,0.606286295411805
1.90000024076027,-0.978330041675135,-0.5527920734869,-1.53315391120816
0.110227805624552,0.218296830667568,0.375726972646406,0.830534630660063
-0.488547684920147,0.873568288454242,0.050631661839466,-0.011673944200822
0.2714276516178,0.108226811507881,0.490204110781135,-0.110691884916928
-1.54032598067806,-1.31812632442061,0.126792989678182,-1.64133881939831
0.609191927786809,-0.186441631067692,0.0768557203166595,0.19439243131143
0.189696820172833,0.237366598067531,0.273432596064483,0.298930107470266
1.15368769896292,0.8466694331267,-1.77873255160432,-2.11629570857584
1.37808279092309,1.7962694977228,-0.0313988047331606,-1.0228845178521
1.30227253746566,0.399809067928003,1.54082549534498,2.36297667928913
-0.651338782147151,-0.270878756087381,-0.533511398802544,1.47100647411133
0.254024399854278,-1.51633799965236,0.313148670222039,0.050637866240424
1.12231940761201,-1.12094335112767,0.524339848896929,1.1320871257226
1.77750842641779,-0.404632196361946,-0.633308311717732,-0.94075267408221
-0.309525287538485,0.440933362055905,-1.77562617054707,-2.62534916987457
0.458424354511712,-1.45897163011073,-0.324828428296574,-0.507534394987936
1.86924960174058,1.60597589137074,0.382267019465774,-0.296002491396043
0.902164599114584,0.588811585587898,0.872649983332851,0.667310455634719
-0.61116002605574,0.548091923444998,1.36853993165123,-0.440827374239601
0.26695053796915,1.0369420364297,0.0788328501947585,0.147121762957117
-2.48759659080764,-3.24690594068539,-2.79435896172451,-3.78412692651483
0.370529048098935,-1.45239937116336,-0.97229602696227,-0.647640341221065
2.94223393317963,2.2937291312181,2.37193858487814,3.55101691114009
-0.00712374008083716,0.857027294687908,-0.348259067239051,-0.14913319554952
1.61987818824015,1.90358018845624,0.128451987962716,0.921486161371529
0.423978888422814,1.43695651546314,1.71397051237782,-0.474745331705154
1.50537715461146,-0.569895476979465,0.203385827029318,1.09329422669344
1.31034626321505,-0.184676360982627,2.74719265791662,0.664328827115914
0.387409159238905,-0.991143054257891,-2.58172970263318,-2.49627303136932
-1.74055473621379,-2.63575601894676,-0.351159099424617,0.183510362199166
-0.116705447884766,1.98892672722563,1.48863649834942,1.7155804510762
1.18676643286943,1.01257642024268,0.483627479894429,1.27485392267588
1.761918200909,1.85307750165751,0.737806736600765,0.836785930592123
-0.544057856939117,-1.29291764122225,-0.657487193928725,-1.29576892740646
-0.559652270714692,-0.363735514191766,-0.389811765069371,0.206565041392364
0.616785599863013,0.798083725229053,-0.136435105291102,-1.0894645049777
0.26930519086027,-2.02773715191367,-2.21843870473995,-0.439640161384889
-2.74255427156104,-2.52084889714385,-1.37690428980496,-0.162499792104657
0.659952510796049,0.854906396137785,0.521370591900351,0.395769868866274
-1.39958354500515,0.319460529939374,1.34942697716744,-0.103635687918354
0.658040234807812,-0.180220941751395,-1.65513162436585,-0.666978905260924
2.90555544976456,0.772947074388036,-0.3237474499371,2.4229235904128
-1.08526234586176,-0.794107977007739,0.171850687226831,0.189938375463792
1.79150467029961,0.93368468011886,0.542145848360525,2.23293212226669
0.562214856329965,0.676213339630491,-0.936295078774261,-1.36324462027896
1.8848816523667,0.509778496713185,0.547448570301457,-0.222768453189371
0.982596754705082,-0.381702101911332,0.845506220807896,2.49848431322052
0.212116385594454,0.354432438216009,1.91451205482335,1.43610509210834
0.0458578331468296,0.802717549950497,1.2283565825987,-0.252274641175822
-0.30003660323248,-1.71664119113585,0.812433683458632,1.00288468080064
1.25722330606545,2.03044473050141,-0.0498648175395053,-1.33897376282767
2.69490588918959,1.70579307259944,1.45277881178778,1.30844752247046
0.232219181192316,0.166417073464485,-0.884100760645602,-0.445200830413265
-0.301686248500336,-1.11724968195163,-1.77073264082063,-0.283612046245376
-0.862690881981283,-0.69522785250903,0.66859311317472,-0.383884835343267
0.562341450208746,-0.304044523325298,0.392486935432377,0.742839902479804
-0.508635685645685,1.62763090903405,1.44860813925222,0.765006160556212
2.56014919022131,-0.372907217658011,-0.20493728644729,-0.223814357414327
2.49849741327346,3.98973747043774,4.83817736853941,3.12347633982523
0.13144205152318,-0.0563609919301231,-2.14074887540295,-0.00879366218828759
1.42541730703102,0.394026995808175,-0.180735846744829,0.255873538476719
0.766875455000206,1.33935172581989,1.7876212130963,1.6677887034867
0.311330707322203,-0.949572847177361,-0.781852217148939,-1.2109926339991
-0.0260192990083018,0.543576359799244,-0.49750084274088,-1.60443471491294
2.25564899839906,-1.35749481979838,-3.28412634221656,-2.075358396308
1.86292254427119,2.68065927557401,0.816996382133922,0.0690089189072478
0.0248796453021394,1.38931522820356,0.637795823952693,0.09951672477937
0.85928536031231,0.898399048306317,0.254652781434289,-2.40701883493564
-0.33146453561206,1.79561923682951,2.87135917911919,1.03820992744975
0.0563574269537936,-1.60580414368342,-2.22087957938154,-0.0766296557806914
-0.625021059360784,0.450972663005616,1.06661075596275,2.36276703880214
-0.163994327909582,-1.0241577029353,0.0668816805869349,0.0365924038393687
-0.248960040667078,-2.23564636520751,-2.63524258990774,-2.73266180155893
1.01495474146827,-0.567369244939397,0.35362588237539,-1.34337197045991
-2.63659318510702,-2.23085624832269,-2.89208781494779,-1.87923629901326
0.94174323874729,2.24901963793743,1.97240250468208,0.651075208426141
1.34245723025958,0.298244662761573,1.14769906254278,1.42648647906856
-0.374479208192564,0.00555980250767862,-1.21738096942242,-1.62163704675508
-0.673895186200238,0.38910701343313,-0.480982895359934,-1.37213176964151
1.62309630818136,-0.112095489577834,-0.0492917883449026,0.34053263200849
-0.237358553592601,0.75388080845155,0.292634260325756,-0.752578904455788
2.33453961407195,0.443826244618524,-0.337027281869511,-0.993040932223573
-0.383528879554136,0.725195822375001,1.01512545150601,0.748580747879728
-1.55674589804329,-0.667573958892035,-2.31670457912761,0.706659282517152
-0.383126097593629,-2.01454786742576,-1.39746656357899,-1.55568222695423
-0.718043320496423,-0.540538753203122,-1.43263388005411,-0.749024749375049
0.915869940772241,-0.3761244568633,-1.49721732007932,-0.369249559430648
0.300880612499644,-0.112765839180132,0.564517490958567,-1.79697543525058
0.99682369754628,-2.73259562779208,-4.44861270590174,-3.47941681222452
1.57044315894612,2.15496596015092,2.56379829747258,2.29081697115941
0.538441604697972,1.75095066371642,3.19083372861316,3.26973448841073
-1.90755384669211,-3.21387871377381,-1.45319438426848,-2.10879528108266
-0.280420925954605,1.63257050181776,-0.624895034633788,1.51194283847851
1.70449336744171,1.66802101816401,-1.96237900893343,0.33689646631035
0.612112363930548,0.0606496553438559,-0.538212577957177,0.245032591183738
2.54258184434293,2.00353694750939,1.90663422630572,1.15100190755069
1.5261038358236,0.417264045909785,0.89061497273369,0.828584237526365
0.930692934534234,0.352765871162389,1.11996905125244,1.11489535557801
0.607406005258275,1.04184749472077,0.622555196920636,1.15871373919716
1.751483407961,1.19063492699301,2.60690910836742,1.93094712623638
-1.30709875875532,-2.21724446310689,0.486426203267916,-1.44269832333134
0.922531684765171,-0.775738901602493,0.447315637359087,0.236325443940422
-1.22573270751729,-1.48991994662482,-1.18634205098144,0.0549482911469125
1.90507214401502,1.865219094577,0.305863349282321,-0.419411815330576
1.13946570328947,0.743666884609504,-1.27787317637287,-0.567624283310364
0.440661702722275,-0.848785834873825,-0.415849585584795,-0.208930839603582
-0.306149366231743,1.24317421063735,0.92450581047641,1.16550171004664
0.393030021866722,0.428911587744312,1.48201773097317,2.17154285502219
2.45568841141983,3.57418991767642,1.2141980506107,0.0194166212120892
-1.24104359942204,-0.113770290874066,-1.27417453502941,-1.72332795932551
1.34292598156165,0.883415764589578,1.71679322613195,1.95257546904522
-0.308702286706121,0.561665854607252,-0.828991352005273,-0.288040992259396
-0.340242623535927,-0.847073458779231,-2.6113686187371,-0.660365393440693
0.535195068190618,1.41394082137904,1.92437551334962,1.54325343888529
-2.94205130363894,-2.16489699871074,-0.970058895548743,-2.48657462593726
-0.355240265856437,0.756521444827416,0.617011969773753,-0.883194609534542
1.16721871586201,1.1019094416305,-0.323122578694301,-0.150606216346097
0.41249280718315,1.32741699903119,1.26026651483205,-0.620353419366225
0.212869295267488,-1.77807159512839,-1.23070755852782,-0.935386699182631
-0.791214762970146,-2.65928740915682,-2.0698633607384,-1.96778240669886
0.899047679989549,1.25624399622149,0.473103125111922,-0.515239549968216
0.540798143608885,0.831559231008592,1.17581863018427,2.96680501801391
-2.91144684722491,-2.02547031200477,-2.34255982303398,-2.73210914664362
1.06488840935174,1.57730908686292,1.89748240211111,0.271288695687593
0.436128462684413,-1.25648728909438,-0.393328750958353,1.16988461949301
0.0120400084978175,-1.03755354519357,-0.879200970081995,-0.338582019123231
-0.552716030177962,-1.30422463252598,-1.26996591541506,-1.11461449815482
-0.535489077291592,0.466023866290826,0.0857127304528603,0.736088822522952
1.97258196948448,1.99767751738665,1.52841591153019,0.195433031503652
0.990724301148284,1.2464910356556,-0.0290980002850777,-1.25274133433776
1.26798619979452,-1.07063805462595,1.18684121297317,-1.72163533721666
1.75541771028547,0.886642798728491,0.465580844958795,-0.277633113305338
0.422197798527251,-0.939486474550339,0.599775018726506,-0.649806930445658
-1.38104777303889,0.176378535420877,1.78174412328039,1.96989018511497
0.21374580688097,-0.266838035928882,0.556097740893753,0.139737266364095
0.571194091571389,0.627555488590872,1.01106336309215,1.65716548920442
0.744403474451682,0.110197369575591,0.598153958383398,-0.272190809139408
3.17681822277171,3.339176606064,4.61337147408561,5.47269955516287
0.541499185904161,0.09547090852711,0.304309206757738,1.73881627743688
-0.391919302630235,0.325703558149109,0.0719928975160293,-0.161500695106485
1.06471899404097,0.199399681371778,-0.0282444122860856,-0.411018968055289
0.657459343065615,-0.922765466181745,0.0317428792771731,0.592150964685556
-0.418395355057809,-0.292750694554918,-1.70017210421857,-1.76024531358031
-0.798244554066891,-0.364518293346976,-0.316281650209201,-0.42519842295962
-0.515566923721947,1.18792850212096,0.498058058672762,0.267405153863003
1.53059873813171,0.690081644476412,2.89024491117095,1.31398877625796
1.3071623595881,0.647694501525101,0.109727741407161,0.727825509318735
0.250981868781387,-1.48086852703297,0.0535817833304657,-0.0495638886614866
1.20020501715939,-0.585651975562033,0.11494479391263,0.0178192896198597
0.585693178112942,-0.842340536295283,-1.88208220525165,-0.92535733595616
0.220295122043519,0.652770319925499,1.35715668266477,2.42274255152437
0.648817040857327,0.547613272674184,0.531392644154997,0.599695966409421
-0.0176669106844995,0.396128317851036,-0.00594596273139336,0.706835628154198
0.929192784339607,1.88765606278514,5.21609633913458,2.55820457684276
1.68731491246724,-0.0835890451893253,-0.597046801659342,0.0640240083824657
0.115120537518533,-0.424744928056986,0.579902815470447,0.48122019776965
-0.700762639964288,-0.73429035249566,-1.24434443845216,-1.67826288948888
-1.84724663894384,-0.895012314174682,-2.22653916833122,-1.54892000848044
-1.42229072150682,-2.42953487160122,-1.26943366142062,-2.33378868675165
0.473085856615731,0.468058973639299,-1.00330703781104,-0.942537701150188
1.60263660941669,0.179220482313312,2.04517395549237,2.14436006128665
2.05096125114075,2.12652662828078,1.53752401479098,0.878688014845855
-2.15314181134068,-0.354421769866516,-0.409656286358843,-1.86001606241308
1.33433845491053,2.45839460887368,2.89302336672675,3.17983091687779
0.070545311567899,-2.19886507331929,-1.8852299112733,-0.080145506757616
1.1268781064419,1.15877062704894,2.05342672710806,0.423896326291657
1.96535968533951,1.9927368178593,2.5637095876177,2.22085191320915
1.05372292383695,-2.11389279150708,-1.17251070606027,-0.190916409894641
-0.148027014407311,0.864088029084205,1.44428395030948,0.574627300039439
0.801233779654546,1.17564022864612,0.639328134573277,0.615009846278027
-0.507898606502473,-2.00802113664712,-0.346722210213303,-0.556938302480896
1.02880606472193,1.07849575572702,1.47505244271106,0.111236214246734
-0.480386296169588,-0.856453337540722,-0.380175602642081,0.151237716996894
2.48862141793187,0.595451923117383,1.02431967819784,0.424109491467189
1.57497774327009,2.33138953797271,2.25971404857938,0.171577537697473
0.779735171616367,-0.734234447550947,-0.849730423302851,-1.29346656322183
1.13062045233302,3.0067929759634,1.61158700885338,2.01002430587318
2.35064719554729,-0.0607695997305422,1.70482674390631,1.74111761846982
0.102787182338564,-0.400592208172704,-0.412971754644648,-0.390141831206281
2.95899588079349,2.88626911641092,0.730022034419991,0.315893733042488
0.334088207143931,2.01610375329492,1.0222373547935,-1.00032622724767
0.459041426147023,-0.228723762678711,1.56168219290425,1.24747941294975
-0.794363395165556,-1.18191877138156,-1.12470161441506,-2.01843128302429
-0.0618065909252631,-0.0238469000059126,0.223440501593507,0.901288368848847
0.372394865251803,-0.924024871853032,-1.06087475357758,-0.365729299475113
-0.954621197226985,-0.781054281693198,-1.55826093306243,-1.93187847463287
0.655655440571915,0.642146578412424,0.325284479658714,1.30458667061056
0.0489964603919046,0.576320899297577,0.0347078201007783,-0.781917111026515
1.50690064152233,0.278911578315052,-0.00274391017306272,0.316510820715515
-0.336388487409865,0.48730003900162,-0.241747059757524,0.301008684637522
0.157881986809022,0.174300956504004,-0.885910878126769,-1.41487700804315
-0.62214516453672,-1.03345201508564,-0.548694885702747,-1.78158639771116
0.0181402562144367,0.000421336177004523,0.302357259904428,1.4047662630099
-0.161509164407848,-1.17844163685589,-1.00334899245789,-0.63635873377598
-1.11912288403192,-0.901761305968232,-1.30081615749499,-1.8360655035951
1.78666010695176,2.48401175875063,0.694229543118794,0.120014076966213
2.25794642574449,1.90859581145889,-1.1955425312982,-0.297041199426056
-1.42853896579718,-2.07183876009002,-2.0101261187218,-0.461014222235926
-0.25234083327999,-0.801673298997073,-2.37133526358519,-1.66387115158768
-1.89244425400783,-1.8672241205975,0.143561342797725,1.68178875269122
0.505440830122463,-0.469913927375691,-1.68790885433255,-3.13703253736915
-0.22737101176109,0.314665393237116,-0.51048797470719,-0.914383674727677
-0.0333556641371403,0.554927764142637,-0.0956555522008191,-0.891709318105574
1.14444212295919,-0.305290221720953,0.190997089488048,2.64701233664188
2.36241332372365,0.568006552632523,0.332672388975879,0.0436279392722183
0.303689309372481,0.445988869976022,-0.994626670433831,-1.49495828312613
1.51487556637223,1.50592701676182,0.634949211640839,0.346043215452494
0.733188479107163,1.36883106234815,2.071195565572,2.12825992573475
0.761395099466621,1.66867543594772,1.60231541955158,0.293595704276865
-0.851033487560394,-1.86438194294902,0.581787032326188,0.963224323002176
0.216451509657325,0.857859315669413,1.28003998530763,-0.0345599381132453
0.311801588593231,-1.00647351703762,-0.883918339446078,-1.23459597939407
1.70254212860116,-0.803090277194356,-1.37005997801973,-0.87729926295442
1.42279359794865,0.859219783776454,-0.253783137112129,-1.29927891366027
0.479879067871965,-1.59703602870898,-1.34661323454601,-1.01505413203362
0.388163658778338,0.348845701639497,2.63015994021342,1.14424291271529
0.843286252873618,0.237888124288141,0.458593174945687,0.666383579414319
-0.809617776726606,-0.223433611608067,-0.0240789641312895,-0.83871546113014
-1.35194412821818,-0.67202032906128,-0.805924433346475,-0.28835401078432
0.916821948664416,-0.275679850642171,-0.374368698703999,-0.248400496072543
2.42896572109258,2.32202823419386,-0.743026896417711,-0.228400829620135
1.03638248440411,0.054685158970817,-0.928511862468037,-1.3921565158194
-0.446706378788175,-0.0159482046150479,-1.99274900414696,-0.36577843698936
-0.105682265304084,-0.584891673537318,-1.19173238150926,1.40123899774567
-0.108952625028929,-0.879238603361825,0.828617195521667,-1.40358507293002
0.491302885525015,-0.250710358152585,1.2530179621896,0.348429286806379
0.686374681663406,1.1986953135995,0.619238920706734,1.40941182745052
1.97710480588925,1.44141801410675,1.78850061061815,0.779065995293123
0.272435204600745,0.869714190784664,0.743872047093201,0.0232781780774252
0.338464226043608,1.33463989942533,0.165100599267349,1.12604612810507
-1.2785157814083,0.470250525441086,-0.26748897627222,0.542992460495236
1.15795152886112,1.61872040829963,-0.0225520322343336,-1.52811853055782
-1.22934178582528,0.376073949280649,-0.0530474261619393,0.0492894218357545
1.04355631399553,-0.138665824766811,0.569797368001776,0.63312380721781
-1.24542895233547,-0.53661808295725,-0.710466086161245,1.10829815330214
0.3657648860424,0.357624099329864,0.433037548630272,0.184926155622563
0.902199463088516,-0.737882827652998,-1.23833306425646,-1.36003733176919
-0.551868567129816,0.760904946883715,-0.381286516975643,0.0121297892186285
1.34905345591534,-1.19777280945273,2.08903572075211,-0.334907999410702
1.13329143286984,0.296060065574169,-0.930991800635233,0.0925130043536353
-0.357727482351747,-0.5106097283978,-1.33470993873739,-2.46490199059443
3.17272387749311,-0.130351109299058,-0.660191940744302,-2.01517833945522
0.433204824132173,-1.18279723724993,-1.80839732508282,-0.651650376099544
0.222232448057121,1.27147089690451,-0.172035920083604,0.184049899021943
1.4444577231471,0.758371826555837,0.649553833880567,-0.245298030163675
1.7208099356466,0.313694123063488,-0.132468729030712,-0.66200379504451
0.918842975843333,1.42787862225021,1.4440036582499,0.622448528168609
0.322969215884003,1.27769245546815,-0.283120847940042,1.60932912040442
0.91244089937821,-0.315835434574064,-0.690222922230551,0.141474306867665
-0.489782941569409,0.484364493832636,0.354423088716723,-0.654701614855629
-2.12242316020296,-0.156511844095359,-0.247758721457108,-0.910098168233755
0.308459224712294,-1.42345592082856,-3.26997477578279,-2.63095364966355
-0.171863543371327,0.426023234692892,-0.899217023397141,-2.19197468071179
-1.89856769545518,-1.45781106846072,0.146609715014729,0.192284803398403
-0.603778184877824,-1.90942857167454,-1.31733849462111,-3.11026857155432
-1.04927730514572,-0.537457958639087,-0.884608286861068,-1.10309196855579
0.0392083062834865,0.373837174355931,-0.471393866628718,-0.872600729055847
-0.784024429480488,0.269662933563324,-1.06337410835425,-2.94220365135464
0.359594428439066,-0.981126678974285,2.25214139716467,4.20630930245875
-0.143464347202064,-1.29666301516719,0.233826884548517,1.0345177206668
-0.348634724720227,-1.93180892641447,-3.92008286575648,-2.20064059600049
-0.760710327845136,-0.847668634145097,-1.74604388512632,-1.44159169738024
-0.646910538799718,-1.95278045903167,-1.68224265383849,-2.98048317659158
-1.14485420857958,-1.13834484038813,-1.96833562150115,-1.34160043930575
0.933156615976981,1.82824312105628,1.0630971276019,0.0985934064847107
0.209166313810655,0.805940962128016,0.209237338006947,-0.325660580972633
-0.598397121663452,-0.347375823949176,-0.776157981380731,1.06260170107757
-0.60490968347537,1.30556348646312,2.00796057266625,3.05378011473202
2.51608859242192,2.75846090117605,1.22875477810377,-0.531205052171336
-0.493409514558668,-0.629462723807878,-0.720826286280527,-0.826735055332753
0.333712806204505,-0.767274703542413,0.198848176528422,0.0252752414796657
1.04387282259078,-0.0632985076047027,-1.7596249162898,-4.11256544842492
0.41246812115021,-0.8779667551136,0.686538502306816,0.621740990002513
-0.826960680777227,-0.346311040306436,-0.0806298282250434,1.51929639244555
-0.853649931934148,-1.91855180876383,-0.415354210759,-0.532159584255336
1.17909530637884,-0.28405591659068,-1.8497775973105,-0.560776606909094
0.36699887068014,0.260283640892545,0.61509663314612,0.84713088283173
0.0994254320566273,1.82600615237877,-0.180502979432822,-0.91849382018906
0.479856593006491,0.859474642185398,1.08886826812343,-1.19992102814061
0.186189581454608,-0.283732412134913,-0.180663507423829,0.152267969971685
1.48197475534092,-0.177836415049401,0.1712049281295,-1.09589252028853
2.2069792492131,1.0436011140299,0.813194126225799,0.556823016625141
0.489710132947268,0.037539876259128,1.64236295115722,0.242205355148422
0.318212503588034,-0.314550503918271,-0.534981541840721,-0.618848237584705
-0.406414187613183,-0.220748692078534,-0.571076962857627,-0.0855377530709223
-0.350455227391061,0.344459851427109,1.13644715977935,2.06498947123404
0.591772458683258,-0.43357822411615,0.0850097595847506,0.85804556098798
0.31009056649991,1.03840929363453,0.214025102944339,1.04892655089831
-1.07095057597433,-1.31266486892965,-1.55433590248558,-0.22413983178448
-1.22057324582247,-0.525736831850791,0.176078416089992,0.21842137901281
0.961706680398086,1.34630335629986,-0.511138919588283,1.25445196119397
2.30671736293925,0.787518623650431,0.520853077639522,0.492379794790756
-0.556618074393976,-1.99356843632614,-1.62153749337712,-0.131915970075928
0.658649447210109,0.0557057112318846,-0.0212713730565599,1.76086142665067
-0.314942785346372,0.953519395957264,1.22668065938736,1.0345605582539
0.843602494458783,0.177512166497144,1.43552054310169,0.772895996575829
0.202252948344118,-1.0082485528191,-1.13697337703931,-0.393311955692539
-1.2077478594969,-0.546048387489899,-0.265620387777261,1.56135237478492
-0.232973596674232,-0.997617412983963,-0.859798487972529,-1.43211322653986
1.41988433259288,-0.941209239838815,-1.78296014392854,-1.14776294269625
0.356012625167179,0.383355566343986,2.7343644075027,0.806070494822125
0.710793270359007,1.20974118354764,1.98301735974464,1.07126898448741
-0.890835643810303,-1.90260404665621,-1.81730751737317,-1.66620402193988
1.80066912312154,1.34332287213655,1.28560479781134,1.77179103605045
0.787518012264993,0.625518148674707,-0.285751901238902,0.613146343283234
-0.631442996835227,0.68256828860776,1.78208942562316,0.52523289014873
-0.159519512542428,-0.624993347761603,0.562376914975251,0.269051514236714
0.775376258589967,0.362248870401255,-0.907431914041232,-0.651128977320511
2.34154510956543,1.46661477261283,1.10092776275088,-0.461493396776142
2.24856812314808,1.85876734016588,1.04862568897834,0.429983998354732
0.480812745281497,0.232371504212349,-1.44068048517192,-1.20657460594408
0.693844460754383,0.356448807554703,2.14464804491021,0.0435134996116817
0.625450882633817,1.36228239149044,1.47874698391684,0.816576648377015
1.97696360997455,3.53369593434055,4.25604769240812,2.22675939665425
1.4609903354514,0.109747668976577,-3.7370240556308,-2.21130958372369
-0.744211309998351,0.36909580668112,-0.622642386776297,-1.00153579194441
0.625300195909398,0.123151595284081,-1.30549413602287,-2.3207573952649
1.78732165184966,1.321282038642,-0.017111291283042,-0.764151612047129
0.720427838628187,0.922908984190251,2.02574131126888,0.337483015520594
-0.850951644871551,0.0136888454388032,-0.536843988985809,-0.616076535880222
-0.248525622600545,-0.261432883891706,-0.213981201009975,-1.14891060044982
-0.148369132233603,1.62202875229413,2.07383869964584,1.99403842539175
0.795346857537233,1.36401504937808,1.11586592810484,0.350212464025991
1.38162361868749,-0.193125611185431,0.440629933296794,0.317670161114518
0.924443737927651,2.23388971243304,1.68023777717981,1.40657880755576
-0.473696439842359,-0.504536473981881,-0.49399777857298,-1.84971863440217
-0.0587095243179105,-0.213072865865587,-0.789542289325411,-1.36198618432475
2.12496053981158,1.04882193293765,0.520330624735146,0.426484543135908
1.06708487267437,-1.62352128628341,-1.37985934423014,0.964217687620191
-1.38019430612308,-2.40844374334349,-1.79805367764375,-1.32394144377818
-2.53625461844636,-0.793951311706766,-1.89741968057605,-1.24888097933592
-1.89830958894986,-0.172163693442037,0.730569860177893,-0.251256249394065
0.402969063349461,-0.247813605598222,0.791096414090693,0.265322366966284
-0.146652261886608,0.163313050308455,0.390076659046629,1.77985739526129
2.93262863353591,1.3571553170543,0.473529695969379,-0.415549284911698
1.53132160779481,1.39531012391221,1.43912053820539,0.509977859554709
-0.355554998300677,-0.207371673660841,-1.38544549093449,-0.249728853427644
1.04620180138491,1.41070948914411,1.22842639756285,-0.184029056255143
1.99676907871131,0.198539784233935,-0.297592507269082,0.128971454919187
0.612027904453102,0.86033532692525,0.365987886245608,0.0572133082805522
0.176134003163828,0.332996591275894,0.370581618840194,-0.337061411338821
1.59943903203361,0.191728380580588,1.03999767652759,0.404801882560124
0.155259430417859,-0.394105833393433,-0.95049844425725,-0.769323137605199
0.618527114541321,-1.69250809562857,0.807675544748385,1.41629343286921
-1.21937044725942,-0.228884118661522,0.146330168090586,0.317205944639685
1.26337140037149,0.461174696425509,0.466425617742012,-0.306874532071944
0.351490411506258,1.70246224096982,1.21713592091734,-1.07455809937083
1.47797188389545,0.317486411338145,-1.03387351842457,-0.204424887682542
1.24194092505248,0.489781855599051,0.900052243876222,0.296559176731437
1.67587487064956,1.84217400814993,1.90984830373019,3.05134872435082
-0.493679161081742,-2.43812115652114,-1.22669466718526,-1.30428290535461
0.644618484570286,1.64064894472919,1.47102425345743,-0.311126529298339
2.92432758015946,0.785160266359542,0.16987149363002,0.162530928536278
-0.454998434230505,-1.31126678329525,-0.460220921041255,-0.929483881977624
-0.272454101553033,-0.474837161054014,-0.110935189507951,-1.35805035802595
2.10376661259192,3.0971204729723,1.57550177750476,-0.797631164649583
-1.19540844810162,-0.683927659512174,-0.162442606887987,-0.0889788198269977
0.070779831812617,0.360142363660499,-0.0438301820988127,-0.110273904970356
3.12879083786552,2.04790351920211,-1.07328219811605,-0.0495023853436511
0.812686171296498,0.903570583858116,0.998776543387782,1.65790676283177
-0.425280218652811,-1.81850768975821,-0.777521801664017,-1.11135876195501
0.366467915568018,-2.18871661842483,-1.02746914013211,-2.24063552904578
1.77716310614832,0.256414050342076,-0.993037413047364,-1.62052586406458
1.93139189568896,0.394168904381186,-1.22418668179795,0.229212623846524
0.507165936586893,0.55683263744071,0.295369892979151,-0.661676258745323
0.147871247626601,-0.276929794620546,-2.48732000149606,-1.13022490729911
0.917907469977145,0.158004552041131,0.766620212048907,0.304580957025303
0.835532940283705,-1.5366833163201,-2.25778957024231,-3.06573919356472
1.16555339217664,-0.730918698402848,-0.599707343215821,0.244070170568535
-2.31903326232464,-0.314366207841,0.194463828509202,0.30030649739965
0.992709762341862,0.0642514948202795,0.207054780599081,0.535002760627158
0.0887588662458808,-0.349142050107126,0.409451379201157,0.648631261592266
-0.301179841795922,0.813755557282011,2.39514953500999,1.14706329916391
-1.03558577119644,-0.957411296013698,-0.170129055848438,-2.00674836227147
1.27267658956575,0.0412319240222704,0.106370062196519,0.299814112437747
0.917681423190794,1.78418715904524,2.74997508996699,0.914297332191201
1.36824645941667,-0.686571758755816,-0.144284186386083,0.49552938154162
0.713648573804291,-0.57164782003799,-0.0255359963027042,0.360320923795472
2.55272290063316,1.09767026400834,-2.08170833163519,-2.31540710487816
1.03896466033566,1.16423134573961,0.172751558987542,-1.02938778441134
0.739380820982483,-0.413259457292864,-0.121699112984051,-1.67878370091375
-0.0501135405753702,-0.18734251003362,-1.45779082827051,-1.54189292553318
-0.504486676503465,-0.519499548021532,-0.748302914834976,1.39694471085399
-0.74405511881009,-1.46843187646785,0.529926339583387,-0.099002217761224
1.20331060295744,0.395716201038062,-0.433802715948746,-0.13242675156527
1.28759937327277,0.01301491390302,-0.920666108861922,-0.335665637929561
-0.0304957807356829,-1.20894103053005,0.191924611347836,-0.0770939365102172
0.235451651218361,-0.74803495983682,0.302520384907871,2.79347408588382
-1.13875252048619,-0.387185934784759,-0.188507435861223,-1.63739645741685
0.852049105665112,-1.32463119478554,0.870340969618519,-0.112388317492381
2.56161111832178,1.39437066153771,1.83340541912323,1.60639266742677
-0.510582485016933,0.209098061430981,1.58686926358009,-0.967175127679756
1.87322860754884,-0.339547974838778,-0.15321247611939,2.82460137580052
0.294994992000679,-0.037360760397488,1.65624492508794,2.29600159367453
-0.805983524139726,-1.22215509476961,-2.64411414192952,-2.59267429401881
0.078738627919649,-1.29368210421106,-0.641308939028238,-0.965149041767837
-0.194548119286091,-1.62353695945872,-3.22942302599032,-2.64457224989796
1.21824967838727,0.88615192923878,-0.249684996487723,-0.480310173297328
1.02457211573425,1.43182982879808,-0.910675117170934,1.86687188337856
1.31012993429692,1.67239043197774,1.95818380403672,1.99268894605775
0.764969021433795,0.988901843412078,-1.0266266276653,0.181831256243386
2.08191698845406,1.26088877341904,1.44627039616664,0.967571773989826
0.0409495749851644,0.479989574609683,0.0022224844450994,3.41649848984037
0.00895648717503754,-0.625069243616267,-0.99402935921478,-0.204073895301879
-0.0841202723518655,-1.15505329698852,-1.5165571664172,-0.760476091752959
2.02334283398926,1.06460332324818,-0.158100694645955,0.562790005284461
3.17142715047921,4.94926336778459,4.53586320992669,0.812805629549538
1.12329737393071,-0.648363806870449,0.821203096513841,0.211376199823548
0.40292266236315,0.833687101493838,-0.633624136979685,-0.54969119636702
-1.57676033354645,-0.404581445816754,0.648571129719309,2.45150665348454
1.55172455456919,0.232512199926918,-0.823458311542079,-0.0750238712699146
-0.575528011232849,-0.605849781806654,1.15998726674527,-1.12858403752607
-0.124966960495019,-0.718635903516784,-2.58993379870538,-2.30171464499836
1.98331579679752,0.58130854383508,1.15468388044152,-0.48958427590621
1.13005650898914,0.159937745299746,0.838525830408089,-0.84088243533978
1.16427433300226,0.79655400569601,1.38699949708158,2.2113965115407
0.517225854873277,-1.98300432322829,-1.30544877661308,-1.15407864622964
0.655126516113209,-0.441595772234471,0.732433008914197,0.503925441267673
0.23386225212133,2.03775907991062,-0.918550230513651,1.9451980910819
0.242910321898477,-1.60417696616631,-2.92086005711785,-2.08836785786312
1.35805536091485,0.764853025802344,-0.618332575042901,0.115508493136312
-0.947683335285625,1.34203514404835,2.49508216796119,-0.158625980129641
0.726179944539714,-0.782457721476692,-1.58328535734178,-0.966082954882742
0.625801181399194,0.810042174099415,-0.247029440896835,0.1861862830687
-0.187120865854506,-1.07909274363673,-2.42558459899699,-3.10137963625994
2.12109994922306,1.44860802745481,1.83318954984403,2.8648249465909
0.604879917151487,-0.884126710481198,-0.389511652132308,-2.07220440247567
1.53228524682146,0.414435770273367,2.74106402059235,0.745152430280125
0.826252010371475,-0.746916889269077,-1.29724264470714,-1.15060881501976
-1.22273027834583,-0.3090775910774,0.284369942007448,-0.640593413014305
0.537155446504738,1.10807761082892,0.524144972221924,-0.638340140564756
0.841346236710517,-0.228614367099311,0.3954901878726,0.701243090029391
0.715840825356564,1.46742450392183,2.65008525280011,0.0756861202396428
3.97214488302144,1.37106442187315,2.99731636566784,2.43900302083862
2.12174658985153,1.19603120988992,1.72468664761487,0.106488560131396
1.38800414065887,1.55537294102165,1.86697607538575,0.162689366836353
1.01288111423298,-0.406108651051919,-0.652085111443614,1.64095165759443
0.595938871045335,0.528216685663466,1.04385461781695,-0.141803727527785
1.38304130251997,1.8778940856844,-1.60239512735814,-2.69516489197637
0.46372819257702,-0.784935992303773,-0.957656956459082,-0.893648849877057
1.16995443509563,1.86817345510906,0.869011990479033,-0.91461772483103
0.657244168704879,-0.272492091240135,1.76261321251795,-0.201335711067621
1.22436302277245,1.38330949283225,2.14424883888656,-0.0734635977682789
-1.73534391339296,0.487799299800125,-0.440104888869224,-0.724570140996226
2.15967981480405,0.858978822230186,1.55299355640637,1.52021892226253
0.663925287390929,0.327513609198186,0.944503581978368,1.15636335822748
1.72288134737805,2.13192576748398,1.00766182772272,-0.362846367733837
-0.770703477602521,-1.31344874647967,-0.978537823210523,-0.946605230366662
2.21280386200063,1.43111851835318,2.4871648073667,2.4056136661505
1.70551860456207,1.78689038272542,1.84271895574746,0.503844442456081
-0.189075338815035,-1.33965125421064,-2.23890817838432,0.540189747595117
-0.50121945822492,-1.45706247609153,-1.1945098549308,-0.884754468095572
-0.327911531286499,0.720753624173223,-0.166543674978634,-2.77722523703162
0.190168066454832,0.79183302199976,-0.130651359330223,-0.0575055767793397
1.47254053395407,-0.980556593603921,-0.0317842941983256,-0.694934502164113
0.833431069499183,0.36845191049068,1.54804908279471,1.4100286268357
2.32181735045463,2.28195829237321,-0.0984305922459092,-0.159632321550317
3.1962727509204,2.36745873303403,2.59613789230298,0.66143031422298
1.18206048729796,3.10937702040702,1.83686020492893,0.997582479376278
1.57536509507423,-0.0441810323002143,1.0151536582505,1.96356429774664
-0.733608037691235,0.629523047261759,1.91233278649016,1.25886722309836
0.000923418062196757,-1.40294361748706,-1.71241437331845,-2.3168755694925
-0.137497966619639,-0.351562685656153,0.993529184645074,-0.0386616389122717
1.82552150149485,1.10211200061515,-0.585732217868022,-1.67925746230405
0.348090929289369,0.846109785706753,-0.212201836312573,0.0347183066721941
0.741563045549972,1.06198358076355,0.54820380633729,-1.25227100357607
2.04072591740316,1.59878390255541,1.1546743577514,-0.315203057991071
0.758208759240728,-1.03361090938351,-1.5537567127667,-0.263391758187299
-1.05553072285647,-1.22141219862299,-0.601943184831624,1.19949898521332
0.589538725902313,-0.565960043879174,0.652800433349411,-0.121566730806299
0.506623149765208,-0.0129371268192953,0.224318508534376,-0.343604365355895
-0.195481735683793,-1.67257824217374,-0.567072853501098,-2.40328582192305
0.554949076303139,-1.12800781426887,0.883068445367644,0.0459346864200931
2.04255136271547,1.86065456574356,0.280196064547497,-0.774454653434992
1.95856365681075,0.731311872410975,0.628669787223349,0.266111403696324
1.73483720576767,1.37508902463104,0.67619301955402,-1.17371856271105
0.365060823216778,1.60867808995671,0.778914763528741,1.54719668816062
0.511325176671047,-1.81114288306957,-0.442874785213146,-0.0269636455514697
2.6780008410814,0.568876161124924,-0.386527937229669,-0.72762751415907
1.8043949209521,0.0958531087736891,0.822732489332515,-0.83138776838067
1.3495620391875,-0.241636775952396,-0.0351976619536105,-3.30393600156805
1.24084402978421,-0.268163233186396,-1.64700076592527,-0.793242257801559
0.28081690497652,0.62675786407599,0.182359778166379,0.52241886246493
0.0942733388925954,-0.997179359191174,-0.845195106752328,-0.525665568403884
0.112109116503667,-0.120330630319215,-0.200234374859559,1.32932804018482
1.03764008494351,-1.48379573034284,-1.70764210113439,-3.19151493710424
1.14268204702013,0.960353953937021,0.0738952455893517,-1.71091217644574
0.138373835611438,1.84907720148585,0.894106606139533,0.683732165748254
-0.183267119231841,-0.276285377813823,0.303533129181743,-1.49523714214525
0.5399716886744,0.623065059773467,0.152026965168179,2.02690780491448
1.09652652185929,-0.848499268344387,-1.12261145850368,-0.608960101791939
1.84496164150127,2.04430388270052,2.20036025261892,0.119007660710966
1.20772268849745,0.396784214569011,0.607329011188911,0.578951901663962
0.517949484901821,1.24560557834072,0.546228583266885,0.299825348753693
0.353990665395621,0.0814526875084634,1.41368208477769,2.37685089769803
0.150257639113824,1.47805546069417,-1.15490837001649,-2.15255403138254
1.80544310770521,1.31460924283457,0.865894372988318,-0.451812998860684
-1.54813789053861,-0.875389003864238,-0.0218965356741728,-2.01961196626083
-0.00665519896661326,-0.0833638344824813,-0.684112702096125,-1.65234212685446
1.98724465877502,-0.409772203118946,-0.789211732542807,-0.795773902162766
0.144236116599484,-1.98704974217298,-0.129713342360442,-0.453984492774266
1.66092485484699,2.76821982831129,1.54449934610976,1.92999225106742
1.64655250610289,1.71745722865184,-0.226755000396511,-0.893317879314129
2.42642499995298,1.25148926926727,1.00206674488299,2.14515801807686
-0.847526730166159,0.686016368721624,-0.416124754307521,-2.61835318921689
-0.0526760427195863,0.423845042824195,2.31046074391435,1.17944237185282
2.28170479610883,0.118436860764937,0.614278917223569,-1.0619217717804
1.1397068627398,0.161341207352904,-0.670189153649735,-1.40999235250929
-0.452963613646386,-0.260275024560973,0.208302006682072,0.358608024850921
2.37496656431936,3.52011569109942,2.47136979760941,2.06951583607689
0.0190731061295003,0.225286962257529,-0.0568727379648775,-0.201819438887416
0.73015729360931,0.0626153404771463,0.804425760705719,1.44274689393194
1.77242076346878,2.09869239802374,1.20384292849088,0.174687251841714
2.38526693958625,0.959667942187143,0.40284858120259,1.83208366855845
1.98634486347638,1.65518374938252,0.0762851375218379,2.01198901023186
0.147697131155616,0.994195333755508,0.708451048865293,1.62010844016297
-0.411817547163988,1.13747576920372,1.47259414550575,2.98475986930436
1.12276428634948,2.32679814278021,2.91471769901953,0.523266781580765
1.70810509643813,2.13939576513436,2.06011913273871,0.80406842192742
-0.715365596424354,-0.153469722805074,-0.567624566381457,-1.82405123986038
1.30202518550416,1.31003710812979,0.171951574089668,-0.866660671827737
-0.261702504564894,-1.19467369621666,1.2230991999767,2.80254631033124
-1.82862559386949,-1.2051597193709,0.24749119592432,-0.309548801803306
0.347525826316075,-1.04137771313302,-0.631589956819208,-1.73616075723748
-0.728611025253852,-0.211015535286908,-0.697103367342309,-2.1970476624253
-1.10844959782614,-0.166235943027456,-1.82505513338318,-0.809121155908681
1.2742949766085,0.346880285505635,0.38810174743579,1.40169373819019
0.694124178837746,-0.348706190824372,0.0909231677947147,0.53482919855367
2.1159023609315,0.860604022525451,0.285664154869719,0.0432117551684996
2.87681859592771,1.93895498552514,0.55771990165889,0.763238180785678
0.3650491194079,0.723622331545523,-2.78892251298182,-0.983217434060324
0.084360868902905,0.0465187126412624,1.31408600402145,0.952812689007335
0.592615171882482,0.345883536066228,0.0532704595271703,1.27529888660432
0.317531828320941,-0.511989474836327,0.466234022056485,1.25802083646076
-0.557985606606919,-1.7784910264248,-4.07977266917092,-2.3531361319543
0.122154849031359,-0.727484689759404,-0.245601744393958,-0.425483733059987
-0.153362359150929,-1.14285904965121,-1.50954375511934,-0.78765695098397
-0.202136042821418,-0.266019355667364,-1.7858303221185,-1.79436428041194
-1.12842698659341,-0.506652966923194,-0.0618381513340018,-0.499017235251758
1.42209813755201,-0.18720399752896,1.67567618111302,1.02866607327827
-0.0461894641015523,-1.44063045074201,-2.05504650675316,-1.76235630085785
1.6577540162771,1.98059724091593,2.51001417372506,1.89104502227332
1.00874304692062,-0.841072152667297,-1.28728439863185,-2.36244087921124
0.657056052274176,0.453165514400098,0.260833976363053,0.11703744806636
0.942717047177549,0.471678181827099,-0.130628056746005,0.143555018563211
1.69013686939897,1.18552524018987,1.70634683529858,0.768736789757468
0.942547320187639,0.0235625707237799,0.0600701243571085,-0.31843870367687
-0.482433250263897,0.0237714330389449,-0.146854538664078,1.36365390978579
1.39960659003143,1.34390164426847,0.741973165806097,2.01753677371583
0.785998008522862,0.636775566492102,1.72108183399301,1.18409365920983
-0.148987157051,-2.0912172924551,-1.65511673788567,-2.72323066273457
0.579702052323699,0.48631583823523,0.649327106575957,0.270554166354872
0.97840350588594,1.0493589261568,1.92151442827733,0.658175161179837
0.245237986979242,0.970093459719836,0.71139831645724,-0.31276137725182
2.07638085782382,1.74470275666807,1.229297669636,1.13619688753738
3.86095802732586,3.13018572614662,1.89899722118078,1.44814487864154
-0.5495523924024,0.830173752492359,1.10358266958287,1.41509516447571
-0.032020848022517,-0.833714996998894,-1.15047051081115,0.362810529523257
1.56739802626877,0.650209047883148,1.25995688061006,1.05459217361547
1.22057567615919,-0.800005708813054,-0.336819930830709,-2.19242421155379
0.0644431949787995,0.532197980460612,0.529841271552761,0.553593619671506
-2.08696288691845,-0.383156148794371,0.246350137260815,0.499964180156847
0.00734644738970225,0.246085328732439,1.72671840454079,0.624151252929207
1.7327891413926,-1.34805854555958,-1.57234390157333,-2.15029535210762
-0.00651789059454549,-2.8967894047659,-1.7399231026683,-0.862353871856184
3.04060682401724,2.1955664093724,0.0601399194708132,0.345001958651726
0.791644899726337,-0.502328106682789,-0.573008938826882,0.490577775950098
1.61196339634946,0.596117017210955,0.974998455021552,2.09410932517732
0.242934507249755,0.644202215941066,0.147890195974183,-1.25136503682363
-0.0163383366394935,-1.72933371171061,-0.865795046496252,0.445921218549844
-0.844031957483433,1.25100319219724,1.50737660371282,1.24983846949404
1.23271734859023,0.532685281201304,1.00966095010058,0.665989110732521
0.469715868633344,0.316120053726816,2.54515991722095,1.46192605536409
1.14263996556271,0.965940938453478,2.45575775022088,1.42775543573572
0.857419494426381,-1.60984540478939,-2.32302063045464,-1.42001981954567
2.30273935488921,-0.0662775908072419,-1.76614892502267,-1.91488177314607
1.16803447183524,1.01654551946632,0.420416790846441,-1.30819658621688
2.6186386858985,1.10592557467325,1.22492734503603,1.94030253679132
-0.937258438151063,-0.914958567634962,0.819157956686679,0.416544417905476
0.442434030257479,2.07305319522816,-0.332448637653565,-0.150937773984681
-0.18037826330415,0.658085625943544,0.734684839742776,-0.369306057294451
1.66636237992623,0.517267300329957,-0.979802135597058,-1.04919346684885
1.0475682053129,-1.35341238541514,-3.31492276988352,-3.45898963284807
0.236139024931609,0.991564038620147,0.711981898145473,1.06601946050395
1.89438681545497,0.0374150925161629,1.30466990308464,0.508472520059579
-2.34739490009805,-2.02681080905922,0.493968910535414,0.884632557979192
0.691700353735922,-0.0752060264823197,-0.885453380002428,1.68371885236974
1.32939190348961,0.553184942942311,0.905075007110324,0.959846584242481
-0.689324075317652,0.955900861984962,2.08611316423248,0.753307982451545
2.97622692480073,1.12906406948924,0.287042209466186,-0.22803079913183
-0.938462590983065,-0.327282911117412,-0.532758901315598,0.788697788533995
2.94109286899997,1.93294636327216,0.103324051313752,0.432181796054759
-0.864769765270812,-0.0659311114911852,0.641071329186634,0.350931705967432
-0.95202503580468,-1.27762035903427,-1.59588600060762,-2.99798946867841
-0.865019636379587,-3.27258210499232,-1.19194623600895,-1.67490080415517
1.17295605344125,-0.88615334838156,-2.1235090343655,-0.999088660534661
-0.00567346534627089,0.613017513535987,0.115621892419181,0.55314258071519
-0.516150736131872,-0.220214449774045,-0.697396034842625,-0.31200848202097
-1.55905668970325,-1.47829686574814,-0.306476745568538,-1.28851471981572
-0.0910293362305746,3.4631509172276,2.11077236793591,2.53828108030432
1.73736586466925,0.665269358492149,-2.6244780458058,-3.08727776899625
1.43601943862933,1.15938161866643,0.0031310574446618,-0.920641238122241
1.43822668651361,0.379366819272321,0.752307650922856,0.468359342251876
-0.681982065323997,0.438037743577858,0.717272263655112,-0.157226191167005
0.0445362831738531,-0.672246722697473,0.788409260109979,-0.432519260166402
1.46697763636743,1.29606745912034,1.23242211700586,2.74556144170714
1.21885692857802,0.440535476986801,0.400188040893358,1.54002899501685
-0.666264228658014,-0.896016458816006,0.678192587855395,1.18540908861308
-0.577538257545321,0.837452213688288,0.97312172600637,-0.667602620115836
0.861882954855111,1.95972954876738,2.32099283740246,2.26751902222815
1.26543977290674,0.522993808871229,0.554448960854904,2.23820844370839
-0.315055588248637,-1.33681686892953,-1.52576654900406,-0.155940356522945
-0.148187359173483,2.05161271065026,0.468166036103256,1.36532175573838
-0.621819326345561,-0.0495041484355012,-0.524549580359732,-2.12393764088082
0.581694525434688,0.411624036076386,-0.926259200934592,-0.513919346958614
2.88945849373097,-0.0375286829116386,1.70348246281994,0.120594557058594
1.1527454793739,-0.0690927719899089,-1.54135807257399,-0.783957885472517
0.654668784836924,-0.987518264545399,-0.887368097621617,-0.704370734005122
0.0144781598149768,0.345423009112125,2.1242984089016,3.39051702914427
-0.938444894461906,-0.760150045840726,-1.88932811910231,-1.41055803691533
-0.366838524164381,-0.301884845204029,-0.345177688776988,2.56695180078899
0.546038295084316,-0.249733812849394,-0.392377828029099,-0.339446567708476
-0.196600945820294,0.587426404718198,3.11439318007942,2.88320007385003
0.732305927688278,0.935191648342511,-0.685695888867139,0.157234162037438
-0.0408426849376065,-0.120904309335726,-1.30037219938855,-0.4221519424191
0.858798820203421,-1.80144930612653,-1.49535192289529,-1.87330477268877
1.3609750857203,1.82556085932937,1.17760388876554,0.700428898188815
-0.839469134115978,-1.06210347760532,-1.71353710713814,-2.19172989959057
-0.779503912389042,-1.80538081482984,-0.641865169789613,0.00643597274012364
0.644752166979372,-0.674470530017043,-0.493441020323765,-0.154323570190276
0.843918914368309,1.18441378283316,0.0886559616731591,-2.81412340457441
1.38460911247049,1.07766436268581,2.19053204619508,0.88219898032382
-0.664311247490368,-3.44714397142327,-2.04754765568072,-0.46304610793556
0.0489754270865974,-1.00515729145664,0.0273471386128367,-0.124019968048045
-1.58194912771982,-1.47950008067545,-3.57746760048593,-2.09143123076362
2.23249174331347,0.0422337010270966,-0.212363457706635,-0.549497064105016
1.08168754117775,1.26706738405083,0.205749801516038,-0.50394148750105
2.01350280465994,0.706752234778746,-0.893115891617289,-2.49638131138237
1.58342358083516,4.00289240777794,3.29524116764185,2.30002451675442
1.03179722073421,0.0345121837014745,-1.1385354558457,-1.10308923160811
1.42809502967727,1.70478313643687,1.4638604629729,1.35176624203587
-0.0566191460889715,0.71818303816213,0.725097378760892,0.080380269657653
2.41753329885634,3.00200871508126,1.68223320851704,1.08124678290734
1.27570871856697,0.913752091096874,1.76100576983456,1.39476325534953
-1.27081226388071,-1.27854825903571,0.0344037935058227,-0.111114917643605
1.12623354645761,0.302393137978422,-0.0653367398367996,-2.66105245706223
0.0256935635489133,-0.416071271284712,-2.94049172434753,-1.28374233639082
0.408848065561048,1.12705260632907,0.202422497067381,0.970393647322524
0.772957130528997,0.301387259336734,0.0933952733398425,-0.319255682362643
-1.30293284608149,-1.94934687874427,-2.07548155996886,-1.97552225037251
-0.809675066877987,-0.120605768049563,-1.26943894020941,-1.50008400647522
-1.84703651336411,-1.46475050542667,-0.0191568284848105,0.299126463002671
0.693323326906768,-0.0226665032983976,-0.860825149476456,0.380813852078888
1.441394532556,1.95936779575228,2.543549307973,2.70366621254753
-1.19196304402348,-1.17316387254456,-0.534468092430695,-2.09610694730524
1.91964493281534,3.85775686223892,2.3771066733796,1.75543679338398
0.515028417799015,1.50451931412988,-0.419037084092534,-0.204289013265614
1.58108433877261,0.714304546183126,0.754689214711832,0.548912741308726
1.44557858859828,0.447597908571136,0.896013581217763,-0.0397461826042797
1.36165894412419,0.469151663194903,-1.31057724703961,0.195393730977736
1.08382765455386,4.17756276656266,1.20373843139288,-0.806983074690635
0.582811971635073,1.08568158680022,1.46209390021026,-1.78844441507207
1.77874821323605,2.37865508630945,1.30256842815653,0.0393713635800875
0.64993947301931,0.821316411993908,-1.63588526618438,-0.465116270264578
1.53976206305292,-0.184063778045732,-1.75703231421517,-2.74838908985778
0.917110285026923,-1.3580521473561,-3.16391871334625,-2.9089378156977
-0.0542207233688965,-0.859087310774645,-1.30284971080927,0.727023573055258
-1.75651340693178,-0.718247529052988,1.08657618545813,0.571576237194655
1.02716490962915,-0.053475155699112,0.533263831319406,1.88669193615775
-0.44137681167895,-1.29703529047974,-1.37777182620107,-2.16087506354117
2.86264823434115,0.614310145766159,2.14180378277978,0.581600299084279
0.767459269201805,1.87634555588373,1.58253960157923,1.18143308400555
0.477251347928213,0.00908735440927133,-0.656994628915758,-0.644350967736227
-0.982278477123398,-2.22702362602749,-1.34902348625564,0.635611310354017
0.691829602692525,0.486271063421685,-0.419009102307117,-0.839349444164138
0.42577485095214,-0.0227565983017199,1.46063311008895,1.27753029782622
-0.072704711586053,0.238888019279739,0.00765201312769613,0.459088966645391
0.0255240466080005,-0.605787498426084,-1.05391706158631,-1.36060303028102
-0.108512550700715,-0.865191710033538,0.0957756435414612,1.14517614976565
1.46168201573647,1.93497292179393,0.984905875330378,0.143841371904164
0.481391440598616,-0.0674019243577964,0.104762238029741,-1.51302431897881
2.97515268888977,2.56519163709316,0.747592922126581,0.369697911582166
1.33485327423056,2.50584584878919,1.64844058479783,-0.94948525800271
2.10008405343141,1.67222696517877,1.8670508345508,-0.255207245786126
1.65172972897636,3.45360814150437,2.40931644300445,2.78726112035915
-0.608604168832559,-1.75237849864453,-1.07060123061236,-0.196617385797408
0.541530869987256,0.437739135333026,-1.93984841070461,-4.77179511018279
-0.473818776721104,0.892362015542747,2.023202960824,0.746030164509275
-0.705028184949118,-0.845675448226256,-3.28683458005976,-3.98372567267546
1.27216331247993,1.40951982137364,1.10287053502385,0.487039137975461
-1.18479210544527,-1.67251502757506,-0.700666600478094,-0.862554462155286
-0.250370406547319,-0.44331367211908,-0.61767547273118,-0.927914047753731
1.88564146429213,1.85068937590486,2.51476145720748,2.82613058653334
-0.387722555583965,-0.712678248021186,-0.586093808866366,0.253279490080276
1.18343910898056,0.999837607017151,0.0262464075320635,-0.722532249226008
0.164072991127942,0.437327881118355,0.817451522185655,1.66095063951058
0.865044183841426,0.107848462404281,-0.899416490869542,-0.539469080284505
-2.77246636549194,-3.10191411700866,-2.17213123101154,0.208271797091654
2.6945721732258,1.64992216988857,0.851650263010218,1.02551721317373
1.69341451852274,1.53418709620256,0.0571410809604439,-0.470588995144089
-0.0776070305067166,0.0675464707906654,-0.655949144091505,1.17445177646706
1.06499866346111,2.00572533176154,0.858979354320912,-0.707950116514558
-2.63377580947214,-0.570283064161534,0.0310924296568058,0.309434442523416
0.238103925894057,1.04224537675038,1.50986937743491,0.429032938458888
0.679646284110429,-0.340522235827919,0.926078800159342,1.40574814977535
1.04103228942555,1.28588038072301,-0.090417690623282,0.0382957337546935
0.450303136025353,-0.627511098051001,-0.347804438332753,-0.949308747934383
1.26860442293723,1.45105444894995,2.29217262797027,2.06399535680579
-0.587076369004063,0.700069309760412,-0.755963471286756,-1.35505460124582
0.00818076791805034,1.53080956642097,1.97692292559207,-0.602328418763425
-0.199009690683017,0.874637101938173,1.82958717660672,1.75647740583449
-0.645882813220974,0.41444631050725,0.710187704538358,-1.01872859425557
0.106645605592847,-0.840493133220014,0.283530476164474,-0.29437039407966
1.29671295207121,0.37265876539903,2.12077005012201,1.68967605448894
0.482205759066245,-1.08313426264128,-2.57619769869024,-2.26193828785227
0.632858466202708,-0.8765285064497,-1.20488533195149,-0.521286541091284
0.117824997437478,0.563170380102964,0.0208060230548222,0.419297652041349
2.29032707070121,1.14573207629128,3.27704325930599,1.2739741050803
1.14970410118735,0.714357434933698,-0.619960733522901,1.38004079337195
-2.45304940991521,-1.64368547665182,-0.116981774505556,0.306783388483105
-0.712975384559542,-0.55160518400285,-2.12231566536225,-0.638827187304046
-0.327127535286921,-1.22290835639127,-1.31008136876837,-1.6333558930529
1.1070705361339,1.4329801811223,0.87229269726781,0.214950597890232
-0.47233452944507,-1.26838451318094,-1.64900368123678,-1.08732286787212
0.160968197826366,-1.17547091206497,-2.34590098367192,-2.13586468694208
-1.22311877111621,-0.703804061692162,-2.43351612019001,-2.20698591818159
1.44549888379699,1.54470187321968,1.4943418460766,3.14941790275014
-0.243527282574343,-0.136340701377749,0.454866043192093,-0.709454367420215
1.04401378439181,0.768940814759897,-0.444162732197887,0.182273804165783
1.51975596468851,0.646207247606893,-0.349547011659953,1.5560979303773
2.23398253396027,1.43275760385745,0.808801915030881,0.71094641582604
2.40358443921546,1.20888592830247,0.79888120020793,-0.375450219434091
0.0809093120479571,-0.623415798940867,0.0470235192918712,-0.395455188072064
2.12054462370631,0.842416952138388,2.38267160960807,-0.469336050530365
0.32532323766871,-0.981413889131788,0.826023893634714,0.864887723162697
0.854410915188759,1.80209043271229,3.02940597636932,2.7807388819836
0.0057319985693301,1.23972338717949,2.60373036866728,1.78060147482898
0.662225993102395,0.699145841802362,0.328840254800596,1.82256862354676
1.61058456144353,0.670870853521477,1.08175857071039,0.825116422819595
-0.412783470334309,-1.68817879052516,-0.348354906522424,-0.13893833565202
2.55598116272044,1.58522351114017,1.98067381247835,-0.799962547604444
1.0261694562948,1.11753230271782,1.04695074492188,1.03465984932446
-0.744886882997222,1.75632909519199,0.752484276991578,-2.09464415530053
2.23206452559417,1.39237865703057,0.990383817610343,-0.172095294416371
-0.411274471579731,0.282314311412551,0.434534175660129,0.96494297759683
0.629316395623766,0.816114076286089,-0.425021786587469,0.745348351603791
0.08512172024047,1.68641208176595,1.43371389176641,0.380478395334289
0.839890671341871,1.37283039202914,0.773464684193426,-2.36573685082662
-2.02017814801624,-1.65377689553923,-0.0983250570040242,0.348088363268104
1.31763821682071,-0.144608813310685,0.54746555908986,-0.256687317568673
1.45853072876897,-0.571791195865259,-1.86789015681008,-2.20111495932574
-0.0412324598904655,0.536169852869738,0.734047777688732,1.7673769319994
1.37634127544408,-0.14608889299886,-0.678052740876888,-0.440278708977521
1.01190139249579,1.57655669893414,0.23583213462809,1.19480959744762
1.08324856842858,1.44850467638645,2.87375121236539,3.81233060751053
0.737243382386137,-0.729580820383928,-0.168461052370567,-0.675113241284819
0.790520540896055,0.0754031434815612,0.536630169974426,-0.00723954188088849
0.169365601453979,0.718366548594868,-0.368038039404581,0.369321858253326
-2.14076054681235,-1.92773904693253,-1.44303551364643,-0.163773584710415
1.8846553533904,0.960667683478118,-0.5110474682537,0.435989551895965
-0.147788938248228,-0.400337495386226,-1.02850658261026,-1.82063314764143
-0.494484381857005,0.306346610756458,0.757139698035628,-0.0494443130309404
1.34873551914893,0.442070837255236,0.968609059190126,-0.00601647193440169
-0.367570068722083,1.44071664392702,-0.587439198794062,-1.53158071367484
0.179845333775051,-0.65275839665631,0.108065394825167,1.05595602179997
-1.61149794523905,-1.18545804907541,0.112605636805583,-1.22982925436598
0.209280573136873,1.26178600137244,-0.359091637297546,0.656284889973083
-1.00698821078836,-0.225265042143133,-0.698963605512791,-1.96616700963853
0.782441172533759,0.86341520594684,0.251314070629568,-0.652479178220499
-0.766468007066486,-0.558493773195404,-0.911805829534548,-0.928283793499794
2.66013781927329,0.976011212692896,0.166768721633794,0.0620107399171547
0.577986320081644,-1.62527597170095,-1.45190322916431,0.390158040099398
0.510803627666839,0.455144998465677,-0.769390926110278,-1.83903660606407
0.844754519614304,0.578202911116197,0.887805113250546,-0.107220868401221
-0.476396642119402,0.421478358890574,-0.274685181936067,-2.05752844320546
1.67137072073373,1.3571020442094,0.107120462312031,-0.333855003398585
0.594506643188876,0.13049012053343,0.477780017199131,0.315937824215903
0.411621894596412,-0.729667879354395,0.600380219908214,1.33662842888206
0.700515136631632,-1.42024094429774,-3.07037485995887,-2.37168822116414
0.918311637930749,1.27563334026468,1.44612157881945,-0.362637363166366
1.73536995260452,1.18993604307274,-0.0546258157728972,1.43322882701854
0.749676124387288,0.0140444797878576,0.105901271652508,1.64987238854696
0.18345115329545,-0.944915638192243,-0.639645680502018,-0.453368307904018
1.70304409239575,2.41882083925788,1.72558220064151,1.0678152551381
-0.503162439520095,-0.0899514896818697,-2.60364927225032,-3.79474031791428
0.515772473509813,1.24428593686692,1.24081583921965,1.13779470998786
0.113690912115871,0.335451358296424,-0.550578454625526,-0.418422332651449
0.17303507415,-0.70063579565383,-0.718599720260747,-0.133286529288639
0.564832550362291,-0.172111328161411,0.691564601550361,0.127284697076055
0.968158185628552,1.11583224066563,0.98742524402785,-0.0325319500365088
-1.95053406992344,-1.23767378009438,-1.41256761817529,-3.62605637396189
0.143835886656018,-1.68473385088629,-1.01219115529053,1.41717046325339
0.661893887693942,0.382601601148896,0.884322352556763,1.19682898369017
1.34727465559332,0.497313774656858,-1.21481733292565,-1.95830132546789
1.28559792778111,0.795477079693632,0.958083861340535,0.445931294572827
-1.18787164193211,-1.40489208995881,-1.21833919695707,0.806071571318179
1.81877314658082,2.00778012583127,-0.424758211033019,0.815972909944894
0.585687203877928,0.936644186998108,-0.983913701926581,-0.285452737635158
-1.06702142905742,-1.68359491592427,-0.335486259188072,1.37012113197276
2.22764475136938,3.51979744651955,1.99762543811851,0.443411711484986
-0.603497951544747,-0.0213075393470399,-1.208294296297,-2.24228602843159
0.773449422314797,1.21881136362302,0.0213388816347242,1.18687781543274
1.99935769188858,1.95131718452394,1.14067201530732,-1.48115106782682
2.49287208786227,1.81867209805927,1.23419613780769,0.960441363168707
0.150274423377542,1.0448471559688,-0.497742563304103,-0.0107936724578468
1.51197050758776,0.842830036275087,0.594884036946843,0.776728849818921
-0.723378900218777,-1.12085543139125,-2.25472669224633,-1.72661802317521
-0.378930619062142,-1.84932230746008,-0.36426267379583,-1.20838561608314
0.366446261299749,0.638012782145093,-1.1192707117845,0.233865691444478
0.129140539170017,0.608780573417936,-0.553314955942206,0.275537938305111
0.875262195643378,0.979500788583389,2.44606817075917,0.452004510569897
3.32921144572826,0.683949374158114,-0.617132757069777,-1.8665776067456
1.13034119453723,-0.951678326747809,-1.61634032879328,-0.0838149486583988
1.63725225334715,-0.920533064412982,-0.701043043419913,-0.913481881011433
2.97446453252086,3.76377803022997,1.08811223293759,3.31769076794763
3.1042932638218,2.62006879476999,2.016999144036,2.94062759283226
1.66306407881162,2.30145539198391,0.951744930100346,-0.217612463962261
-1.05008626332457,0.826431382251442,1.07089610561793,-1.08652255523761
0.244848836955593,-0.43517372786692,0.744603079432704,-0.734939793623529
-0.220434391369092,-0.103499447369687,-1.04928696917763,-0.639944069466753
2.67511921239897,0.911056258023772,-0.668250798663574,0.388705558107595
3.48102963620842,1.70292806303192,1.0835041149682,-0.362809756500327
0.854860386872651,1.97935908520929,1.23291099665011,1.52269436532014
-0.0797819284007114,-0.226145971601239,-0.579194129852136,-1.50586735801143
0.691211253457728,1.84384187930644,1.23198949887254,0.310943319491466
1.34904572746702,0.316635531738101,-0.420411362725912,-1.08602008844793
2.04238992150884,1.94366828726273,0.824108928237875,-0.285048244128457
-0.196524435295897,0.23709716168946,0.31812798278645,-0.511360007888283
0.335941101753207,-0.113915379724697,-0.0483211844353994,-1.4509286869452
0.762897666261196,0.340828706734334,0.130415526345015,0.0952784041717112
-0.969498564933889,-0.998906498428866,-2.33421075466512,-2.54245825929681
-0.692645425942233,-0.11568243568237,-0.551795734076287,-3.38329119166321
-1.91097007115054,-0.699378629093869,-2.34133100112502,-1.3549695566287
1.09867340987235,1.24971815817212,0.715037190153221,1.19928655880877
1.71954170616756,1.37545587550954,1.32960172081545,-0.436286309626754
-1.51483833095197,-1.52327053799665,-1.9125301709225,0.20155452638143
0.157355821235562,-1.19323024636583,-1.19716773519246,-0.234109605871958
2.60122817952942,0.370263130766122,0.236433092515276,-0.697633936293478
1.11483566734037,0.310449452968672,-0.762939904437064,-1.70566012023695
1.28565812197844,1.39405878220211,2.60965220883861,0.732635724251128
-0.727420621023594,1.33865439586149,-1.50246254679657,-1.08204717188962
1.45332539617751,1.21282513730859,-1.0880152334806,-0.357184098328735
-0.590155588360632,-0.46129555130615,-0.0238528323666999,0.109686867808211
-1.87708280998002,-1.86735436711746,-1.85636365410215,-0.233606144566465
2.51817217667455,4.13600264013145,2.72564152174557,1.68299844169794
0.187357564266305,1.41934415334127,-1.64293382178464,-1.0491498092495
-0.572097611980541,-2.39417135870583,-0.676037838797596,-2.80864837747979
-0.332871902910317,-2.50631522873884,-3.49729394692758,-0.18441426179268
0.624714203325865,0.0201960229971047,1.03019386533817,0.0657983134632963
0.318978557737049,1.35567813961138,2.3760988083822,0.535602643730403
2.33986773584077,1.94686787604634,0.700786831580988,0.277857059816217
-2.43002618815077,-0.964924947451218,-1.04318383012613,-1.73505836536805
1.41467070852362,-0.394958593225722,-0.372921050673431,-0.528470169985102
0.0221399602419811,-1.31623962589704,-0.340653846878839,-0.605906375800175
-0.4010597173955,-1.12137735889108,-0.340477601046079,0.661402290195001
0.985454263444998,2.19354432987042,0.827855874437714,-0.193288937284563
1.09993862622796,2.23743366866208,2.5954973344895,1.91783415214986
1.21198435519931,1.25312127942999,0.700491583811052,0.11662013804527
-0.438050864461925,0.648767314518176,0.0938190972619922,0.999537678850866
0.11107990382961,1.91334986153499,1.99394302642443,1.9028454303552
0.791455234758622,0.289644937882008,-1.31259611420172,-1.68883862539042
0.0723783161812592,-1.87081347635524,-3.02118108714934,-2.34037928597407
0.959836718479826,-0.603602741638373,-1.19468054533458,-1.35382157828442
0.755231981336741,0.548461787811663,-0.315937286212745,-1.32475399959192
-0.142828127443002,-0.367451245201262,-2.25019726512996,-2.25494646363088
1.41006922952218,2.21568509948222,4.59477423734616,4.63542713645295
-0.137986466477824,1.31038442529141,0.165314907028437,-0.346850908228502
0.886329127199467,0.80416650238726,0.162881402230032,0.362519956713458
-0.832207489733562,-1.65668820466527,-0.304924044140078,-1.33247225474341
0.233999159267598,1.58008890464092,0.0952475455397133,-1.11003345441347
0.292442466199403,-0.480233132839499,1.69712313432847,0.294916278630603
-0.7629009333475,0.332983276732324,0.15221963786704,-0.12653848887899
-0.898922651674997,-0.319342500929105,0.0938073562058896,1.25782145829293
-0.637477516747662,0.485498484875616,-0.744893100748939,0.589689092719936
0.51125593211079,-0.24222121493807,0.701985866655327,1.82282039753603
-0.136334374324828,0.707084284085229,1.04408850232324,0.344502897695474
0.111631764350244,1.03623226097758,0.046443897740452,0.0301449122332384
-0.132082098184321,1.49889333180625,2.86957496168934,1.63161298187662
0.437754885471579,-0.794352579478157,0.80085094877507,-1.17485174607892
0.108933496404473,1.30020908667075,0.658305290645748,0.418425883379711
-1.51077042605272,-1.16730367231988,-0.458610218627593,-0.452480527183216
0.124617723407281,1.66639534672454,-0.808604367799489,-0.901690812604801
1.75950654621677,2.77357575208475,2.99344609334581,1.69137564444862
-1.18757893364913,1.10123027997332,0.492219495664255,0.118023955097822
-0.497210701948001,0.343270355059325,-0.0344092117814376,-1.31100114459189
2.22204239046011,1.45499298120105,0.788884561938117,2.1883947349123
0.180781821059477,-1.11833683957525,-0.575871534190079,-0.712573165411161
-0.949904274332936,0.604130474571228,1.55228810465421,0.823635368678222
1.39115118356135,0.355333806448657,0.763746023847198,-0.531564825103693
0.462616901288048,-0.577153835418,-2.2376589319357,-1.32025759479695
-2.27304846758478,0.690040535257856,1.73600050367837,2.84179953547459
1.43532787526587,0.208052051103316,1.24417135489358,0.0683952983940368
-0.545118809210136,-0.820479829896283,-2.01141898589722,-0.502250981015459
1.78602841733397,1.23041872502901,-0.261288387429111,-1.13683408696227
1.33334205431454,-0.273686547362587,-1.96856174718715,-1.10115039910842
0.832465789039863,1.87672305840117,-0.282037056555007,-1.73702131076187
-0.912950304999007,1.05486375356335,0.481565590120806,0.0392317287934141
0.00256458898052672,0.17432228042625,1.24341889525029,0.534469085851798
-1.67324889944288,-3.25292244858954,-3.19958417575686,-2.25230476061116
-0.723591371003973,0.535694562765196,-0.272217525180962,-0.198270243630065
0.205378206159776,-1.54679270385293,-1.62562638497993,-1.41115221463998
1.18546000639345,-0.284083157218975,-1.65420273299407,-0.758622116622905
-0.0754020458174456,0.41254792124408,-0.864782275097074,0.33485059966701
0.910656778051508,0.633741364606589,-2.20009676995891,-1.46121390069527
0.571509464096631,0.533861647250724,0.62371762790539,1.98559574433724
-0.436285068348074,-0.0487926026264173,-1.11488537208962,-1.21904405556021
1.38078049731555,1.35277389527893,0.401819740011793,0.57167165431624
0.724365011787754,2.02480416315025,3.42177992394079,1.998981616548
0.668192934070545,0.901924832730204,2.01566356186722,0.00374537006332676
1.37357617933449,0.800106788202303,0.212303394700692,-0.670061697789582
0.047622355556852,-2.02420083753338,-0.648488702421303,0.26339796358681
0.82177488617141,0.868980991784775,0.974730570860953,1.07349553655736
0.125770731313078,-1.36433368161193,-1.39954181582167,-0.591738270989516
1.40840331473969,1.02853976762027,1.96759538338491,1.09012655347618
-1.54520285928343,-0.941949762017212,-0.401805525747783,-1.10075315347453
-1.01333265983297,-0.195865235893529,-0.31145406047148,-1.69262656195774
2.05558117042924,1.71060593913384,0.932520382210786,-0.159653782928279
1.16109191640915,0.13341890143173,-1.02516062572081,1.94935724421
2.26592056391288,1.94062761752848,0.820135536953203,0.0983336441720085
2.13654668239611,1.75409713243537,-1.0436637569238,0.700748589318632
0.491115082634753,1.26457289358686,0.931742437052771,0.933606896991849
0.650510281774872,-0.298548229099586,1.25962134081347,0.688106067473861
0.24765334279491,2.69630766553025,0.591381280299006,1.35926547286651
1.61814622169098,-0.231083516247208,-0.72357962081321,-0.569290918479429
1.97302318322642,1.60228450973468,2.73357316217714,1.7250482917769
2.37199428689086,0.92539602495882,0.618526373962243,-0.483394599811427
1.11556538222089,1.24070436604076,1.44090144360355,0.736647503842421
-0.117500274967437,2.86356797013439,2.18971626280074,3.18977258368618
-1.17403325822317,-1.02011765665225,0.103286687157938,0.0796600209804546
1.02026397819119,0.139464240001769,1.21407226368823,1.02317600579761
0.654370561924966,-0.458932630222992,-0.153272516062941,1.13643118332983
-0.0919621785410484,-1.09413244752866,-0.846042965353535,-1.39128847930744
2.50297917134793,0.134868150505478,1.19175401417446,0.952987072909127
1.2504695110897,-0.202213817572735,0.449810258138603,-0.272106344180015
0.829058343714559,1.77382764099749,0.222046308640387,-2.20307585073768
0.00277280552927628,1.10678708667341,-0.747240473105295,-0.61478969251784
-0.415587297690542,0.244543229301329,-0.941165108819296,-1.56815285679874
0.848945882857922,-0.438355087580816,-1.71036203413424,1.09868283644101
-0.542078919942726,-0.524059591321573,-0.0124845901464942,1.42343407466606
2.37581753877794,1.0477127831933,3.10352143220478,3.04818788658407
2.062888332951,1.9143663216033,0.327695907859033,0.724808511067388
1.99057977116383,3.53232425145911,1.43400380793956,2.20790263302715
-0.677475200720657,1.87287729251494,1.15283169519135,-0.0291565321888921
0.244231193011747,-0.358188364330157,-0.589964328741143,-2.1672332947893
1.55124267541154,1.30132119821937,2.3373582137089,0.162888404904548
-0.56309780274865,-0.139903629015588,0.289286258622713,-0.466232379251032
1.31171779079156,2.18265601380156,1.74587842510954,2.35359271487899
1.27332312618224,-1.00134494929631,-1.72020459036304,-2.09416786408111
-0.249409961862731,0.545357266093182,0.122035303241383,-0.419837238055612
1.83367017810508,0.407498942735281,0.825045506093372,0.806752869597837
-0.142061122839133,0.245518896234355,-0.0455515375773271,-1.01269290384482
2.08106853235712,0.682951803217622,-0.18005505577501,-0.214446932596504
-0.577060699560545,0.635003318999945,0.69872827232355,-1.98746543244292
-0.858225583416283,-0.499024017293937,-0.258877873983494,-1.2867882443191
0.18103592170465,0.0482456835933344,0.764993572876301,-0.246294254289335
0.0630136521408617,-1.207143988666,0.792848174440758,2.71205589257826
2.22737975130988,3.66875496449834,0.237920825477142,0.250784429072714
0.543034138042319,0.449234373036431,-0.200216155926261,1.42508073529958
2.54584545035956,2.09213353781204,0.549135450295174,1.04261480714786
-0.670320471524816,-0.253973698319152,0.657754098633107,-0.167422515133058
1.7843578966288,1.61203008137865,0.495246341474017,-0.449348583325724
0.773134702969099,1.18405165403213,0.938453449451113,0.840757000973742
-0.823998321564875,-0.197404706114572,-0.0918785490670011,1.00854915111789
1.4032182831489,0.32779906718478,0.346493932102798,-0.133618215270026
0.331782364807203,-1.10292678498187,-0.834613491701674,-0.278849250426208
0.143049585466995,0.140181700649359,-1.66442919544308,-0.105039214854157
0.918901125557401,-0.267515969408517,-1.21771352364446,-1.69406498197329
1.12467039991835,2.66878956508639,3.24354903045391,-0.295613127785754
-0.0766954887780416,1.41820132695515,1.43406619005392,1.03078563410821
-0.099196028029281,1.20961444871871,3.49822320571514,3.202060064855
1.06872944598191,0.68847842867272,0.525343939719199,-0.182271260140502
1.45641216876958,0.481224031141793,0.539297419841411,1.57167248241312
2.68712050431571,2.31385517432709,1.35728927795213,2.17854461228477
-1.31896041278616,-1.31648610165861,0.38609649212885,-0.210432447233341
0.311414103226249,1.09191573813461,0.830123136761464,0.571005661680314
0.708255212074536,0.582181970280311,0.273042933804339,-0.788830189371205
1.42040651037279,0.778247461381434,1.49438782280288,1.4365401776869
1.67533728437304,0.45976710503633,0.204954985240128,0.237825227194979
1.44700768055321,0.983916067890797,0.706130631119364,-2.04251361805694
2.45825209859231,-2.09917170564657,-0.902099918172153,-0.0857046214988224
1.50855246493998,0.595942448995469,-0.948847936087359,-1.32014109400548
0.849775392695628,-0.12639227478455,-0.329983527821833,0.647824227350845
-0.917765026307602,-0.516184482549957,-1.77096516677183,0.0563199582098755
1.23257132316406,-0.0485500596523157,0.44738341918325,0.660420544800185
-0.0487666086601825,-1.36748573152905,-0.453977661611879,-0.244523684177061
1.67114563576916,-1.3700368068345,-1.16860323643847,-1.70825506483162
-0.0463063560265004,-0.676277505117092,-2.35959229979221,0.449168724282668
0.699111869679883,0.230384579538507,-0.193402355788498,-0.787134276968069
1.70330407770959,0.801498814389781,0.28341973990353,0.611093625375459
2.46914089537878,1.1519086505104,0.428073108275572,1.5694835702768
-0.8019610555326,-0.330646011506759,-1.11186273401617,0.596929600920751
1.18211715271565,-0.101853795700929,-2.69259962736455,-2.28399578376242
0.17235994036377,-1.41759841271666,-1.30252564541866,0.29408437893888
0.890924879078681,-1.56076416458478,-0.187436039854295,-2.17066036855342
-0.400577752856855,1.06546844183074,2.93045338242519,0.467671384661188
0.585456744924732,1.49352687800031,1.7791725027937,-0.85516722795728
0.482597588477643,2.20638251129912,2.5792085421009,1.11162610167226
1.66110822195594,-1.70888310135178,-1.68745482376311,-0.430884081027881
-1.34701684529635,0.113491993901836,-0.575015192819015,0.831906886541693
0.314775965680105,0.0236809375108381,-0.501874854464177,-1.23462407038841
1.82055805615902,3.02958169045056,3.65675146551841,2.84991071089015
0.238493904736033,-0.0814944108680049,0.65429952607525,0.911988637699552
-0.662821131858302,2.23379331015789,1.29929686241582,1.7524519082777
1.23096468711271,1.20840890527903,0.798840141981586,-2.64497057653439
1.69810821932448,0.95210241834456,0.0160524154263469,-1.15065464512395
1.60710564368155,0.193602699000721,0.679500304818612,0.830752483858594
0.217341067008874,-0.120885573356277,1.75136031819737,2.25766356953632
-0.553531081035715,0.324014131507057,-0.137721817255654,1.12582020783292
-0.164827432188353,0.624938440364565,0.0375944741526587,0.770861791957532
1.46088188539081,2.42050124824279,0.0135696520196533,0.290899047494252
1.60487052603455,1.72578300835517,2.02946475964037,1.87774416822032
2.21726896966739,2.94452005102831,0.20075415146078,0.342002190927917
-0.200692012003998,1.08370940632082,1.23742204320557,1.05618716845521
1.99322974521921,0.777320139175457,-0.402037231344612,-0.492698785600154
-1.60614172292666,-3.0644926961039,-3.07641609015063,-2.61480746908345
-1.23697220352059,-1.65372408608305,-0.896027597580242,0.512504043138961
-1.112862611478,-1.40801579929146,0.499906212318437,2.11785435058011
0.168683909297834,2.0474958527349,-0.0364069829446634,-0.118444137478851
1.10938840924076,1.20632083823286,1.89595292668056,1.51935438247187
1.80230998542127,1.13251262417046,0.732021424206006,1.09925642064261
-0.131774967920684,0.853777815785733,0.107057397144834,-2.07807903048757
-0.0817780245415317,-1.27260409024954,-1.20244986026878,0.713096171770209
0.50332271272024,0.989149687299625,1.58728289389961,0.485323252267868
-0.883975207179835,-2.10783324745649,-2.76957201428045,-0.814502234978274
0.145558274165458,0.396087251757616,-1.5473079710521,-0.240310769537928
0.231214912686901,0.548570101683472,-1.01589704060196,-1.35501246821862
0.963667919916331,-0.43448991840683,-1.29460251848408,-0.268776336726201
1.69368816262625,0.656544408424325,0.52362819712856,-0.188997996526211
0.0105674546054666,0.953784195375151,-0.416520715927639,-0.604717017863322
1.28697789198924,1.27064857141573,0.657434216710877,-0.508707291631683
-0.485356411729544,0.537351816504458,-0.349445338283128,0.0769518234655317
1.27521592559142,0.151844000490385,-0.720081698946053,-2.76038647457172
0.612756634005917,0.719956100254066,0.49330453525928,-0.302161717310351
-1.34595745953716,-1.01615913104787,-0.548030082350985,0.937787598798622
1.72885941111714,0.466306900728548,-1.81476609408768,0.282658263484888
1.80674479114982,1.80598616539106,-0.826066620796632,-1.22698738085683
1.51519461512081,-1.93988036567721,-0.92299166870961,-0.791226818456015
2.65034475266528,1.44200678788633,0.64590128619443,0.78288970351163
0.283236713410038,-0.703576053024701,-0.72352352207998,0.926222883558747
-0.162742487995959,1.27585954144118,-1.07657409070073,-0.628822558260041
-0.0881462446348558,1.32293953013038,1.38760000162386,2.16571506450811
0.48654915204694,-1.39607115867274,-2.19423601819435,-1.06400789814342
1.11066016975846,-0.486222056372192,-0.228954794651055,-1.91403460529497
0.0429060482057533,-1.04634917762742,-0.190247735853704,-1.43525909685358
0.126783136382005,-0.112627690854121,-0.544843383278609,-0.260331724407889
0.161375973238442,-0.19178713199962,0.97886278171675,-0.489151531106407
0.570914355626602,1.31436339706719,1.09624403154632,0.0398556119011089
1.16333986210387,1.71575663405043,0.404228765414554,1.63974455380446
0.692225746351951,-0.616898183590384,-0.463505817648389,1.38116191926838
1.69240708606138,2.13946588354296,0.779242032501471,-0.0160208888133136
1.80011212302389,2.11446989900174,0.195873765582754,-0.570529312557043
0.411552521684747,-1.28146286644907,-1.22252072653092,-2.85117307645769
0.241279815334252,1.30906763414737,0.355118497823886,1.17330276580185
1.51130075741313,1.27041675923423,-1.32460243331119,0.31242547398146
0.4643952349665,-1.20081353658179,-0.00164334018118495,-1.21269357756727
1.54980772164909,1.34717194469567,0.913494369222781,-0.401619090628702
0.306125613346916,0.604159803504788,2.78292564739817,2.2662586993067
-0.873614646054162,-1.77502520110883,-2.52959666145787,-4.93250257341047
0.362704386141058,0.0821391359090843,-0.558215729473386,-1.89823702443811
1.50720465670148,3.07805867084357,2.62665513764878,1.74076827439012
0.485455284447599,1.64764429245388,2.96406085234807,1.22500290553916
0.346056996771823,-0.259931844570222,1.52276286474634,-0.180820335067683
-0.359726140582299,-0.115635769372972,-0.24933200683417,-0.176147229980351
1.16112739174886,-1.32907283476366,0.758601409943079,0.189277825168993
-0.979091348584233,-2.08082537780184,-1.44445951618832,-1.01060759873715
-0.824592599617643,-0.540710960891702,-1.81588913023427,-1.09109778123705
0.771910427909249,-0.51177152483976,-0.908577662035277,-2.14947333006236
1.11258486445337,0.80583043481087,1.73080951170165,2.07160268376209
-1.84843634177291,-2.57905982943705,-1.54986891350618,0.5467559603856
-0.237704314431989,0.688885602152501,1.74589237275675,1.13260436381879
0.566339290178691,-0.664137233827466,-0.356849280070496,0.819764522343902
1.84715897313102,1.21580222207566,1.10593139391833,0.780204488402399
1.91526351293594,0.764142545819757,1.06904104224121,0.615129377546132
3.03680094486322,2.87653220545794,1.28767112187592,1.89027928966499
1.02923487093016,0.697473663217179,-0.147393178554199,-0.364763465498953
1.8242697255573,-0.262752520991243,-1.35378692967287,0.0919137222876887
-1.6889033386615,-1.2850081952765,-1.57409617488273,-1.10641346789339
-0.14376438049312,0.105099110624152,-0.3781127813274,-0.154755029465277
0.333599910072208,-1.80400862300702,-2.11366660055754,-1.28614062578934
1.4552089420256,-0.357324184291602,0.965116431422792,-0.911995821832664
0.248772290241171,-0.433844074467093,-1.83785090498177,-1.98044564731565
0.633363089251502,0.611004656676989,-1.00661928401829,0.489107838065169
2.06361621228667,3.57103334901243,1.59714543704761,-0.371737443688316
-1.54741744254082,-0.375533853895167,0.467523403247226,-0.167985829245739
2.25943362739362,1.67896492940538,1.48726864525725,-0.498358315833229
1.53032773038838,1.54304466949397,1.62694604471704,0.202442351140591
-0.268911812737904,2.15774500649298,1.10444918804966,-0.661490189074979
1.90039746126947,0.461424727235858,0.391969062290828,0.787944320422568
-2.10403947818598,-2.04747420673936,-2.07827173934435,-2.43350225924416
0.598248955460574,0.193498221815559,-0.510742042286092,-0.726865560279788
1.86958711813667,1.23814558940345,0.207082777494481,0.603808983220898
-0.196106349500803,-0.298278028955661,-0.816276345883914,-0.575773168521655
0.507131188195066,1.33052216970309,0.899961931536833,0.713893382045649
0.468270382537699,-0.258717892697592,0.224601309301769,1.11694962434471
-0.0491146830264786,-1.10693220631566,-4.24232319337963,-0.828302071909641
0.0554690765525989,-0.181749837558938,-0.497857918900536,-1.34424943544931
0.149700192523716,2.27396111007002,2.49783851200295,1.51476478702498
0.613872143323123,1.85750300297226,2.34774696765426,2.98277910917802
0.193207120358431,-1.50730994934211,-1.51920164698403,-1.95408968978203
0.814221742007605,1.76139578932774,0.489205714727586,2.32110799114593
0.574644001616604,-0.156809492800287,0.0400699270947871,0.868869016018087
2.27946086815114,-0.113254780479853,-1.66316506101705,-0.961834780887736
0.809741233042879,1.49776810989159,1.31494869294531,-0.347438377853539
0.138141458785118,0.720001352856676,-0.797177430285913,-1.53658015089737
-0.577878359006881,-0.930819592129906,-0.79437934564728,-1.60550197068641
0.426271419286356,2.26750348568624,0.785133460797074,-0.110877158423803
0.231060904452717,0.453401688354671,-0.201072027622407,0.323083794714422
0.262814786013551,-0.642832929602577,-1.1254136805079,-1.93820980750994
1.4904788181437,0.810235079360025,2.04762155817502,2.6345934017852
0.124511889867603,1.02397607745764,-0.201551813769744,1.27104620049358
1.82011194978954,3.09703424397045,2.71452090799845,0.677443392001506
-0.0322267076060823,0.288321820467336,-0.880388559513956,-1.01594847745266
-0.693890576865536,1.24552420520482,1.08456709547293,2.04598214752325
2.04880167449275,-0.377195016493537,0.219669393012602,-0.0172301496854912
1.6144960442267,1.1347192749035,0.536711706975369,0.0622735220987025
0.679153566888115,0.796642029972925,0.552597106800032,0.414632223366658
-1.15286576619192,-0.263085317842371,-1.36531460514812,-0.486380037883025
1.17641170519803,0.822382710717948,-0.105976442056081,-0.557374880935245
0.797026698509128,1.4496352284164,1.07329275445654,-0.362018801743953
-0.825492973994688,0.863336608006769,-0.805568866703845,0.0602973778983669
0.280245723710814,0.484365234474278,-1.80107555878047,-1.52940512021883
0.596104643906402,0.510463411225767,-0.46203249481685,-0.80231839653132
-0.68635328758541,-1.96425739949595,-0.25407332568495,-0.796628903422036
0.0358884548097593,-0.591867877845196,-2.09414909894181,-0.574828054903812
0.603501776358741,0.835505916081528,0.17364396013386,-0.464866391267562
1.05502459051626,-0.629360892901249,0.40388340689866,0.283275245626141
-1.85425832467588,-0.169107899066462,1.33886523543056,0.899613838285464
-0.510529003871081,-0.396364080707423,-2.00800188464807,-2.21281466068729
-1.05859164544246,-1.85098101270312,-0.0928893179115238,-1.00247301741852
1.09210028700006,2.03760645774281,2.08546956299429,1.85236882495554
-0.0187040018005077,1.52140780915393,1.24424912248155,-0.471287320004581
-2.13681466768032,-2.34566617440851,-1.16849069457414,0.0264642377696304
3.98908091269554,1.96164334904897,0.572675985935563,0.910592259616074
0.292012376608003,-0.00594160200837146,0.422012066920359,0.257906856482853
-0.0151672173406934,-0.659992283769071,-1.91665157964975,-0.387404251453156
-0.177783782643551,-0.182168181362685,0.491769211237897,0.135978449754164
-0.764908847990146,-1.02478021118772,-0.277933771651368,-1.57257125974361
0.765239657389851,-1.34133062939304,2.31699902691283,-0.392351978393082
-0.480813069202267,-1.66506729724781,-1.66303012071634,-0.677410729895943
-0.974570469926707,-0.0776979205699218,-0.0776754776967717,0.38545280686051
1.91639269820387,2.20759932391797,2.61977204727517,3.2887859221228
0.221168858684755,-0.0761479482698041,-0.695416944374541,-1.32464817694993
2.42321366839345,3.08531271248064,2.6633793788639,1.27648800127449
-0.761680479606284,-1.0352836725418,-0.923952677433579,-0.550329571620027
0.022272036847455,0.55742061064736,0.42042044612789,-0.557404733921679
-0.387994559117335,1.63826215163331,1.23708935968404,1.3192497108925
0.0630364637785082,-0.0795860619666173,0.254742066319199,-0.7124213782884
2.57392803821776,0.755595328731976,1.44305996223373,-0.0510109337778191
2.64830966413525,2.21431274717435,2.82125029858776,1.66746550556271
2.86168557380261,1.20080243248314,3.16150073357134,0.89063266287328
2.06877759679404,1.65434397408351,0.677657083411132,1.7351948840472
-2.6521418624671,-0.817085262296905,0.782311496484746,0.619089878034227
-0.506265190426565,-1.43142377441626,0.539831754960443,-0.874829869013228
-0.676739648516535,0.805962324352776,0.0955005426423335,-2.78024323553939
-0.70525402668725,-1.03716813141134,-0.226387410620535,-1.38091671376935
-1.22956498460752,-0.169194973217755,1.84807197980153,2.55497104088239
1.77195143750294,1.12556820989399,-0.0332075154771811,-0.105948985434209
-0.920749425356318,-0.427686495366751,-0.979477670447364,0.218330864378651
1.89244038228882,2.08796552926102,0.434867638592375,0.534059068506987
0.838234413113936,0.239804900698228,-0.42974138342474,0.941624316539931
0.709186384831874,-1.66437191022762,-1.26028059660258,-0.232825503692099
1.77411180386275,0.918345879272875,-0.656976604278499,0.182643065644665
0.603454775028907,1.85780018191572,1.62280938905456,-0.180283188922863
-0.103427136590604,0.901289763827033,1.48988053336599,1.95280661595781
1.38210509613787,-0.54317414690287,-0.138144968677041,-0.643954728590368
1.23821076306718,0.417646767751199,1.49621434569881,-0.544598606884898
0.768532063061211,1.33048193673716,0.0263757213588086,1.53381660518956
1.11277996151129,0.0453283223877496,-0.188671816197316,-0.835653258305551
1.35519445433609,0.163756218387483,-0.47099923327278,-1.40825238639753
0.333744494356823,0.0478885067006604,1.3467788021981,0.899737967002266
1.45744585685263,0.963162265364136,-0.933393930884515,-1.07332393993945
-0.0181059552096262,-1.18726523999758,-1.15089369083541,-2.0831664799635
-0.0907068805888938,-1.45000247580482,-2.93947216830273,-0.204197215205672
2.73094170740164,-0.555064232361667,-2.11133004260594,-2.437123975614
