"V1","V2","V3","V4"
0.147982513728281,-0.0893890870685336,-0.336357445756591,-0.4847615181933
0.521196832570545,0.646868839813211,0.357316837892295,0.0383204931414577
1.05977574116773,1.13483262538215,1.05373244289383,1.02276478811083
0.781964770659986,0.308413790431754,0.00295610380755795,-0.155039950539845
-0.397224601498365,-0.257583255664513,-0.226995145559648,-0.219134022723646
1.34586150016239,0.782832925038672,0.185905497673963,-0.256805173335096
1.64064938551995,1.61072143076007,1.41472948825912,1.5385198632895
0.128566619105786,-0.229185071079468,-0.340813253990789,-0.500600953206071
-0.294614549157363,-0.305598169548225,-0.363448225577768,-0.43135837899315
1.15833614797538,0.786003364725817,0.438243865599472,0.182138094620504
1.18708363931872,0.968730364773309,0.825673767884061,0.950959315367303
1.59459053286841,1.5501104339492,1.42611189233683,1.38208469140426
1.64404696615899,1.39725678333737,1.06672365435109,1.09251008989197
0.556577543247592,0.0310440762692609,-0.208781030561903,-0.435452978267062
0.614704760288014,0.753801610808509,0.499851236550368,0.196207988001846
1.4828547406411,1.01290365157835,0.628512683313111,0.374331073044103
1.73981544557714,1.43162109100392,1.07897376655249,1.06528570112835
1.16694680780858,0.872418830822302,0.606460359335742,0.453851115710861
0.418149017642486,0.256130428413709,0.0875557185066403,-0.0412877361590918
1.97883942700946,1.76023333888534,1.49034088209395,1.29545609885743
1.1008002848794,0.608214989020507,0.412457333088154,0.17097280623343
0.633671158902264,0.794416147426287,0.703800969393362,0.68474114465714
1.32776988677206,0.897194448692523,0.340985023419203,-0.127208158854424
1.02209722532795,1.097754995469,1.02135000389532,0.991209118820043
1.42151370678924,0.974100017435023,0.618395536694772,0.419497706180105
0.274209515362177,0.0461140213858014,0.0385767697824962,-0.0786308312741111
0.40710274406667,0.420507827864928,0.430932692693094,0.617173322532596
1.40788598194186,1.02035031220804,0.686606161765344,0.502675724951848
0.664839543259498,0.561986943679444,0.486772196662489,0.578873028421355
1.23503045573041,0.92951669893488,0.581572012121822,0.384715022370393
0.632713845391273,0.231647311802913,-0.0262018882784907,-0.0355251617130711
1.26298563341068,1.19431364377185,0.778543135900485,0.355354776589711
0.323139733858871,-0.242620389020868,-0.482655423451929,-0.740853566647364
0.185216820140895,0.0842760541250548,-0.134340625906958,-0.0383376565876365
0.99646978925857,0.667560417446292,0.457854072380737,0.525349970528574
1.56822233276977,1.24974233365216,0.852789948122857,0.487484881520961
-0.0123572741028903,0.0731248987082875,0.00193368532129418,-0.0183081236663733
0.609306277523703,0.289802676440208,0.103458639222486,0.234547981450171
0.530659883748614,0.249626018766041,0.00967632900154769,-0.149843703414672
0.335638027371749,0.174585032267802,0.06418633344546,0.147589197043807
0.670433170412115,0.216468813612223,-0.0691667736133576,-0.298626125413945
0.801891611915829,0.561025836227115,0.257210730829965,0.260406188972329
0.489897854700447,0.279895324504997,0.0039308058870724,-0.119175619797385
0.87010107960608,0.596847347790538,0.26754847144788,0.34131864130081
0.7605820164571,0.791609875072319,0.671711865093258,0.620236221117692
1.00164734785999,0.709887973864401,0.410193426318669,0.23539328667026
-0.0916384253119886,-0.239794151886505,-0.214601359096141,-0.30226496255755
1.01542183074499,0.717577193443596,0.447467924684671,0.252447993462407
1.54916758782594,1.27757414132985,1.14386506697668,0.971940651300458
0.460396897694165,0.0844473972185749,-0.21740309258908,-0.437606138596387
0.749053075964691,0.560834904336841,0.420814389545699,0.41822828611137
0.789488810649494,0.690196176088734,0.623590093303425,0.770445824706893
1.90562471800685,1.54306273634041,1.18748929784632,0.974716440137529
-0.12655897144621,0.0428084256429951,-0.0497631266862153,-0.196665842420345
1.21969497260136,0.799951094025164,0.410985771332191,0.312480858061623
0.867355566582259,0.74299953459722,0.417051852497448,0.624312495845425
1.40443210169179,0.900392532751887,0.497045835363148,0.257343160508212
0.173838620120527,0.107247693210954,-0.061606627417932,0.0396323146180652
1.44852308562489,0.84233802278512,0.250647500631063,-0.216999014272602
0.628540494123758,0.569114709571827,0.253110645487783,-0.0430074897979017
1.42521910936186,1.09924387255734,0.922883818199467,0.726001886880907
-0.405403292555071,-0.544269761738668,-0.516429346296098,-0.595534471603704
1.16447269057031,1.15751353507308,0.773106286168842,0.396348593187868
0.761005551704831,0.436695115863175,0.130985082221309,0.0788933436669792
1.46087912155646,1.34475200529493,1.12192467356713,0.996963744254354
0.798079100987687,0.351827299746985,0.0845681664566825,-0.146737093777289
-0.00585582970064569,-0.0358541649356339,-0.151971572396914,-0.208211392532594
1.47307925208886,1.03552722340757,0.506726212991415,0.0640520142337947
1.3462815449345,0.944080023063296,0.37438000042677,-0.0951512893405807
0.871785738238317,0.615126205961285,0.28385111713504,0.387348855220621
0.9301631797824,0.422630149229906,0.0421090440930791,-0.112948243645267
1.26085370829032,1.14065456773489,0.734581796980958,0.362197426326842
0.553277569211008,0.196591038382318,-0.062090472290293,-0.232986926055332
0.401305565237209,0.531958584349715,0.344276957450372,0.114335491099007
0.954459377405603,0.932738800206858,0.798376771200197,0.873214406388627
1.35811013367468,0.993825923365977,0.566291525054426,0.644841739427157
1.49373197439949,0.966490127239497,0.54372204646061,0.351263417061568
0.891939194740583,0.429064307404372,0.133935330828391,0.01400948801187
0.741629460594959,0.313532323601593,-0.00564803693874738,-0.135785590782919
0.932054571301994,0.645425523337702,0.453252404717273,0.507751069173948
0.351506694646693,0.0872394490383956,0.0603368007809744,-0.0786267141907269
0.765982235041354,0.660078741369887,0.385173200143087,0.54373082569365
1.33327123078438,0.907978918567238,0.542487131298267,0.270562727555263
1.10932333037093,0.730230572421246,0.347671537063032,0.349133185155543
0.687670258505882,0.943243100014163,0.944932247155573,0.980743933345554
0.667426924883849,0.507028721855836,0.321805947527537,0.179746816507832
3.03095334436047,2.66985364945285,2.30204372585923,2.05749325421828
0.460047652093116,0.0217777695370055,-0.100576051520602,-0.303006411235427
1.83142229834207,1.50169892446473,1.06616823769193,1.19908643941251
1.68922364623505,1.53780937748762,1.28668075284323,1.1433019222049
1.62655687967033,1.44232581676374,1.07007713736952,0.712885261355956
0.261072702423777,0.412887762636245,0.368827557835983,0.36836026903751
1.11292751094517,0.724540301717902,0.28187821269283,0.369320274423975
0.950302634895177,0.553110783134824,0.227759853619588,0.0732919805930315
0.994350544960421,0.780029317616213,0.548497885373781,0.402719645277285
0.0992382261098229,0.00559874750848971,-0.167761893657283,-0.251044877669514
0.426614032678624,0.25049306426957,-0.0655657185869968,0.0980695049136638
1.45461369508519,1.15627685186911,0.671036349058919,0.240743294078387
1.90649715248034,1.68974626582015,1.17676991273739,0.700520579863438
0.624237367846894,0.443607102877903,0.054592969606058,-0.299055325611317
0.355618821293304,0.143200475504027,0.000201354293262734,0.017311888759327
0.737840212335997,0.659420955216339,0.406266358708218,0.56729716411008
0.594769345841021,0.317003134499027,0.142633390961792,0.20468744962321
1.21061413052263,1.26712742151298,1.07531202066678,1.29985246195832
0.469146523940198,0.125785357094646,-0.143456703176958,-0.315003401191254
1.16751264836314,1.40913557460566,1.41584152139738,1.68910891237126
0.932217960869669,0.842168245390053,0.6424051966629,0.720649349840372
0.984572274031187,0.63722562059956,0.282449324263146,0.0807273664785026
0.272822386758318,0.121747762493422,0.11515739117947,0.0169998301011134
1.00138681892712,0.932064816504558,0.886979870342876,1.03766360715738
0.786753442562018,0.262942488088948,-0.120406192356614,-0.368020050101525
1.55399937079962,1.17532179313299,0.788178488772,0.73763451288627
0.150490842306591,0.171019081418529,0.184464759792098,0.357803823699727
0.148008469639249,-0.161328779804945,-0.244106095368172,-0.386287313737682
1.28875775833126,0.92636094093073,0.598675269377591,0.380758826732738
0.25688648147604,0.189858820467518,0.147080922318977,0.312936484276253
1.00271924476441,0.613371421690909,0.294495562640807,0.16438417746576
1.21721945365713,1.06913435002312,0.832948328763754,0.701187050971718
1.39247556791386,1.78842404544237,1.86025658460863,2.25928109353066
0.281402570300778,0.0599025233061406,-0.0961424276052145,-0.110532600475263
1.12270653484148,0.942116506885807,0.823345177524419,0.925051535031864
1.55263654124993,1.36332085542423,1.0765452287683,0.9339003988412
-0.000307707402196933,0.217771143508919,0.204813865781455,0.225591227053314
1.45088357967471,1.0458285963304,0.57208850223745,0.179427326528116
1.27570001772597,0.807866613714316,0.547850384007656,0.264137187277546
-0.469702681200746,-0.499233095139529,-0.420942588701138,-0.455569973486754
1.50725124135667,1.23888872714683,0.91336774547964,0.861651447072338
1.53421970338792,1.36768337001743,1.09323799336285,1.14299678568195
0.810624526671138,0.504323371567226,0.184853622473932,0.156288303834748
1.8367798594107,1.57546134901379,1.07151276756101,0.606502381475378
0.132953196806023,0.143812452933216,0.0769705920475383,0.0232428162777423
0.416637578400241,0.0293439231864389,-0.095519614723684,-0.270768241692891
1.17519811272507,0.646233493158174,0.243529486670249,-0.0295902994218373
2.09885621245876,1.47570035395059,0.814105218294613,0.289647433642512
0.179806555812591,-0.151431627683684,-0.272936956987839,-0.427480210424546
0.841609720943785,0.802834147231469,0.696461378932396,0.654713285825116
1.54273666648759,0.880103456888685,0.393863916233872,0.0904512284268332
0.3654283484608,0.650721327843146,0.534402201532457,0.32545032788768
0.298616431526164,-0.0457376820005388,-0.259543794518229,-0.269148184092263
1.02413274846499,1.01689015329415,0.846201386279369,0.976373939007187
0.912683063625547,0.852842908554494,0.640900145841559,0.548521186073134
0.204917597737198,0.246321080533467,0.357750277379853,0.383313500823561
0.97747164667752,0.61931656175039,0.388812389442494,0.41280961049228
0.0359806968952114,-0.133763860010614,-0.307457446681194,-0.401098671991305
0.906261639850952,0.696943972260707,0.456741445105491,0.319083755662829
0.617018082480889,0.693296769931856,0.386409250745243,0.0602091589542365
1.33617752271293,0.82952219360629,0.33064020231797,-0.0611626304564922
1.21703587014474,1.09346684511413,0.694208225422317,0.331703057423605
0.702758504793857,0.865077725608137,0.783392155656861,0.639174378575036
0.212390883958003,0.240396276694225,0.147268347936023,0.107651693036222
0.781925297578059,0.511514216396825,0.267250242428256,0.151524199458174
1.04052140337027,0.560033984953571,0.226276762344507,0.0311322434185
1.07855842641102,0.697427868931455,0.546202619594548,0.316552138313019
0.858239588975689,0.489148495408572,0.0496659238529636,-0.307240940743085
0.919611391987999,1.01698281438047,0.931829398986234,0.902549625298395
1.29049471177951,1.09696520664404,0.891165353272033,0.777100562316163
1.32131017782552,0.884696517149897,0.521895576752218,0.256865291104644
0.647051466500787,0.309237007986897,0.0898635341008138,0.0726737127344358
0.959014596382794,0.607218231069965,0.363395428511675,0.30706953146919
0.767581294194579,0.887293496348513,0.786732426612139,0.754959387886655
0.892286417185734,0.597096309799702,0.325134611102257,0.129245239968177
0.246022991120844,0.131565152426612,0.0745027774288421,0.325970735304114
0.247232687770422,0.224600147949272,0.210566326160139,0.359196171176306
0.443278707080358,0.00739126939762796,-0.366419517382298,-0.570324926348938
1.13112684812689,0.73576269365185,0.451107302384774,0.305750742019872
0.419387099555411,0.239832600299434,0.0129806054330013,0.0322980173474863
-0.0599292819482659,-0.0422693523461353,0.079033727496835,0.0690676569458061
-0.397301222300592,-0.145091800113206,-0.304022498238533,-0.534297394941552
0.819840421541282,0.777469266216706,0.633541358013661,0.561046960376513
0.947624053680272,1.00183831239667,0.7309274274871,0.429461769810528
1.68650811565314,1.53459862917442,1.26550356046254,1.3300547606962
1.30351596516754,0.88676128284865,0.367244079180362,-0.0428994881787773
1.30314057998769,1.09459455316858,0.641004650268794,0.220353337945287
0.541083506942307,0.135648667696253,-0.0748510264976239,0.0391832032295439
1.13143415657206,0.894221958196009,0.733842239760945,0.769324433118679
0.0539774856274074,-0.121221132800949,-0.223144652369042,-0.144407029401378
1.68166000288459,1.69371192425974,1.41399139893017,1.08443585193793
1.32579924536539,0.719649758049396,0.254198098927488,-0.0685908100375707
1.29222790894939,1.02491291406501,0.960893476939759,0.812128308741947
0.89127386692732,0.483186881917245,0.312345045997123,0.108479397124939
2.27781272102618,1.74432602334891,1.29762522162732,0.978734631068773
0.861951207695779,0.537846521418773,0.236947040822696,0.0216418039414096
-0.0989361604273327,-0.123074888662532,-0.229557001513134,-0.307890061814867
0.589845771153845,0.446032006499338,0.351329380463578,0.446972181297359
0.973983041749541,0.806331130006848,0.55950370442413,0.42682350886908
0.625622698097385,0.382814261184116,0.209622037829631,0.197288159862296
0.325711888398689,0.114259814932574,-0.0965594307946083,-0.182419702827256
0.999145490992591,0.563841288134192,0.210951361730537,0.0384367449846389
0.810004274327689,0.30603551822558,0.118611395705611,-0.110237021167399
1.73099154470302,1.77090682910785,1.65087188785821,1.59235426548958
1.58918179365935,1.23069455735216,0.963494232340765,0.880946740509732
0.723689994391335,0.443254031471439,0.194396602608,0.0639200381996056
1.14464530062974,0.40977528031218,-0.0820263830599212,-0.367618191253906
0.389481048204755,0.368917815523684,0.222883829886311,0.327937150344862
0.572280193899635,0.428832535027661,0.274804827756525,0.154021448121594
2.28121985676464,1.96180925553823,1.62600546092791,1.45121750443474
1.14370825993502,0.713665971948719,0.379587285684494,0.170023236569681
1.08238210633197,0.804968119910672,0.461897291080558,0.541369771932762
1.00234747680144,0.889240267784736,0.692629507523871,0.716995453212416
0.439755172316747,0.464624630174016,0.342453871910351,0.292388435811659
0.814355473755382,0.629763008926881,0.462874193122822,0.320683196891551
0.602618143095053,0.246028846752951,-0.033943069327627,-0.21418747830831
0.690376433781591,0.527457912728756,0.2802375547071,0.15455617827353
1.3569043606945,0.98830498150978,0.591500278723425,0.566318944329713
0.578274505499186,0.334991970032752,0.0759572907150128,-0.0607047002665191
2.3814902928421,1.41384588183383,0.757647905581939,0.396403175759009
1.13037563081105,0.732047458965352,0.406862982015474,0.237676087693932
1.68535980358007,1.5786812927223,1.3776446172305,1.30593691147018
0.654112339704463,0.070657420435767,-0.206166048676271,-0.448749029174671
0.650481010276272,0.485813668020755,0.272261447525417,0.202676643971281
1.70908544841652,1.38315006540007,0.956276135734429,0.800526050723002
1.41735300948992,1.08513588621892,0.649583553280975,0.26332871834502
0.471256529162729,0.248032963045619,0.212415407928672,0.0757772011356632
1.07244123717574,0.95049545072258,0.796237695247379,0.672333059176796
0.0855787216937831,-0.125125947759128,-0.333391125600734,-0.460316633322971
0.899075084746727,0.697126343630006,0.420211683762086,0.308514757938271
-0.301183796749644,-0.0660106149576028,-0.107452295476967,-0.220650064566979
1.54314748491669,0.69677229013383,0.292533334957566,-0.0760667084854762
0.306066278724618,0.141476158469572,-0.040696033502223,-0.185822564892153
0.228190442383121,-0.117450604090554,-0.325474336882805,-0.322189002855645
0.174003817701894,-0.187109168612928,-0.484572742272545,-0.637765345343445
1.00522497570883,0.281631287699512,-0.188325624019033,-0.385531123502895
1.28207654778186,0.72324018256914,0.316516820772725,0.119181819463258
-0.46666279236713,-0.554558554517482,-0.684645233509329,-0.775485212943642
0.219566923629377,-0.132050145733387,-0.274107109079549,-0.450858121534823
0.61813186640918,0.268506275518967,-0.00223346360759888,-0.188430917550941
0.560261634647637,0.470633863115531,0.293238228223639,0.200109157340516
1.14191578481854,0.846639409837561,0.553289922847873,0.383882935152527
0.412966850086799,0.527287517233488,0.264376302782537,-0.0230768328467142
1.18853280548025,1.08611067271462,0.916531333923969,0.845142479710398
1.29461133655228,0.778657839334148,0.493874250377977,0.597941477156965
1.69461225956503,1.40809010753753,1.12048251050776,0.95448203899503
0.692277561142627,0.308659494559199,-0.0422358300764673,-0.22940414486444
1.38442284904554,0.83054604291679,0.380671430665475,0.113510365835002
-0.0245351609697213,-0.0550923794345008,-0.128335975882459,-0.171307802470974
0.662005786660524,0.662853144771151,0.525938199982976,0.472894331277156
1.8240669590438,1.40432496482388,0.945040097995126,0.730589961411048
1.23603964820853,0.862210254589936,0.476196007311456,0.451511817349609
0.842417301240786,0.741603275287697,0.674591802959079,0.84867183271596
0.353863933643822,0.474036740016387,0.452221741164407,0.612783242722366
1.19682554693274,1.08394607269863,0.695401707572993,0.319128349110432
0.984316852737678,0.841659281994994,0.572515266126475,0.660962161158757
0.400266130586862,0.217075034187467,0.108739504541477,0.294261652910227
1.25922582263416,1.39464400150689,1.19087598479249,0.920545680877937
1.02745457176323,0.780546297938183,0.523929426946282,0.348369941692258
1.18437195803203,1.21791243889588,1.16953243677854,1.16867475659135
0.89647342397026,0.948182904656267,0.710250935602489,0.442802481741234
0.59956522680614,0.0921373634623362,-0.2490315158577,-0.540937348027456
1.00040226326174,0.773860260440724,0.532802036864664,0.377286597397341
0.519600497166204,0.492463805583598,0.473152065064786,0.597199283523448
0.560609129074627,0.437758602631306,0.344755858831879,0.3679397651969
0.934707350991833,0.541606637838835,0.147790269250899,0.173794606008296
1.31940544299684,0.823535813956636,0.5209389646899,0.258344722698372
1.00788333349047,1.00684842527728,0.838424768360075,0.772085549693607
0.204622924713192,0.177757526585145,0.271231113906146,0.234813230503955
-0.00463495335500735,0.00897819318893517,-0.105901808064665,-0.156024692364178
1.02646579036684,0.894245422079994,0.662595739018065,0.530422794990877
0.628707676308351,0.631751074079577,0.475077837666199,0.60700513479694
1.62795500482024,1.39542307177335,1.12027503354074,0.94004575458928
2.21408700841676,1.87986976309901,1.5276226861492,1.31515937900127
2.23763522993339,1.91114098194475,1.61588098386629,1.39038478470303
1.2297724537159,0.817267474789125,0.491414739159843,0.307077041500969
0.717236883272122,0.227677683606198,-0.130584001163954,-0.366113426812513
1.01873733065996,0.537872448150326,0.177056114412603,-0.0452971162832437
0.77801591898482,0.471615334790634,0.115894205415531,-0.184891772955023
0.38697954943583,-0.026566665796862,-0.191926564876704,-0.393149490122152
0.605910360871932,0.380528601451975,0.153014298456311,0.0578786458800237
0.622643156719749,0.619945739530886,0.398553536712585,0.143501329049572
1.08220885652264,1.27013355930046,1.20765775158311,1.47562786372035
1.33070276717282,0.759211434366883,0.375788763458224,0.310675908561522
1.37111111987513,0.687885536618056,0.212578050822398,-0.0764027735239282
1.85333650948812,1.55622444215662,1.26239422039332,1.09264274713015
-0.58575828004907,-0.498207377398496,-0.572132705817252,-0.681559159420925
0.870904988507328,0.488918224898542,0.164312323406469,0.0644776845328325
1.00937741283427,0.755034325009338,0.498485179666966,0.357094033732735
-0.102956032679301,-0.0780847368021609,-0.128972547627174,-0.177120039772473
0.174239944479278,-0.105480582512802,-0.162248062915847,-0.2958560746114
0.0182419420808286,-0.242962174635814,-0.297616703601408,-0.421387221433594
1.33903951028577,1.1934173868728,0.792310727709766,0.40956326296329
0.697217824326513,0.544137725992066,0.315326541052175,0.19901573151368
0.773044290081881,0.457560686966006,0.240902832448144,0.218943257918646
0.316854514318372,0.12941867926434,-0.101971968857297,-0.223098908743642
-0.0322870401582238,-0.135068372032052,-0.388369797789532,-0.646563575299246
1.10199822107173,0.8930990861194,0.417882599804856,0.0151262540791023
1.19892267164115,0.682777827201416,0.296530355533971,0.114886143203599
-0.671191826813533,-0.691411728777509,-0.648956182096737,-0.667391308818933
0.169019783341471,0.0241056931449453,-0.31401624265318,-0.615192176076518
1.03155215700075,0.998584507318112,0.622759964808991,0.269144663987406
0.680395567076869,0.233178924404376,0.0388081276095828,-0.168470364354073
0.520286429688459,0.140727653328463,-0.0666579361611751,0.0295350248942654
0.954836942016043,1.023202477081,0.919043222585964,0.877090526185261
0.821573912188261,0.242142529817278,-0.138387193803183,-0.252182467572425
0.0737315472152693,-0.176642811017411,-0.332924124441067,-0.3301556820871
0.704449453814164,0.242815949338624,0.0148750212228751,-0.205496305320986
0.44161248967906,0.386395761391985,0.253487081290307,0.144289877304115
0.769695757906915,0.855734869356376,0.756827780457705,0.7232085074343
0.612134940326704,0.357726101087723,0.144439490810878,-0.021485517482997
0.886433959894278,0.630394351046047,0.379350085578253,0.24752583061133
1.68637764019654,1.27688353615957,0.923770079854499,0.735956316247085
0.63667064837683,0.66289198908914,0.537091500996337,0.479048820507766
0.316002128062275,0.133232577567807,0.01256826657145,0.0721235732698553
0.141434566175838,0.183746901951445,0.0901195756548385,0.21358422832829
1.20449565200903,0.904193327160193,0.625911105952025,0.441736370806277
1.15120510985822,1.04650044576793,0.816523400106524,0.91292741750545
1.34736878764954,0.835750369456591,0.384107940196679,0.161416647519865
0.950028510133357,0.604807969696916,0.313500073628699,0.104101355504546
0.713810858855123,0.564194986518991,0.206443074826732,-0.135038018939788
0.905540334191886,1.11341238086042,1.12714464419603,1.16584246435761
0.596596824709941,0.193995710690348,0.0769559858569646,-0.123344475895769
0.496617863855041,0.36909109738193,0.186274593578726,0.0853190799996281
0.844641693064948,0.31177335310512,0.0685732260635109,-0.161131591143633
1.07164123753933,0.633661451812113,0.28218241155871,0.132532915572791
1.87241370097337,1.43763742632734,1.05925555891108,0.79102136097479
0.817660532949396,0.60521385608087,0.464844589850541,0.520546852544436
0.813266203167732,0.514391105319528,0.19429103555585,0.0405088089192737
0.752087802550772,0.862429757033314,0.759997124620997,0.724619193058576
0.173393400241571,0.0941048702644997,-0.0389820070053932,-0.0964447283019697
0.619060230972559,0.435345017953384,0.144133281651838,-0.128512606791514
2.3934648301297,1.76137740337897,1.23921675680281,0.916044596122891
0.0793693169338597,-0.0607517052367866,-0.0997803534434979,-0.183269005903696
0.888106592413928,0.590191651241202,0.230948798116823,0.240484924295613
-0.0943485274396266,-0.209079524134881,-0.18694722425788,-0.257579172557538
1.00219368250382,0.61335377824276,0.281374476216074,0.100946857949135
0.827340787845001,0.981445618970294,0.894113741253625,0.874107898977152
0.0245496588640408,-0.340365026831167,-0.543112867707277,-0.581909553860578
0.981177352982175,0.372947569438853,0.0379007179565571,-0.266287332328661
1.10471736808773,1.04523250427018,0.933028885261006,0.831648470165858
1.56357854948902,1.19591025815124,0.85442035338029,0.682811956028372
1.25344771218908,0.823440225658328,0.451617554400737,0.178568931328524
0.326935535816647,-0.152737035371444,-0.478662573185451,-0.661065339150952
0.429122286582089,0.179586211660885,0.00211196222430743,-0.0155041853190613
0.0270680218583805,-0.417075598614623,-0.571428792451134,-0.750910931303565
0.423687614968845,0.0178189146600704,-0.281610690396435,-0.459916028973108
1.51380203918228,1.28794911575995,1.00943415579698,0.843542172753911
0.651280852827618,0.721260816344311,0.607762491661969,0.778320314756228
1.6410602401374,1.27259857541116,0.942800836990819,0.77826040342855
0.635316224510682,0.332098375591758,0.117973107286388,0.0585210716419399
0.225718933624269,-0.176851126832292,-0.272952843918351,-0.440515619613741
0.498653364150952,0.350171239458747,0.124192227944737,0.0232143717731565
0.333354836791623,0.0773168056276126,-0.141955956059009,-0.286721791352384
1.69470229774372,1.55855886071228,1.31283194339022,1.34782962873449
0.535494117641754,0.495158755323637,0.328409586576716,0.429700394598457
1.1524147224053,1.09639099284433,0.908248539725446,0.807565599871181
2.57944682941413,2.0417311538112,1.53425202916901,1.37956450696707
1.22036421226117,1.18257387446711,1.05499843565416,1.10439952882028
0.654757231103919,0.471181008369217,0.35830024218916,0.447890834126623
1.42162934592429,1.34080469387429,1.19402973155533,1.12844587019442
0.622025758672774,0.245938672115972,-0.00256786669656658,-0.0627788935919716
2.27832897218104,1.69348664291247,1.31975463026408,1.22182765666242
-0.03118065835889,-0.222192982375042,-0.249745249005015,-0.349879585203617
1.01526090353308,0.67587676317535,0.354389898132002,0.150392744210918
0.271694587471123,0.232245684488414,0.2073595832215,0.366001666891239
1.08648589601682,0.542199109509476,0.184100434933441,-0.0128289826572581
0.549557376559224,0.314698624049219,0.226517889396122,0.109040305217407
0.635703838634984,0.307071710682834,0.0249286809991036,-0.115257783329227
1.41077716042567,0.867281453001534,0.25489235014288,-0.207625116844404
0.90078311178061,1.16868453530491,0.97554695108734,0.685102592424585
1.11439590523982,1.08047336172932,0.851429362879256,1.02521858677983
0.0192824724863999,-0.341210558231093,-0.414816297170012,-0.557903849750483
1.304074610311,1.02768214387107,0.72211441026879,0.537768128304334
1.19074329569044,0.777411187667641,0.427787357941414,0.178116483416781
0.831207681590725,0.644941402855539,0.373252731486347,0.221504047477958
-0.153332068832971,-0.000241999208018928,0.104480869199618,0.3053471887882
-0.366251496704556,-0.438614874112061,-0.485743310968676,-0.339308430065331
-0.138082292031548,-0.195562570885439,-0.237770463575166,-0.161705171447303
1.1607635764782,0.631205982272859,0.328766055971699,0.378402192811593
0.176823015343913,-0.0795464290752616,-0.254378112010129,-0.220143995352018
0.985702593837315,0.487109324449026,0.200171585945859,0.131484189350739
1.43329751215632,1.16456571114153,0.790039431313921,0.823173751544279
0.135222651914203,0.0577551619144506,0.00955611514823085,0.185096975370912
1.43062637190057,1.23363029249628,0.936698252642662,0.976096031338288
0.276463426941659,0.225126688473926,0.0355945385572233,0.151060269946288
0.26000699681366,0.356969755291241,0.315185620125153,0.269103735515495
1.48103859499348,1.30885011023204,1.11324395786647,0.954275317455511
1.42370823597112,1.3686935324145,0.931593914182524,0.506557712738689
0.0981990938063033,0.118416505230608,-0.0535592603980212,-0.0971692035667456
0.274067812845876,0.15872517973939,-0.0311110328739784,-0.113965912545829
0.176364861565263,-0.352184774234038,-0.591109551217538,-0.82802953902058
0.468038911344247,0.224233324179394,-0.0436776549749261,-0.174837528721899
1.34411153038673,1.2442945939508,0.932895174276681,0.61158494170979
0.719982253386635,0.340930642324894,-0.214939435679798,-0.667038054893424
0.275940302751517,0.258386563954774,0.173189911357544,0.101395955081807
1.67518784947186,1.61796681772269,1.57368577881388,1.65532567628798
1.15158750057987,0.503211034358864,-0.00615582841872619,-0.294365960607028
1.50599919699205,1.24004231032096,0.927747101621057,0.726639561980872
1.17126523836781,0.593278605826494,0.174247145452665,-0.0728695992101535
0.0565786370553164,-0.170437983505413,-0.20791331084043,-0.322371948835957
1.58302930762602,1.08535366708402,0.615099192974534,0.609837136347524
0.816403051156595,0.625921454668058,0.436481301509763,0.312630135213693
0.849343637817066,0.615493219851954,0.361389682639105,0.220403740231313
1.99484554648056,1.93972559189212,1.56315597408904,1.14412010874449
0.847280125875647,0.556750308296427,0.318258706984766,0.168657906545671
1.27305990411216,0.973525536446216,0.67738472748643,0.541218292882464
1.73186548513731,1.27108313305634,0.850220276530295,0.596100988424542
0.960375655845315,0.596903477510819,0.286823432108057,0.141917009492371
1.86851766112985,1.52050857629597,0.917139298995794,0.404551299632124
0.810575375904803,0.904709555642215,0.660255164763968,0.372614860799152
0.0536553580138258,0.0275110800614815,-0.156939655668091,-0.0207486895653858
1.10525113156905,0.538355409697768,0.217670121183809,0.217037323069202
0.500967202952609,0.108248062515203,-0.132083329913409,-0.135737807310509
0.457466360917274,0.290554690028281,0.193082697828768,0.35554917240296
0.660917033663596,0.449959600116068,0.233552881844615,0.0680278477999785
1.74369845913121,1.34992709882685,1.08455172149285,1.11506295798255
0.515731374728429,0.424206410615123,0.262844781087441,0.295384142334528
1.17521969900526,0.866515178570017,0.58943305284949,0.415082624897652
0.217312138737207,-0.0567433003387549,-0.252092813086762,-0.298038301760663
1.44694947190235,0.760528272243237,0.26414446566439,-0.0905454054306397
1.51743932872476,1.39507011822892,1.17226037457437,1.04071194687255
1.64741266085884,1.16754377944611,0.705109604790934,0.549627921243691
1.30286882914391,0.827104399055243,0.489842419293383,0.280822094067611
1.76412540514531,1.7462250162136,1.62158247042115,1.58399750420175
0.399669732695535,0.578186640645476,0.560920040175237,0.575982029924787
0.617557347221092,0.380706522179651,0.219673852249992,0.264059574019787
0.870710302573435,0.47531026789432,0.168487603975011,-0.0291137795897016
0.423787112471511,0.246402723331688,0.0105121727312699,-0.201641758089759
1.26788941391213,0.804940498419577,0.541631080475662,0.62098916419251
0.792951585854742,0.558229564809518,0.184406953886771,-0.128890927315078
1.48182422450898,1.29518621135369,1.03015871852606,0.86618623293563
1.35586988724881,1.0755543585848,0.729451886977901,0.762764852236415
0.639623345877199,0.302110121713034,0.0308737228381888,-0.13092844193342
1.00010707531423,0.707407607148506,0.421661239420784,0.323632890131571
0.675131413945342,0.417039605404346,0.118575230986374,0.129375535520008
1.08121140944578,1.03405569594569,0.797974424842462,0.961694292878353
0.891957905060971,0.919839284603926,0.660487250303937,0.355573037007041
1.36755103036041,1.05675382354022,0.745674024206405,0.583720817543718
1.55607130907556,1.23877154392123,0.951561426577365,0.737404764589258
0.39414034155639,0.38282938061057,0.314376453026648,0.256235004110328
0.303964981137089,0.206214576035612,0.142800034041989,0.285702564644254
-0.1273518707703,-0.0622808661044713,-0.21121645772661,-0.395382385930996
0.91972621232691,0.8930244862262,0.784747990230048,0.718023129831378
0.125344707149872,0.103827627332522,0.0897108664676344,0.220219183378679
1.34665729083457,1.0535784371221,0.672239561687441,0.31816497827606
1.42304751098159,0.930664519820117,0.583811634459595,0.293618752764889
0.978184870996788,0.992581473670486,0.781106562587555,0.700255431523271
1.18169886246347,0.869609713788256,0.555610162875536,0.409322786562568
0.80637325044514,0.472461786705861,0.154840043588252,0.040280202474651
1.22388143736932,0.89239502085556,0.579168125705917,0.438904680097265
0.145293869938899,0.0688575227849635,0.0214323339063393,0.160310510170177
0.444248837366688,0.17349915335406,-0.0857431341180971,-0.26716096581781
0.758875413928887,0.449525582969239,0.163905900386951,0.00662479411581562
-0.252983059871744,-0.429939724028107,-0.445648147543422,-0.542834695761409
1.16975214677876,0.678353804942245,0.31286067664263,0.137189016263036
0.469902224740164,0.102317887945959,-0.132437583433322,-0.152275060622854
0.540670077313104,0.60738642272061,0.463696800773685,0.415175690703412
0.629927783008728,0.066329320270856,-0.0950298608107021,-0.31151325911946
1.10388116626024,0.978990790176115,0.791464837017822,0.665001964412929
1.2874756165589,1.09465272100286,0.540602058845502,0.0319946015597223
0.597482166799993,0.282554498263755,-0.0322333153294591,-0.198471827298613
-0.215044812898882,-0.588825376399293,-0.703593883686318,-0.885745452894068
1.16476535901695,0.704796231536791,0.337971423668066,0.0885757422802609
1.87348126591028,1.70616830267889,1.47525557127648,1.32679717535519
-0.403193135842174,-0.319921084955277,-0.317223668866756,-0.326147448893489
1.8159079873869,1.5502637084373,1.36550147520112,1.46048456558455
0.883674703403979,0.38241622573442,0.153350875081308,-0.0972939054813883
0.112738535933647,0.0893869131055105,0.0128204142388575,-0.051710161866298
0.698804191323097,0.341163718292594,0.105157279587356,0.0551902357759226
0.280352297928349,0.32342089213721,0.287714499460272,0.294458334791992
0.790997642205282,0.536278311927218,0.275343659858956,0.223136023159998
1.00186603588279,0.349714344229349,0.0254977939045103,-0.265792963063282
1.63760835711637,1.54526357323291,1.32420436360238,1.21261791054377
0.737793998091312,0.45884285777927,0.222785301723271,0.028520760127526
0.651860925774646,0.319843264435924,0.108622922132283,0.170912348863583
0.662263477661553,0.29228071676171,0.00325883973419602,-0.200570969070099
0.727165998354398,0.394756753262137,0.298979119355158,0.149402153621757
0.553721356911157,0.280797102267422,0.119091327413497,-0.051028479156892
0.913499393303991,0.497640910180329,0.156772770839866,-0.104465106223089
0.446354097292482,0.121420491815845,0.0417171354075532,-0.113152430835217
1.46079582303311,0.969537941624199,0.558410944346224,0.355017952945016
0.699626547794296,0.184386532129027,-0.122043706293149,-0.141750733218646
0.629311361955858,0.315513555058507,0.201449560638301,0.0525710647090657
0.230492493054126,0.306974729906748,0.272511099298578,0.38446898526864
0.0998773478721879,0.0737107711780138,-0.0312440147449112,-0.0574631793617542
0.272726388488457,-0.113880988317317,-0.237680097637943,-0.417213273238593
0.0675439105893119,0.0778148636970453,-0.0452072191825518,-0.108486873200344
0.531804991840719,0.293030219609845,0.145220719197956,0.19524413231454
0.635260993175833,0.460296562182651,0.0382077311457463,-0.352765326863394
0.407054314168563,0.649424005156025,0.433798067016878,0.144399765434456
1.18754741210553,1.12669746566574,0.866144047255962,0.586045449302667
0.222718280372965,-0.0952271188479037,-0.166954107051809,-0.325777881747414
1.14246829751433,1.01650360754119,0.806580612914705,0.696179982172842
0.45762234034953,0.500866070176949,0.470726581894757,0.436428965214044
0.218289062876138,0.00974762622817671,-0.104350339016399,0.0348427116534775
0.920120812723999,0.689974253317433,0.325607087285914,-0.00444493371987184
0.37935078881447,0.370203647471008,0.187185716262573,0.117246933033224
1.25786666603805,1.20754238844015,1.05919893472331,0.971412434384075
0.292806110941236,-0.26819970696567,-0.695291983407075,-0.759189278271632
1.83165517067386,1.85082977587077,1.72173780744795,1.70299700634902
0.980491439057495,0.706997438637303,0.450472121753385,0.28467879873981
1.27915781778836,0.665844960557724,0.0692802852376047,-0.379582882662049
0.979323496534474,0.951802212767263,0.741876626229367,0.66044383843965
0.044559653377488,-0.268261602664299,-0.462299932747443,-0.418040445292215
1.11365283414949,0.826940163769679,0.565978467705819,0.377223673261692
1.3344802638181,0.985430252111223,0.690712840480903,0.487806468859456
1.1244108005212,0.842653050692912,0.580522283973653,0.383860849492772
0.597653252962288,0.162304052411735,-0.145096789669359,-0.328079839585927
0.641084351252892,0.756752808162868,0.516556849981807,0.229062862736643
1.39960065530736,1.03170247492544,0.709657369870453,0.509050479199608
0.457514774333257,0.244710119833516,-0.0691831902305225,0.0245517557326541
0.829715324203935,0.780409212750879,0.673018292079224,0.625846680830091
1.99950099425823,1.65697612815539,1.3232969548093,1.12207640306652
0.457072056051644,0.392416070798383,0.309690306628281,0.264979042020399
0.832025634779071,0.709755799660109,0.558683997016342,0.472272488570628
0.785140545503987,0.174332489477053,-0.165465773144465,-0.195504437600516
0.834679870779399,0.747150814729314,0.691322851868718,0.867750833990767
0.954552500884577,0.802372815704207,0.647698037159634,0.525818061270951
2.0044108638287,1.76060917086331,1.36262569745744,1.46431085411569
0.116917754793101,0.243023549091837,0.00407457495610924,-0.278472957967421
1.05718613260926,0.61706361852105,0.222251702648707,0.140113276723499
1.41071318078524,0.880730351317427,0.487565873621042,0.344264869109621
1.92425401656092,1.51188080527187,1.123383872898,0.900528132213158
0.188809474430784,0.137316323878993,0.037840654422608,-0.0322201627148562
0.920318867813148,0.60024070456883,0.377922562434386,0.353486584433552
-0.627732301587208,-0.0308279887611299,0.208293158117697,0.400010508872044
1.18706640721871,1.28381978484806,1.21589080484093,1.19433685510024
2.77795428401224,2.00645301279642,1.17367211680904,0.508054080478309
0.924522874553701,0.371171864020522,-0.0542877200940362,-0.279664503687605
0.760585778131502,0.684852604919538,0.212095625636922,-0.223111486136678
0.126625980852328,-0.0823868249129327,-0.171759936203537,0.0683671621985446
0.723266475721527,0.535429494527711,0.281377908034359,0.3516947985013
1.2055170239803,1.10667550675588,0.891242411674235,0.949760295205056
0.126859201954767,0.218921094710322,0.396181613929686,0.430631416421368
0.0997751602257459,-0.132705985824133,-0.203515223510904,-0.318046291681867
0.194867647290884,0.220912841269044,0.238409345330444,0.475201991257148
1.25823296035391,1.07207548237863,0.794238200307704,0.830260717347197
0.758762633392984,0.501588890911073,0.360101296957892,0.188177719549221
1.00910851825355,0.68670185202322,0.410209671434674,0.22805950049353
0.429346035502536,0.499686513471143,0.353454918048305,0.55205356547012
0.867783322251736,0.827362269131428,0.660879334866249,0.573249517151373
0.966046934221187,0.715823644637764,0.31667408952103,0.00315721678657907
0.183126795888287,0.0720480110149664,0.00140260471007142,0.0840753828612317
1.322184034997,0.936928057497907,0.517147911268311,0.512478132158616
0.370690849900912,0.144456138713592,0.167572642454881,0.0415780322437369
0.648205889436597,0.42678476543886,0.202721454729527,0.107015473589037
0.980676931251527,0.860494782414042,0.603597649288163,0.340955118256665
0.213833935356956,-0.020784300878878,-0.155675758928329,-0.0336194663231009
0.45740259082057,0.391307756526998,0.245478794239039,0.280315131776229
0.701187530199195,0.824742894333185,0.551928550532674,0.241133446139801
0.566059832489458,0.418836325085326,0.0840914250456674,0.278371679667392
0.671314187046186,0.753666869595274,0.695238629789324,0.675006574663621
1.25747732583509,0.932641462968483,0.585640742044844,0.535045684856934
1.3164164053736,1.02634368883932,0.727512997765878,0.626923074486892
1.56197347472347,1.40696380028549,1.2205994288663,1.11183349573361
0.357628930015329,0.318207274325784,0.221276477771818,0.141442694674541
0.731364759421036,0.279466165280693,0.0827601880941347,-0.125194877602649
0.571468872305746,0.651639711312378,0.6349944161811,0.659701656092289
0.863292920492996,0.705184894800607,0.539810314804977,0.41362751341675
0.0538225607045028,0.31330073330283,0.272497699786235,0.285657589910835
1.13155032118122,0.830407230709909,0.520480363371042,0.362769325114373
1.27189686755802,1.01804964591365,0.758914890388777,0.570992382488777
1.35911673987685,1.12204504992647,0.890773461651034,0.776777027332205
1.49516680890566,1.04347619219334,0.684713803158439,0.420539595360738
-0.25570164715985,-0.256892601215461,-0.340842754128517,-0.407187934672546
1.39732705692663,0.671039239854231,0.173915260769933,-0.066723926918828
0.157601882690168,0.137074155243662,0.0466675796476239,0.0992073459597841
0.534911239576307,-0.0907040017164474,-0.332669470427816,-0.545928484937615
0.223750429726062,-0.168144821046207,-0.304664792309156,-0.487444729182369
1.16945176462373,1.16492781615676,1.01615379747061,1.13267420701069
0.652788594886435,0.623200001879407,0.341555138404924,0.600779588197965
0.482280416103862,0.677046680012978,0.583636889053922,0.413969806586149
1.4927365353694,1.39782502338474,1.14935247126013,1.24623992293503
1.07650239524115,0.634080218072271,0.284429030803938,0.0561288495107066
0.932856799353473,0.939804296115657,0.661707835843482,0.349723396516929
0.532216527138275,0.435574578418168,0.444770491029599,0.379699111163893
0.771434591406839,0.417843071314694,0.257674432229876,0.0757048033749694
0.881097988268476,0.486680614447003,0.124102990947902,0.15124027450161
1.54163923000993,0.739334751129226,0.239504113475676,-0.139913489427453
0.989870051592021,0.954324013918989,0.742010912754065,0.886701456318903
-0.409183769589616,-0.229937681251095,-0.238597869666503,-0.0533384503537954
1.21500801033257,1.03246955714822,0.791757861539858,0.799703291671702
0.513368952340155,0.442249772044591,0.159915642242398,0.3917028629631
0.321272772921226,0.274832267029015,0.249531785200843,0.456369362135037
1.14586944773198,0.686355620869558,0.220985316225195,0.173941335654624
0.943240300999636,0.665866396663,0.513727478450276,0.353992455878333
1.72845106033785,1.47201766204616,1.12205375006703,1.1794123365969
1.87649556175536,1.69305733978141,1.44713866593268,1.28178982224078
0.778770616478265,0.652337720757232,0.250729495771273,-0.114481487736084
1.13925738650875,0.464180432395699,0.0356698193116829,-0.148170370489342
1.18969515130161,0.864302324700828,0.562703979319275,0.41445384594313
0.897165826905201,0.443322331203804,0.224681078552151,-0.00385156810339513
0.0415041506493419,0.0989721970921599,-0.0276090119482153,-0.191071550605194
1.28580572736978,1.07843083519354,0.880996667689182,0.722694758320713
1.31025704818685,1.26840879812244,1.03389509497488,0.921666304099568
0.0890319293451905,0.0205702103649454,-0.0757053322961598,-0.120249507040273
0.815422683903205,0.383211822451018,0.202722486255413,-0.0105959891628555
1.26594919998579,1.14482733412148,0.743221163224185,0.362174674818251
0.785854675336216,0.490515653122399,0.175671415619124,0.133734795154625
1.30823946020684,1.03062769733674,0.733083326045099,0.607097973117992
0.282263382054783,0.343989262012484,0.24009949542354,0.392837530317218
1.0031146712397,0.39528269618514,-0.050255078461725,-0.16871204047065
1.12748051341809,0.730933242847728,0.336618500143952,0.264725505283195
0.959772148078442,0.875859989075876,0.604323112556873,0.784196490832495
1.16346074069788,0.645468934735172,0.24927563831802,-0.0180704483481132
1.22585171738651,0.687362107315056,0.263003713708923,0.0776073525398999
1.22231158682869,0.913547010625327,0.52353992026025,0.623705653215995
0.647747130289335,0.411431634660172,0.18849293101166,0.0174742430942059
1.09367109323591,0.950340152370249,0.677368987735938,0.723955886605029
1.16324500398112,0.948520214807818,0.673675039420536,0.692977469876694
1.96153068492185,1.76303176567846,1.57668083057228,1.42600549500759
0.630290654110394,0.379874274469007,0.238901203923064,0.381876980203645
0.992508714540994,0.759116897533885,0.451251434660222,0.478444046767334
1.36486727065004,0.659643233809804,0.190775649104536,-0.0714215822607612
1.40491721982858,0.803492796956048,0.345383095340668,0.127623944771591
1.44365549688286,0.677336083255837,0.122410164142411,-0.0829571401881775
0.377332546158936,0.335100944770058,0.411784741331338,0.373790083277994
0.845983054345865,0.274841328739627,-0.0774535372286339,-0.178028939139209
0.726170396916384,0.340872677588602,0.045335914266011,-0.134639123118688
-0.150464534038335,-0.314321295671612,-0.330114528300224,-0.41969318858612
1.09824334798201,0.637324685812282,0.267124082351487,0.0776618835272926
0.686161599662569,0.247187021289431,0.0191381809570105,-0.193829322858647
0.5163687824664,0.741110585584795,0.798023975770934,0.864259410667252
0.469974534371796,0.131896956510413,-0.0265941694566591,-0.193959538233328
0.884921888310036,0.599209120476771,0.417290828801927,0.478311127117769
1.57449361120129,1.59487181152412,1.3181634174898,1.00605956650938
0.793422877546047,0.567550597430179,0.344334008002359,0.184961920303955
1.24307128850224,0.738025379425586,0.356181166994918,0.0913535975216254
0.342096200595636,0.205152566257317,0.107844703506568,0.168345477958907
1.13868987650334,0.994261847477517,0.806383786848607,0.732775961842473
0.994342169162403,0.769337596261878,0.554793956017811,0.433670036275292
0.0630296329840518,-0.137745652390475,-0.173602332086752,-0.283689799646715
1.27050995017791,0.94401569753619,0.641366169345379,0.500000387526064
0.693621335802666,0.626121540456713,0.393618486108548,0.538638525392997
0.839960419954172,0.879124337654561,0.805389194458232,0.770639270667734
0.617634070857957,0.604546070289058,0.477029286981717,0.422970887125786
0.69089934245166,0.419008481794781,0.244975251742433,0.294128185444588
1.51009514432935,1.02523577335009,0.696419546443511,0.63627279419734
1.81839503419829,1.49678164431323,1.17004180006155,0.981554654580488
1.63700548248876,1.22286030063975,0.954330463790647,1.02282516496878
0.72339927241471,0.356683853966242,0.13611630617405,0.20585409428868
-0.151572132092205,-0.316055397536075,-0.326848863990829,-0.417796324024441
0.817716078193342,0.506564041083101,0.234283783699161,0.0337635811098919
0.186012480405868,0.269511530097059,0.12548900315294,0.336930184575422
0.875566377047608,0.687245015613505,0.54416290801894,0.554881383081962
1.01791497201886,0.782957580238403,0.618715864414729,0.674513123264929
0.965921830347842,0.860372871050533,0.717602273246354,0.600945788471745
1.03195007717165,0.687652946738139,0.363290763512898,0.20679185328421
0.404663500881339,0.201223928653797,-0.0110005757155067,-0.0999731851057243
1.19437226543985,0.891464276379916,0.694712424612281,0.747288194699978
0.938366502399323,0.878345397767218,0.734433911120953,0.65435084703176
0.836307226023697,0.66627383006018,0.463977816463535,0.380072676232596
0.38787445277207,0.0857864710811676,0.0611323077505286,-0.0842112965501654
0.812552545631276,0.781464330823089,0.479369572714803,0.146692684411187
-0.0383313503441242,-0.196077824054844,-0.289502890796127,-0.207997621649916
1.19700237042612,0.452586290999072,-0.0951368543566055,-0.391643298279903
1.07170927080776,0.986717785970534,0.814974202769233,0.763405177013469
-0.445102005431304,-0.501329691649536,-0.324025448367944,-0.417631464967584
0.94547591737995,0.397561194507262,0.160521624507337,-0.0856416427965636
0.672575766814296,0.520103945798234,0.418237601813626,0.507019594489767
0.545241090434953,0.424119287598763,0.340359260392143,0.396100320951751
0.473007003297865,0.262496419620536,0.135933938553474,0.214216018746349
0.336138126276754,0.165243596115579,-0.00512080162781298,-0.124968227085289
0.9361022720543,0.546127537316262,0.156376648128057,0.145531479128822
1.38975904759815,1.04039250460334,0.716092430371456,0.559248341686324
0.928949191839012,0.888871299876185,0.70367841845805,0.827069773590693
1.64004614163083,1.28188005938496,0.620644504836077,0.0824384370274571
0.981824252476274,0.561137235474298,0.229811258451481,-0.0175023051868288
0.829891943657985,0.486229960882863,0.186270856267755,-0.00345389347499242
0.991201959947251,0.422170517037575,0.00949611961675453,-0.220605042044896
0.708268896776749,0.408434472438935,0.310536980482306,0.149650661240283
0.686660060715695,0.786705920142937,0.719701145614043,0.741417066290317
0.336452880125405,0.215910040189347,0.0911141060879072,0.000631491489995722
1.78245683414977,1.51117433219552,0.931382794596946,0.433663055033494
1.02492531853321,0.578086417790697,0.35979136965805,0.125596141788592
0.241342324093872,0.191327687033887,0.159626130634305,0.318752315021087
0.709035277273285,0.426837660012576,0.201406434606745,0.0375041802301114
1.5285395313504,1.40266420080485,1.21194284023033,1.09084461270576
0.680565433023913,0.606818542761491,0.473524891286083,0.424946677530694
1.76725262486411,1.41344609352838,1.03237022819403,0.952454061730329
1.02589999999168,0.786807618175735,0.480686483087238,0.508198065615235
1.72383303579439,1.17350079539763,0.734562990725612,0.540484887029328
1.28642812154651,1.0342665714828,0.754984037441953,0.706115679944249
1.13169972273372,1.17926822114152,0.672301884205915,0.185610708313034
0.162344843647495,0.337842934134919,0.234537494370676,0.49864125391364
1.28191285067966,0.785399542826973,0.464523453694338,0.454285281334863
0.646749568296363,0.0280941825027883,-0.188667389013766,-0.414956915511122
0.208062917114929,-0.0455621019103728,-0.201387959733195,-0.111867368472111
0.803667260750538,0.560722521396034,0.306129316384569,0.129014768474064
0.162083135452825,-0.177091191731955,-0.343488818542734,-0.193829528303911
1.79988087665711,1.28363906807534,0.811145029315372,0.677441583483677
0.414380521355862,0.167603803130222,-0.0665566010242039,-0.210756230241504
0.288285557812064,0.376344917527717,0.263397836060909,0.23148964469583
0.939679469757169,0.672293180265249,0.4321248434069,0.255236609533321
0.230712787898726,-0.00636107117023224,-0.01242945033671,-0.13136705864401
0.264691373775128,0.440670924592465,0.382610167368452,0.624449187718458
1.29850299118089,1.38520806145224,1.45140486756189,1.73523839833133
0.741493956554053,0.806995264250564,0.714876613314779,0.862623987124468
0.0520025324507806,0.0344112504573961,0.0233123141126668,0.162383284285273
0.393779213958769,0.201401962679807,0.155833742609669,0.0438679429273341
0.638310053111512,0.215634492290771,-0.108191269812198,-0.26941729649014
1.01827960200388,0.992122247808008,0.676547579730051,0.33867662916299
0.854843500561191,0.869274576538133,0.76826977275323,0.864427425384079
1.54394360453462,1.40652238408562,0.94749318578329,0.517349759153739
-0.269517117964467,-0.527939233685881,-0.617575395704135,-0.752197401314517
0.47833717689036,0.52879705532859,0.338980664222444,0.273780497337604
1.25906272722893,1.09501618235716,0.842694815622266,0.879746317003999
0.731334754433453,1.09668231301489,1.07808043115086,0.948846407216592
0.564928292603583,0.0600846299704308,-0.28459973356217,-0.424716136354477
0.295653892024011,0.269692123966309,0.136152998808265,0.111664111713513
1.228608781082,0.933288583809712,0.605535397728805,0.451947463269484
1.49454075433616,1.46862276854538,1.37906852510934,1.29760774950692
1.75630962286599,1.21182825910458,0.728019205463466,0.587151794176046
0.735650288498289,0.816906908301714,0.519601335230866,0.172797962042995
0.956697002237601,0.505803312164555,0.272495433716817,0.0650295389221924
0.901013910997088,0.430538378017625,0.0579568402939468,-0.152721735118886
1.01982321697669,0.651567323957181,0.403488115622395,0.36666038278324
1.07569745794865,0.885126456572702,0.548114618592209,0.229206551053044
1.29534296112174,1.15624875566661,1.05450058610621,1.11243016134258
0.421433589188397,-0.0107236285713604,-0.216668487772234,-0.411633205521676
0.838045843678526,0.91190692034507,0.77886880710706,0.970159895873263
1.1309168643369,0.840458062175951,0.566479155441699,0.417589197888121
1.24176329690053,0.829288524110533,0.584634566341683,0.582151585038909
0.348973532460225,0.195945291340896,0.0997209887989621,0.247155943564157
1.12041747361368,1.07585688433852,0.977462043219811,0.937306758396372
1.11417599462194,0.926519706061355,0.622494349020869,0.720860351092222
-0.0281222963265182,-0.0714071677147757,-0.0969232693047653,0.0318468966832579
0.922011172797774,0.502307093074609,0.166514773305591,-0.0485760683485881
1.01756457229577,0.615256107950924,0.275433168536258,0.0820687379660013
0.900612527520273,0.385588547074473,-0.0123221197393362,-0.230322062898574
0.527963074160088,0.35861224714504,0.375404673091862,0.266555757983194
0.781593491393698,0.549322979877654,0.281205056863584,0.259153704804145
1.05517940947356,1.23546849469676,1.10751719282519,1.3975773551455
0.967472183236602,0.824212724875335,0.621566593673013,0.542437584816541
0.0626110783522821,0.0243592327748418,-0.0842518411530084,-0.164892193677294
1.35078433404524,1.17107472163709,0.850367783808616,0.936866871332473
1.08732034366692,0.477457431300929,0.191139511353689,-0.0963114711717322
0.996243186794989,0.813623216173049,0.612414872713523,0.458920475346011
1.07396264940165,1.07481157422471,1.07601984851236,1.20885131204546
1.74541904718878,1.45349631827128,1.15854535518419,0.923200043898364
-0.0187720692599138,-0.273178991659313,-0.437936372406443,-0.388581094065629
-0.4318015922522,-0.650482520004955,-0.659008473852898,-0.768658599545369
0.549106424154706,0.299047333052812,0.172709040598553,0.0318272840812785
0.879296833444347,0.378603247282308,-0.171327440399327,-0.5747016826756
0.89447789325351,0.61376224037388,0.374285024824644,0.21282140517996
0.320937142757216,0.463509372385061,0.137450071941735,-0.195896332076654
1.02741974566646,1.10367708698397,1.0182266929452,0.987056964552608
0.400300607896542,0.0143022076745766,-0.183454971128391,-0.354151197419469
0.316941258726387,-0.15841764960167,-0.290775113806576,-0.486957472251144
1.33427163050836,1.02094939193665,0.674760147092149,0.476880663035879
0.782618151050172,0.583993472385311,0.381687106731246,0.24735724914387
1.39996248206799,1.51850192976618,1.42024839294074,1.38811675692916
1.22686203477789,0.897063779209046,0.564766851920002,0.293397027539139
1.04873562882728,1.09535111321526,1.03258246484617,1.0339211564479
1.81363174980899,1.15794931784716,0.692542513372012,0.444568283030051
0.506378206537131,0.411706363169764,0.265932759228875,0.128283780152107
1.17140605801587,1.02294752223657,0.907089780380792,0.878703853790086
0.766284844775039,0.70697226293414,0.568649110233304,0.523541138898694
0.863546040114172,0.496234698246116,0.286827019828902,0.434760844273982
0.619159167867649,0.238461267662119,-0.0450060999721614,-0.237167704902856
0.312598458094732,0.402543087184516,0.213682411933734,-0.000394822042753679
0.517994391394556,0.297454761690335,0.117287476575624,-0.0115394048998538
0.343851671726085,0.4943067977077,0.296432012447049,0.0632950412270763
0.631977131949638,0.625941506055265,0.304529756854721,-0.0202749091358661
1.15498097577234,1.08541611844108,0.960598456678175,0.903924411435279
0.316536508448756,0.330744517808534,0.239448675733882,0.327602563704525
0.301639664823458,0.181430066012715,0.0986601493090326,0.168366515395783
0.525621482004204,0.465250250467141,0.110232182517213,-0.208628707741767
1.15402117373222,0.563229855987322,0.137436880287187,-0.0496415709700359
1.10425241551328,0.257809777917668,-0.188983989212245,-0.541574831876507
0.639113876914766,0.44477603625446,0.341936194790517,0.503330649387447
0.0362043896448512,-0.0154684217272986,-0.119056155660182,-0.177853344891083
0.624972658007071,0.624212136860467,0.425330119490579,0.602457421996641
0.915658450413197,0.599787876322305,0.322864690990285,0.13160442483313
0.766010206423393,0.613996407691512,0.512792995425391,0.613904663811739
1.10559227458085,0.67072517039583,0.428202835061522,0.192060524323805
1.33724959057729,1.13557178256138,0.715147714507304,0.306488869154133
1.27461945839522,0.901817181214416,0.602977576133691,0.402104677529857
1.02237059510976,0.86966825391861,0.537059095401941,0.199986305349168
1.50735284510765,1.29469478953943,1.09125556394675,0.948324536274828
1.10650911575568,1.08282244722101,0.915885216809668,0.827451752893293
0.839028406240156,0.873214467211667,0.773426851161535,0.767944731297001
0.778369977199003,0.426550665015756,0.129194111355614,-0.02091399675235
1.47929321671705,1.47085660920042,1.28620684917874,1.06623717635822
1.13662489868117,0.984783055612033,0.794646579441991,0.701981051623062
1.15257809410536,0.756202974965701,0.408538177388946,0.164600388975112
0.439036785600888,0.36708560836177,0.259291443865404,0.169922434618442
1.03750343273244,0.520829804059978,0.309611547809387,0.0875339417264625
0.840935506898576,0.611067685664213,0.117848127231433,-0.280498217736143
1.14931493547465,0.696900729020701,0.234598994606364,0.315983542047125
1.07728753750668,0.83819530363892,0.681764238854891,0.775715924269985
1.1830979379887,0.581150081580207,0.112181028153622,-0.161262616478547
1.03417870933832,0.761605452154685,0.51478916478113,0.353039664683143
2.02887028421271,1.58979618313332,1.28183347627318,1.23875792747411
0.939870101865609,0.593538827263652,0.304255853390217,0.128533320334592
1.21453827512026,0.756507236937361,0.300809736626339,0.310809185802722
1.47135218411125,1.27112033379168,1.00737259195124,0.918865493023908
-0.24381670649238,-0.42970371519856,-0.504731063735689,-0.614719718166219
1.09250628893065,0.838931837875972,0.563803520357732,0.33091297246963
0.273796398328442,0.281262712767321,0.231417710344054,0.184165569989909
0.34298229652712,-0.10417240311487,-0.415270468931874,-0.582746356359713
0.247411214087243,-0.0195590866651495,-0.23784277703543,-0.37784118299389
0.706783629754901,0.397234576058557,0.27750558498138,0.110953988803177
0.928564486941214,1.36103214584982,1.27149299779553,1.04402619647312
1.07745820409406,0.535779113847997,0.274652526123984,-0.00106532812257981
0.733215489526816,0.435930125987638,0.151650164318912,0.012700048765806
0.985373106259322,0.558548533837118,0.30971987040423,0.373489235512587
-0.104537284504539,-0.473980585887878,-0.583311361503569,-0.751492246796028
1.11486470070344,0.716167020880003,0.383767983935354,0.200732433095201
0.776911035451178,0.560406837060198,0.327425039551121,0.135574806808032
1.3744256882573,1.18939639212805,0.820749099423486,0.474811773742099
0.348734506198519,0.357491195256319,0.206872607297057,0.147381387524903
0.305334916984875,0.0197167160979904,-0.067357483898535,-0.215393100192846
1.11062865534852,1.09601165489956,0.838235004600965,0.557722658453056
1.5082441883819,1.00150633864978,0.580307789875548,0.420361853685569
0.584599161013244,0.126183907874029,-0.0970990050541789,-0.315205424154403
0.806852634805328,0.409853677410851,0.060171708822064,-0.135845305050059
1.81054914102442,1.32231127386503,0.93218997564738,0.651651320726804
1.49887791106922,1.31961865855727,1.06877874062684,0.915997583195389
-0.149409277182074,-0.339240974746257,-0.337585229147497,-0.443463983180519
0.200752843622906,0.341465017373842,0.31196054901162,0.316316481700971
1.27312825160901,1.24164918219245,1.21815630396856,1.38387281170032
1.86717664561505,1.35621188695938,0.687342379900876,0.15290594037547
1.50273122287145,1.19271820475446,0.850139053502754,0.647162202269763
1.33095561687266,0.853962724871016,0.446234819038843,0.190735099837234
0.572415214828546,0.499272733783522,0.302308372754312,0.403173726363581
0.784175908589314,0.322208643552846,-0.0395847165193651,-0.277036190545212
0.946095751200508,0.555444614101261,-0.00620841248931608,-0.476251225209581
0.699949074099855,0.58762237259937,0.216384062472802,-0.135969226583797
-0.0376493243507649,-0.302105764431176,-0.389095261045963,-0.512264230842692
1.23880978641315,0.804818529915662,0.458074879881414,0.21699439622014
0.104566704960053,0.463208587713944,0.56302756274548,0.661675099405596
0.995703668795926,0.504359413097791,0.259681634685956,0.00711136843020652
-0.334927395676231,-0.364512885832922,-0.280852819481515,-0.315286418160071
0.818252596981326,0.428396215087164,0.106517391886923,-0.0868723183288057
0.173773914483269,-0.393406014298645,-0.539285755425905,-0.752477883737529
0.867512360146558,0.469267582129187,0.117481100008839,0.0386853057557126
0.684514007588228,0.382770567547853,0.18466549446827,0.188797968068722
-0.478241073322685,-0.00894825313486702,0.0162685884773716,-0.0850020328615498
0.350296204974662,0.632345156121962,0.556072713293747,0.559855684415854
0.825997570548242,0.687011330525411,0.401102242763015,0.525335592531993
-0.0715934053910856,0.117360444426468,0.274308776609449,0.544151825724897
0.593137900098149,-0.155425283098016,-0.475762983941875,-0.744471537492882
1.38631174390277,1.02048979914238,0.676607843385706,0.510209933824268
0.152723375523474,0.105444677277185,0.136488119718368,0.102032923952166
0.366776556025914,0.0710630736538392,-0.256009009601697,-0.399680877529146
0.330908547564977,-0.0612407427239485,-0.297996997883248,-0.251402406407765
0.182630142954552,-0.131002928938542,-0.249976246408578,-0.408373717690596
1.56639763803327,1.38253762730847,1.04625066249378,0.729080284849818
1.47751037390959,1.23600640180886,1.17203621991607,1.02352277253023
0.747060717986299,0.592903594653776,0.282837448118022,0.458379023258299
1.00355120335534,0.952215267265974,0.759477832851162,0.866512429117761
0.862583168878446,0.5394301940198,0.377996457044706,0.185400474112467
0.767055937280692,0.67931035946673,0.516653698901563,0.447515190584138
0.981893788747229,0.602548489170278,0.222192736123691,0.00475430598600957
0.809820680915642,0.197468637540249,-0.197766564427037,-0.34804947696501
1.26057347075629,0.733615583474555,0.350439762942918,0.0925428828787268
1.76247666411758,1.28582983264044,0.794181636914838,0.855747262222854
0.707640645777664,0.743168557801594,0.628621755210843,0.579704678542474
0.375143375496467,0.141048665485416,0.218809526522997,0.0788584753876118
0.285996783463915,0.108483774156887,-0.0783286417768354,-0.172405403439177
1.30988974921637,0.954172868893508,0.612420876868767,0.423919462159455
0.916931198212603,0.834401101475151,0.781449196004736,0.970765883810957
0.249743022197363,0.0439600400848061,-0.0802729861634724,-0.00601148772005111
1.49601698811011,1.40075322546145,1.16205363777891,1.03980603648789
1.5778165745287,1.14582301933909,0.698509420561811,0.728386476363404
0.900963661856063,0.596919775430951,0.325095437676671,0.135650136769745
0.684610136587501,0.644022485078072,0.5493948767621,0.467702002315603
1.42627824112177,1.19176875908953,0.848298723825454,0.89117089758055
0.640678003240452,0.351424648212886,0.0965451757182292,-0.071990755136296
1.03682058527466,0.863413443480337,0.629400910288476,0.652667341228886
1.78682360970754,1.34644705272532,0.900190521630505,0.634889208413298
0.0694918839780945,0.0702739587178639,-0.0137316607404568,-0.0253094325088168
1.07069566540456,0.987000170675653,0.8710508310956,0.812075208154318
0.725820095379252,0.538345148923197,0.201445015560239,-0.104938268112593
1.83208123040285,1.67480395755539,1.42157650387638,1.28228122317734
0.530421038517544,0.316169779755726,0.158469432185509,0.11147478353408
0.71500658832061,0.79142048610209,0.712649612047384,0.679722792370927
1.96167167195618,1.63413199834988,1.09369433355303,0.606236164615056
1.25825942223228,1.11000135045012,0.907238991581389,0.82694269884523
2.06920144010571,1.6166986043245,1.23905651580088,1.02793856578454
0.635479729626488,0.39678772030357,0.237888234005029,0.278987927283624
1.38983655947557,1.18191375648049,0.840413928461467,0.669588553563358
0.480269828897791,0.317078739742475,0.140737432028152,0.0162039602180873
0.360080831727155,0.213853860563869,0.106468329537934,0.156294868836155
0.665827275520833,0.513249035313991,0.350043542271591,0.224545943463686
1.01881615021454,0.362514700754065,0.0655262524341178,-0.198673564944609
0.715362556411427,0.443513675120404,0.202184392756741,0.0353348853625753
1.99310434961357,1.54446824126695,0.932238377627781,0.39896530425413
0.931859102589543,0.647244737186779,0.391488066910466,0.224788764276891
0.139299143659578,0.056791096456368,-0.205542805346583,-0.465741636081543
0.774127206313068,0.631267150032625,0.465731042548007,0.356326605767464
1.39414615156486,0.865904488790706,0.560823158438438,0.610798856442308
0.997817163442291,0.522111994248258,0.1463427991273,-0.0228460307376914
0.652554134596093,0.373770652856525,0.0864358629026903,-0.0616451176990258
1.07122453753382,0.705678809129455,0.473167159753434,0.464947004879834
1.26439556453505,0.877933760096514,0.552478815785398,0.325304552989676
0.247668817926636,0.15261733498861,0.153306206488403,0.0940272368803692
1.43088237728711,1.25368637053058,1.03856663353092,0.870826273187199
0.546944791385864,0.351353542632197,0.0919702509883262,-0.0190725377305572
0.194264582203677,-0.351612033073465,-0.519896425457151,-0.699620290124153
0.847355834435692,0.972501511690622,0.901742256782788,0.88253821438835
0.282852248103195,0.416999765640225,0.319427813714699,0.296281922323972
1.38139343439331,1.30250066621359,1.17298313401866,1.06199376180516
-0.0762388916135147,-0.138343134689599,-0.26619335669314,-0.297665548759902
0.656942258638415,0.357134087454824,0.102363004671775,-0.0688901480702698
0.316535067394894,0.136757910827682,-0.116110663472586,-0.0411811689645717
0.670128029082878,0.253364453252858,-0.0783737543616931,-0.227469083046968
0.916776611533903,0.598770840688472,0.235229566051395,0.33351363571213
0.318253219970936,0.348805802180401,0.311793755599574,0.314366758151606
0.834971648023177,0.515033143778942,0.24260596717422,0.0643440725772958
0.894929991871072,0.870992656204198,0.855909372033587,1.09355899342186
1.27076040292028,1.07167178768377,0.858497197502194,0.750324156073476
0.763499945210957,0.601500964338942,0.354450426758723,0.241583846690432
0.645988398460013,0.636432035830733,0.386389626608352,0.607021884033838
0.668565241115108,0.618611855631043,0.501799105210902,0.461588483092327
0.292409124201451,0.254996824518224,0.233147275538601,0.409424272022696
0.914415403104248,0.709647438092033,0.569277941301586,0.635178027795536
0.560997675838566,-0.0193075732409139,-0.283810408024559,-0.524467704198481
1.22872521638318,0.709176441201529,0.307687879267248,0.0490060983606158
0.699709593010318,0.635061916836129,0.540040248862032,0.462694428845819
0.792477704991049,0.587053985812383,0.292786975331503,0.379919207366665
0.531412933642022,0.346196168086723,0.165363770508686,0.0573343216073841
0.964199529306833,0.519533881543384,0.17959458292353,-0.0308101105876534
1.21552368125628,0.859353459763064,0.54500146976556,0.326288797038897
1.45694474451404,1.11729336833766,0.75244939609943,0.658680903758467
1.80120441112339,1.47214217304232,1.04274735234298,1.09091174045757
1.6087629623056,1.31903923645273,0.777109173919743,0.318047500085026
0.392160112339493,0.110856100463789,-0.123725136850582,-0.288090674578678
1.17910978773751,0.523416844057894,0.00497131355827518,-0.0973718734060306
0.691205059541839,0.531145251310838,0.33498327249699,0.198762781216701
1.38565087825558,1.34766676747667,1.23057976334503,1.19053639465432
0.386445728569559,0.284881284871763,0.0331856127227197,0.19793889271008
0.909666866730006,0.880238993430991,0.781006779936015,0.745521324996386
1.58858323177735,1.00954439880094,0.561193960005664,0.371309107958168
1.01538089619167,0.806759450595475,0.52229448601708,0.514105870496235
0.064172066826412,-0.13843937505887,-0.138492437683319,-0.2360275920206
1.43951051404987,1.18717311979196,0.996428714362745,0.963964636376883
1.39943452506161,0.943592021844265,0.524986467407454,0.345279655361934
1.02280446498129,0.803688465794521,0.557113021761308,0.455365089963013
0.201626346610905,-0.0583997333155199,-0.136600380535311,-0.274847909574584
0.833296528525359,0.950654176762886,0.846260737694025,1.06080757633394
1.18602110004965,1.14099004413802,0.744389294085111,0.357910472581144
1.15725738718084,0.844667117521512,0.372939170870147,-0.038143167365514
1.35857768366418,0.887835984291311,0.49593059899152,0.275054481937608
1.29042037836456,1.12985451315808,0.791026592827223,0.462776250000685
0.630364447735047,0.302931228459474,0.03940587336119,-0.138482145659065
0.438140395617601,0.0883469179119653,-0.0560172092488267,-0.218752012896428
1.55662633462522,1.76984098907879,1.89306875055447,2.02820187542549
1.39926930372236,0.864153488396902,0.456287363419408,0.228796933624077
1.35133582571809,1.04287476231728,0.518722058006201,0.0688476769159144
0.635178165214304,0.323516083738014,0.0677823829898901,-0.0801561812550577
1.82882593979525,1.73186539705793,1.46409943697974,1.17680571568476
0.879032856055153,0.803475071381059,0.455507864669995,0.100173614277729
1.52246202953279,1.11316718812638,0.754796727785378,0.556640173418861
0.858679566110095,0.339724892250893,0.0332493888722408,-0.010983702457836
0.358703172060114,0.344323206267928,0.333880528520737,0.417520359960633
1.71491593297966,1.07232516877978,0.541035678077961,0.400520709823643
0.192564526613078,-0.0662010767028892,-0.0915637469338549,-0.222987729754154
-0.207678555950294,0.186180207275587,0.292151822248684,0.397348373704848
1.25863783747639,0.775417278897414,0.328861685556617,0.245694540697034
1.04610366898842,0.889195622399461,0.89137681751215,0.783877691455927
1.93920300306501,1.86496405572174,1.51112598972209,1.13646100817875
0.0355260623511652,-0.135056601195414,-0.137452728898986,-0.237752963177666
0.507930515219236,0.602950231997875,0.516236010351806,0.68867043374867
0.920521244183674,0.663757186978258,0.336615982618366,0.194003526566559
0.39096796115993,0.173416681137886,0.0337740744455057,0.07571932871794
1.00530200942906,0.965503156768284,0.726396268868009,0.631481742179582
0.465765475843016,0.129357681387243,-0.0267463233679622,-0.192077473081835
0.172270172731902,-0.0375829954315768,-0.220910763972794,-0.346729218470911
0.582516395529083,0.0355495350895844,-0.18537616196247,-0.436608236254351
0.327796916779575,-0.244350337221224,-0.407802359144627,-0.598484952839619
0.405082340498526,-0.0119754480324823,-0.304096394587505,-0.429417216612883
1.28200663927175,0.831653124070155,0.54097769931997,0.498137424661547
1.54718963737852,1.3213925611129,0.995347510109009,1.03872379551869
1.09937354337772,0.703361798703303,0.329208291915383,0.137067996486188
0.964907289223527,0.378406181434749,0.0356442101336464,0.0377727927391459
2.23330404965425,1.78755176956625,1.2530750382298,0.777227701747626
0.539959604485116,0.686597040966973,0.57004815798837,0.391461664922275
1.00554886593772,0.626608546973185,0.265284860989467,0.0530784454083947
1.77608491676742,1.33036537433111,0.940654872923476,0.682717774473929
0.686686415270689,0.544769483488579,0.335115331792888,0.220944199316299
0.319001240662448,0.0689371624359919,-0.203254067972967,-0.362733204134126
0.894371116486621,0.760057731441752,0.463358315672053,0.170356536264587
0.992461486144023,0.810433549517527,0.592635894409106,0.501176826929444
1.17367635576547,0.839873020600631,0.514881827898486,0.428986136552315
0.41923652882893,0.192031935277683,-0.0162196742337382,-0.153585559058523
0.964007491006702,0.864758257762503,0.695601471541834,0.590292263670576
1.22632674300413,0.678135986089236,0.257904189994302,-0.0147397527831781
0.724680608728877,0.638758884777321,0.43466305737014,0.520450903238615
0.335305027318173,0.0633998867764793,-0.0404726485335757,-0.192068725377702
1.13486762503034,0.983047882553508,0.759711638503217,0.672538123487747
1.72260376578982,1.3395688803785,0.754558827104014,0.224449944626536
1.22269562360687,0.840194681407575,0.520214640744455,0.394763873213081
2.06172768513446,1.52035956552785,1.0654416782611,0.81193421743646
1.14017816318376,1.10663331779512,0.737842395460383,0.339736014216402
0.0792162530571509,-0.134312950093709,-0.270996127326947,-0.229309566246897
-0.102621484952543,-0.00595260900549172,-0.0965692858482228,0.0813122412944888
0.50948060418696,0.327724027460784,0.102818282040877,-0.0303552522801203
0.824056021112601,0.829108506076419,0.616361210959969,0.805390184385965
1.36043824174244,0.893849447468557,0.583410711527141,0.585559869479168
0.809880918506595,0.613300651918731,0.486235590809412,0.583101094232464
0.90525405659061,0.728607247701992,0.564309656059142,0.452120033358816
0.546278765642881,0.291032272062762,0.131885209987147,0.245613512798256
1.11568339349803,0.800318755619394,0.517776625405968,0.30974788548632
0.903287859456546,0.445833692558672,0.0941182628180364,-0.0711804029352779
0.977311827415045,0.720588734529242,0.627923050141488,0.481435549628416
-0.223755665201617,-0.482191069754114,-0.603426467971881,-0.727759818927492
1.27239249231256,0.879664167089825,0.632642325659586,0.697571664434188
0.859602400100657,0.56725135464381,0.309177283789627,0.113101585401182
1.07119814691819,0.714738462467437,0.577543062030874,0.389421150028607
0.99739590000325,0.566661803782791,0.441414555368047,0.245863518656739
1.40338526138603,1.21683001777447,0.737575422532713,0.275789767859553
1.10750868650922,0.836358993027826,0.588516223892809,0.401646314995884
0.499379451348011,0.14872581639823,-0.128861703451543,-0.264146039177454
0.0476842214979384,0.087785935899116,-0.00194536787904726,-0.00052177713294338
1.16942463769378,0.699701152790584,0.331296232307186,0.0882134119377606
0.698627963081648,0.478969278997669,0.264028878635487,0.141371882544093
0.544144911806846,0.341149083739931,0.147488728530169,-0.00356582580644293
0.519685420385781,0.43060495318138,0.311989981465086,0.21534754806486
1.10453708678537,1.02132647817754,0.80273797773638,0.902936865216587
0.913707760176492,0.701507731677046,0.393794525401069,0.435236714523759
1.63145226846988,1.31460770147072,1.02284394030975,0.814707249759547
0.516965366761858,0.199554217702209,-0.0982688053653469,-0.286632742668177
0.66323123467248,0.358888723429985,0.1485606685941,0.173062720809919
0.883463460932988,0.742693692326286,0.56183683388771,0.441884607816404
0.844651373945642,0.566400398155251,0.233274508505457,0.0734161571958838
0.276180910078391,0.128242947710561,0.0462457012535945,0.258805107564272
0.650830009687469,0.452284063007994,0.229605168471486,0.132603960577946
1.01620623979507,0.769209213150931,0.531713905090607,0.385189982982657
1.16794349057397,0.805294918851994,0.413649501906579,0.434444788589698
0.685015401376741,0.687097878861561,0.480570003313384,0.244759356726417
0.64307311909152,0.635558628410617,0.448080166975594,0.601658180773324
1.66884958521263,1.37682524176532,0.936013073624531,0.530553219223453
1.04462566377176,0.973038989988665,0.799271941487399,0.747873329623791
0.614841266406996,0.2610057030717,0.0598388445373501,0.152338211440161
1.72640771290205,1.23697331089781,0.820410173805263,0.615166211607806
-0.0900705025275094,-0.252246819359796,-0.407906487836518,-0.519280243637757
0.944644486645686,1.06179787200835,0.8738419647446,0.635313076963002
0.099982970685329,-0.100485925329621,-0.110485364048131,-0.21575473051401
1.07450207635158,0.959294648626596,0.776225034051002,0.703810594043325
-0.0239247173871563,-0.0147394625447051,0.126805278329024,0.0877869536758279
0.0514939773270116,0.23010380591522,0.25277084695229,0.286540865231432
1.1350942907763,0.784790897482104,0.471231619838779,0.309171515164303
0.21437211087534,0.0285783679442072,-0.0707383487432822,0.0384753355189806
0.0847294683396057,-0.228594506308349,-0.30360559373525,-0.450685879888556
0.476266665585305,0.45611647964481,0.337264180981049,0.282204847038396
0.677255777259413,0.269489484988448,-0.0838492150111421,-0.0470857370100237
0.187783963220222,0.282466788550072,0.346878850860288,0.597403210941749
1.3808294826392,1.05665691638211,0.837669034942901,0.862460488489066
0.708558679792385,0.598091907112723,0.212357712464257,-0.146858695592775
0.881640153200517,0.615326498179415,0.340628369224648,0.250416598841693
0.390679472481576,0.150489004563098,0.00432596515547379,0.061675093600397
0.246456128373651,0.137451703067394,0.0024641681303037,-0.0591414652496007
0.664676508385116,0.468514753324526,0.245870692198769,0.140655441040672
0.904156645381897,0.761858625619262,0.538130586342345,0.535335804634397
0.755508052746551,0.391491386962326,-0.0858296469431254,-0.450264429628598
1.73317389841134,1.63930731985257,1.29091821050658,0.930312077375161
1.47516771669104,1.13519085369012,0.744463030523764,0.763988470503834
1.39349370635938,1.0101593108756,0.670850862221594,0.408013888825184
1.1996818439193,0.787926055366987,0.499055225037604,0.412503189998514
0.908186667824749,0.794924987232824,0.58765567797619,0.489617024983145
1.29822524034942,0.906494628488587,0.78590928760555,0.58211492980691
0.598899788740927,0.117975796664829,-0.156789670431341,-0.400441120948566
0.205842446268783,0.118550494703698,-0.0171777225066634,-0.12200259525487
0.915424162914214,0.393438559336622,0.181459012212349,-0.0570576922510231
1.25975100313335,0.975992545487632,0.692973024074583,0.555842480185303
0.300633952879062,0.428798863026486,0.408376983044482,0.576898992045065
1.03098108551412,0.643757447759142,0.313696948302928,0.117578880884184
0.803475456924865,0.417143694942105,0.124088105224954,-0.0683576258951568
0.545792612542696,0.416392319817867,0.246187960257175,0.114143282410026
0.173849137842391,-0.130268067151202,-0.11855249507034,-0.261731959943822
1.30962865284198,0.644945160037705,0.17832087854551,-0.0580003133659703
1.87480493824741,1.45759178058784,1.16262048723576,1.08290991283996
1.2824769930348,0.937791679485738,0.640709201174878,0.419331732471823
1.26364337748496,0.937308539531774,0.615049193058741,0.460134081956133
-0.0837417208790298,0.0201151554980263,0.2029671587037,0.250882371727757
1.16849392001876,0.922344929613257,0.687108930611009,0.505896361231627
1.9434574900908,1.69305661174689,1.36780147124377,1.19129057488
0.82807606617353,0.29767446752294,-0.151281144755052,-0.0460898074014192
0.407687350644777,0.40259443132895,0.254234384121301,0.194782284734498
0.960541987704834,0.677860449919054,0.286812595501428,-0.0528044845739609
0.0590384199967431,-0.293971067675262,-0.360434932004196,-0.527844911721282
-0.593829259363855,-0.462746100349054,-0.274898000024102,-0.21102825246155
0.63225721439672,0.539222882343725,0.469326463326056,0.477537030518572
2.03085418685368,1.76327245169851,1.13291183552196,0.564067230059237
0.979419155186792,0.398529065882162,0.171583144397452,-0.0771111034472049
-0.833721303505492,-0.887597209435337,-0.836900389875528,-0.878331982626774
0.949128290154802,0.734369501697458,0.503854191694877,0.384445451204877
0.549403207123055,0.532995374409979,0.389681180390087,0.320971781611944
0.679010509668546,0.293614136313533,0.0547775575647926,0.0754174911357463
0.803979941483867,0.463120422440496,0.130023839318322,0.153564218669581
0.901661187684452,0.58970237157311,0.297401254103787,0.172201044831912
-0.212064256844553,-0.491690866487798,-0.559198455176365,-0.687613233164133
0.670220857215089,0.411325464671109,0.195675751831945,0.0475819907236504
0.962081431217276,0.454351441283856,0.178643491127906,-0.0767736053077377
1.80321549320309,1.09629136581965,0.517896971834636,0.373562376788295
1.08185323424464,0.648778977751614,0.284405813793244,0.069139074680187
0.0372643669492475,0.185537594784198,0.0890504910077112,0.321040774875983
2.38923513180383,1.98268194258898,1.58594670169695,1.36911743899933
0.627247389035855,0.750696277292855,0.533785709490602,0.268781802950888
1.47705823954286,1.33613468584832,1.08282129516516,0.963536585101987
-0.424578859075479,-0.361032973796427,-0.404260843060416,-0.390948231653709
0.383457209043557,0.146989425637322,0.0947297245476791,-0.0333413060899985
0.955825168271988,0.829394481061457,0.592605620717272,0.466115497131826
1.42985972154301,1.20838706709777,0.85114595779125,0.507453082714872
0.305895320608298,0.204211520042663,0.128785089589846,0.149452530517096
1.37829660323617,0.820193730269958,0.49810125793748,0.20873009133007
-0.650237644658502,-0.479795244030101,-0.356027613287756,-0.16510963860407
1.45663198323108,1.64888916502201,1.7041983645248,1.77078655932505
1.18166658474157,1.18179790451674,1.03169808321469,0.954525535532405
1.62855821874083,1.10533928992035,0.76742161455308,0.722304408562845
0.745442729327782,0.44028975181874,0.145200326219305,-0.0154388909534483
0.419293962827666,0.3093302968387,-0.00768463474167347,-0.298280004200579
0.299186497166325,-0.0797872704361158,-0.415297192282492,-0.618907808707284
1.24736859488343,0.857664982163649,0.434359276121738,0.071263952124477
0.810685499290899,0.408544785674585,0.0733458846751718,-0.182041585099342
0.592431116255887,0.303674127132286,0.0134492834797648,-0.109153392979718
0.82816390262777,0.905357496693728,0.771773378511883,0.722647242038908
0.190625901149689,0.259831037465912,0.308654886999639,0.527613694876344
0.171591333670133,0.0334006861279987,-0.126938947083442,-0.250521660680349
0.895480427800814,0.810838013892977,0.507862952421639,0.19282014807576
1.35115432868944,0.730025110442764,0.176027248854399,-0.244722640660786
1.13584152852294,0.739858533761645,0.406061563665945,0.247601203579394
0.799634530579152,0.295317094549119,-0.102707313445463,-0.390354327891969
-0.0182482282984326,-0.0312829710453839,-0.0396412414495795,0.0956132868306859
1.5153090862109,1.27297275949743,0.848970062339575,0.456098453176086
-0.410560543665262,-0.250997824752861,-0.144491017501452,0.117066191639615
0.473760086762132,0.270221381683509,0.274792812135381,0.157391681303234
1.54862815958977,1.32303039912716,0.973059876357553,0.81679442423541
0.880307620981453,0.185063435015455,-0.118467487857366,-0.357964296946982
0.644491165885687,0.699696052620882,0.624676684853402,0.592542214406812
0.458206253510793,0.450480500727106,0.348936239843027,0.293194307781529
0.423523927112536,0.323350997348454,0.198317954062533,0.133634282223312
1.24928000848887,0.694537641476481,0.250395320457562,-0.0521134856668696
1.52543154161047,1.09009453447455,0.721885135622648,0.548047274166682
0.42816046679082,0.326746325439429,0.201403012298507,0.0994501872068097
1.15162759088251,1.08890227500434,0.747489595309507,0.396755211941014
0.893736257251154,0.807033436405852,0.619842977453981,0.52712874856486
0.200415084537786,-0.162092403316424,-0.377404652425274,-0.574890169362024
0.867817043841442,0.943917600996581,0.767995014601753,0.545859026685057
0.479343879784651,0.131285555737071,-0.195138356889142,-0.243493464770309
0.563600600190437,0.368733688305168,0.0946430602724674,0.110326845544121
0.662904711537081,0.472451282591985,0.342586475720127,0.44188599590586
0.243952181068572,0.149492962286128,-0.00527847762863998,-0.0479937848203794
1.32201133236713,1.14351576389495,0.926287938670035,0.777241045572419
1.0024829583586,0.489134347671786,0.195397519637157,0.188266269509104
0.951144870221402,1.00999968369524,0.906797327583795,0.865035874904246
1.37883885385826,1.0483293233379,0.665500185917769,0.691387201328772
0.280355984681825,0.0311369620355125,-0.201574975870194,-0.359557282162308
0.349640810582956,0.307516589932548,0.170210988696138,0.100059648225836
1.00299879972328,0.821142210654379,0.467972600798613,0.146109421226718
0.318567079802996,0.0240634008138901,-0.240069856468173,-0.401398777718693
-0.238257627643031,-0.10715609749741,-0.0775926566944647,-0.0695124977588308
0.77050497560077,1.00087467708827,0.837058721743724,0.594256746191646
0.600070260833897,0.398038448353818,0.262553904889995,0.355692230216879
-0.442413597733246,-0.450264433676564,-0.343142064954152,-0.37362250964963
1.10077921145062,0.931645526394068,0.722152098007115,0.58805417224614
1.2587447589142,0.88807128744821,0.642916898095661,0.649071173415147
0.832772097473829,0.835989253598435,0.776737974257734,0.720000942666664
1.24798066455364,0.81028237754981,0.442997980123649,0.182481170198489
1.00094633780965,0.583399559951769,0.243950988081748,0.079246562956578
0.382562483687953,0.101450956619789,-0.099793332346511,-0.137911734840425
-0.562034539145707,-0.466008209372657,-0.405327021144749,-0.177748243344135
0.316754153697197,0.455240908843545,0.434550169556485,0.442823303708808
0.555716113133097,0.53013207670666,0.437603706019159,0.361062259296602
0.516125877916022,0.462334274127724,0.426727900529146,0.528505226049194
1.33905572948826,0.772294684131178,0.262848339200199,0.275987815022905
0.181815176436754,-0.108886680847533,-0.304930321107401,-0.27685988978729
1.10434469075006,0.614549035391375,0.206108765902697,-0.0544385936217286
0.505138595625552,0.136586259394988,0.0473277198205105,-0.125468466679352
-0.308329970678615,-0.453363663391545,-0.380275610905129,-0.46975121613723
1.35115786007491,0.989941518839529,0.68002408384526,0.439784486429614
0.413792259626144,0.100195276948831,0.0186275851701996,-0.138671991381465
0.692752140626164,0.0198852150193534,-0.235295811598554,-0.492372832488125
1.23014423752888,1.0675593025091,0.818412065681135,0.67951392890921
1.05670373687886,0.459319000999903,0.0448062818694916,-0.21378243461706
-0.470557742779009,-0.476119031774544,-0.6461935021433,-0.819608983084842
1.06366870123478,0.841433486542692,0.559481022667495,0.557332978059532
0.667490132691966,0.530883356806664,0.321957444494248,0.28673480535462
0.390998187767679,0.0466436131764446,-0.058547437544025,-0.218021042163697
0.0708863018189735,-0.105638836366964,-0.273732791784464,-0.385957114161925
0.925445633016401,0.720080495106334,0.587426603494151,0.703788516843843
1.15433722039021,0.682278472884372,0.388621084714673,0.315479437298137
1.35797987964612,0.859658526549277,0.473819889210262,0.286610499906397
1.3086680410671,1.39221945058292,1.2907044659127,1.14389655355779
0.556060056646419,0.50824961738905,0.23597493228163,-0.048931069611593
0.0281997020944779,-0.160963064174862,-0.158188807256254,-0.258110127751258
1.51097456842,0.701426968284325,0.176267351166854,-0.118795249554376
0.932882868939036,0.70330131819688,0.394786583002436,0.439113832671231
0.82576909057231,0.386324974309979,0.0584838725932301,-0.137492311263968
0.529061737638152,0.417169820411979,0.351490934287409,0.525489342780835
0.757790751147614,0.59741530009034,0.355441990714446,0.406934094517925
1.63730301914405,1.00286976460088,0.51138694704739,0.337293634545409
-0.184508603319226,-0.303064054989139,-0.460140939918887,-0.574327223557726
1.65410634544336,1.5423043724436,1.16092315356794,0.791210255761319
0.843793075919793,0.738134342267722,0.500560149658539,0.393570938670965
0.677819143917766,0.540010136256339,0.312734738913718,0.195872705788043
-0.205903799944568,-0.342759488272088,-0.460218099897123,-0.544089280714653
1.39728222554467,1.12367582396259,0.85270632309428,0.684762574849735
0.767056576237876,0.590036373253287,0.47506514234268,0.591956908823196
0.805793747192059,0.524894683089107,0.153292634867419,-0.170742087724389
1.9168913781153,1.23833875951626,0.648456895854902,0.171591532733135
0.483758920288907,0.686665345377365,0.588350915931157,0.573837971290293
1.39880013818508,1.00819511634511,0.666879134768688,0.406063823429544
0.452586573507746,0.0889813639136431,-0.181523456231126,-0.332604467243012
1.70702537802036,1.39925622735882,1.11714635885115,0.933062210917911
0.800260885290469,0.309792845330216,0.111868965984459,-0.0944646572410756
-0.209108050227543,-0.368513426776518,-0.621597969004614,-0.495531278860416
0.997433046544854,0.716008277052239,0.473826543185351,0.323367824963053
0.407514433680505,0.372640509341658,0.172757555604065,0.0994958199734628
0.252992520836195,0.117435759171072,-0.109131326583421,-0.198893639076321
0.847009777765499,0.626006725709638,0.382374176548705,0.256154207338782
0.644640157504439,0.462339621837128,0.424749380782539,0.3095771861991
1.32930358201231,1.22314054155704,0.992642728634172,0.86453493803004
0.639048314204546,0.368643136034119,0.0799520969290995,0.0244478902624221
1.05585029346522,0.95845445436144,0.753219503622499,0.659129822407455
0.658351765994676,0.438373876042974,0.200824129798463,0.176713143855765
0.0725780620245159,0.0106847476385206,-0.109825007732218,-0.202851777368992
0.774557700756934,0.889894963729541,0.815885817658379,0.796999696713628
1.16119894061979,0.838116045150928,0.505794067682043,0.372143999654441
1.67353131614694,1.55345870661633,1.47095773440161,1.64867860929315
0.322150173887169,-0.0558771752797218,-0.151847487086604,-0.321927281390528
-0.079804468505801,-0.144427806304527,-0.246847874046437,-0.283295993607779
1.41740254927527,1.09530876504205,0.515509399954244,0.0108572351164097
1.40794013282041,1.24540473899723,0.991831260941129,0.838114529793205
1.39743703280122,1.16132015206242,0.723986058488629,0.318998345783188
1.53849432743453,1.2330172028814,0.91046739045056,0.780450682178589
-0.537297573303072,-0.68449631542611,-0.71258482987197,-0.799693429723963
0.608809533064419,0.215101463764243,-0.0882816558070433,-0.200138739024695
0.367117057131883,0.351682460875277,0.0315978476979207,-0.279692123774949
0.272278886626912,-0.0957886843120733,-0.184023707458503,-0.352990489639497
0.586401896058669,0.471560054426912,0.237656236054304,0.131860349755311
-0.280295030476661,-0.559186034035836,-0.603810286046383,-0.714368071604092
-0.634642147452697,-0.408126089111608,-0.290727044707302,-0.212936055233205
-0.885113208972513,-0.527120791735229,-0.304924009722874,-0.00889801489356601
0.459107051480619,0.158417876212034,0.105901025754449,-0.0548411762570647
1.34124117559901,0.536722870157641,0.0390447582437505,-0.11783534348405
0.694024588114657,0.666802792063078,0.557139738289344,0.520593796110352
1.38321939127717,1.18601404024406,0.781638305211092,0.405305172311066
1.27662462655481,0.985079361803472,0.73621802893562,0.55440587781253
0.448239995845051,0.51222583363229,0.385456748025244,0.344274402447939
0.850408799771684,0.684647731937748,0.57715580417528,0.763849404613682
0.686169149573841,0.460927204787026,0.167925718011864,0.15455861058587
0.671015619177052,0.41737404269728,0.135919085932798,0.0867218685034031
0.883484074633255,0.914043721422002,0.706413198737036,0.641073533064008
0.00192105385607441,-0.0960606450926554,0.0168916536180535,-0.0655537544392961
1.10371059032371,0.950740320248573,0.749353835143252,0.662601993034561
1.05318648550643,0.819020718000967,0.276769332061806,-0.174960209200566
-0.242666971088622,-0.505618434738013,-0.70294035584468,-0.822462474390146
1.15802529665481,1.04063211439566,0.778921153318074,0.523090162529989
0.622252754950902,0.252029034396454,-0.114615110686375,-0.122970524946566
1.07738953576991,0.716401238898554,0.485755975221308,0.496831137751671
0.0366178226620959,0.412767988329515,0.445799336851794,0.508990163338729
0.0133385961331093,-0.0128759418201605,-0.0883156690319782,-0.145180843271364
-0.564152046642806,-0.738763966123026,-0.75729353303258,-0.848081879206289
1.15477331008317,0.901931310121347,0.563131915344158,0.272966496097084
0.461015867320829,0.797328084971313,0.899944303925954,1.00211951820781
1.68886207808412,1.48538402656564,1.00613684287345,0.534613731547164
1.08518590324108,0.976390326283699,0.817904341169339,0.743960913610935
0.369483007056399,0.320072498339737,-0.0572786900137482,-0.39327535658567
1.48703299514423,1.28599248325444,1.03929403136625,0.924620821058658
0.88181307066986,0.395890514995006,0.0413164489795152,-0.0691804521964856
0.162062785165313,0.230272662036968,0.213385706484561,0.233651468116079
1.02740725046537,0.35612622890906,-0.124579753965182,-0.396696289005001
0.95537341291747,1.00491183413038,0.868020397018199,0.8056398019623
1.03946913517978,0.876998880677474,0.763417282777098,0.81976963122613
0.546658076041607,0.394458446500724,0.187329818246309,0.194001074955755
0.421444065273125,0.324738679173375,0.149341166308034,0.0532436667495897
0.99769053309342,1.07311812428866,0.935215039131329,1.13259032668809
1.30817190986075,1.17558436558674,1.00297927123082,0.860687694057692
0.551172388845692,0.393840466917221,0.127434791229647,0.0161734912187513
0.773340391307835,0.57901201504341,0.303231722375216,0.367760470594328
1.40604044767699,0.917728046917761,0.523044768134999,0.317525703084851
1.05229575926665,0.802788434752889,0.472715951633802,0.550361002843926
0.987233626483973,0.437473744252883,-0.0225950588254455,-0.129167066388281
0.568006252925778,0.564765359524039,0.563368729016271,0.744275588893556
0.728731468718053,0.612871062745244,0.462296739864093,0.379039515882338
-0.0150262430228895,0.0315721785401911,-0.151748249851525,-0.367998795841066
0.65797929359576,0.630065648992929,0.44914598546601,0.370213484484649
0.57120115387463,0.373642733470267,0.261835810589794,0.502162631630015
1.25670395861496,1.28744605092738,0.997229301028741,0.676561300086926
0.793797817660404,0.432288542578885,0.0865943442116037,0.0952929648743273
1.62186077516291,1.08267402935756,0.528242230535121,0.0818586491344061
1.27834833056568,0.84610101778422,0.494095491173532,0.251154448339497
1.86855220569372,1.53051434342846,1.21279884277694,1.03059461984816
1.51734391845143,1.06064623977365,0.561035371015989,0.166148296833365
1.02340609496491,0.561080402519196,0.190334661393197,-0.0605334367388061
0.448453946439173,0.245280663225964,0.204533919189989,0.0908688723503353
1.57440507282357,0.996062282122733,0.461124459354534,0.391408848554663
1.18109544804262,0.486865453404681,-0.0129390758035569,-0.346302364216148
0.631966871762685,0.541330726762048,0.388765427028343,0.267500388881826
0.631415265021403,0.197085119584824,-0.108972832430241,-0.275919383611593
0.153928475133986,0.345332128660846,0.172273316641391,-0.0480073398200813
-0.0304638660963687,-0.216732414784033,-0.340583311507788,-0.424895630526414
0.767531637123268,0.286176889161503,0.0702159598350865,-0.152539385699301
0.445832892120606,0.336774345754447,0.261836287139057,0.356466602455622
0.719951654926119,0.397814933479366,0.190208816839915,0.178984432394769
0.27878519442205,0.0943023858752746,0.0673430663127051,-0.0425919909841111
0.410559073666178,0.187545344141371,0.153311956966976,0.0302777633133864
1.28534806244583,1.1239792549677,0.699371499266074,0.274790728397902
0.793662924322307,0.598902421682142,0.337413761537899,0.194955537797834
1.96068098037994,1.46393399280453,1.03976517555383,0.812821687221691
-0.0238300212671052,0.438922106005573,0.617205601677842,0.680202795659353
0.997365067323662,1.10283223984835,0.931720377302975,0.885857877581563
0.158598526919725,-0.146408795029081,-0.296472684678844,-0.460733171590367
1.43944583188089,1.11176623135336,0.795970622955513,0.631652221455671
0.49304255470778,0.724010743306616,0.694268532408965,0.709921261141633
1.16709804528271,0.805056625263298,0.652051542918044,0.454360455412718
1.16032685312748,1.14905653212403,0.953982298951095,1.11398119158345
0.779042842745279,0.475349302885646,0.223600558132323,0.0890072605842629
0.902845020075199,0.620175323095358,0.283720106591435,0.36313863846136
1.30614291823549,0.697537245599256,0.261110821881104,0.0117631899948687
1.28509849654351,0.955121640768803,0.625003881478758,0.453043695953111
0.788431395348574,0.536635401585382,0.138931509187571,-0.197174249982769
1.0589429175112,0.737349223245824,0.462628873020088,0.277272376998389
0.277748627875797,0.00946783457345063,-0.222981306413679,-0.345451952506649
-0.390032821933785,-0.602855920319343,-0.765442552319483,-0.862127587416947
0.94246268093788,0.696899631578108,0.540700216531004,0.613560240536603
0.32079822187118,0.106158520141831,-0.0412193989031192,0.0095055768262311
0.643028095978086,0.246275118364241,0.123895859464601,-0.0476344504645579
1.06375859777232,0.696499748101603,0.371394478398054,0.277981387322112
1.37231393211614,1.06456798590957,0.761861777862832,0.578780909729772
0.509100680068853,0.261315427481666,0.151093363359317,0.0101302888250776
0.299276987244309,0.0539520307326666,-0.0856163015756327,-0.0266868841251628
0.408123225378731,0.191207664281346,-0.113960063958552,-0.0271165178065609
0.861727157368322,0.697803264335465,0.598461857312624,0.772414201085141
1.01102533382756,0.68314958301639,0.458513724381186,0.508151720854669
1.04744893487292,0.639326835227078,0.113447151223603,-0.337831720663338
0.803042883516213,0.656607421667935,0.486042731829661,0.356386605068546
0.897743013912247,0.241451057913698,-0.0940761457463761,-0.355828680019687
0.564444601902162,0.776277919392652,0.745911512896483,0.758827340144973
1.31997092702673,1.04119229318299,0.767958038438139,0.566329115871133
1.0027277567195,0.635842659385395,0.480000644416546,0.273147379950797
0.66200675932894,0.291843141826262,-0.0202516958687203,-0.228508571020648
0.917113597672629,0.560008328179627,0.180536213473115,-0.14095254002654
0.74551454992225,0.502102662844694,0.270162412925965,0.155926797086987
1.5335151286495,1.34419007637076,0.960452869758727,0.595446299327291
0.855113750085167,0.667479882815439,0.455117058044683,0.286793986310269
1.9959356098875,1.53188250853114,1.11439164438001,0.918407511742627
1.43121269165338,1.07881872827213,0.708341410525809,0.663394537637302
0.482183335793926,0.408676521504678,0.457957050554325,0.404160381654959
-0.529127345554162,-0.461223820300124,-0.428754977502734,-0.195708907500005
0.417208497811384,0.256613602225066,0.245838510634776,0.146347899537469
0.430490367981884,0.0814117981733965,0.00851142887037015,-0.144592398795313
0.398563886419377,0.362257787360844,0.247150595374275,0.154189819423617
0.736013174467693,0.562357808905573,0.250540993842005,-0.0416646253834851
1.06024462278971,0.918413094436267,0.625515817113482,0.744758946052737
0.815270288736554,0.67419012815436,0.371169460091001,0.0901266814376107
1.02613030481887,0.669134124242414,0.322609778231411,0.136674786910799
-0.180986034992272,0.159103771352501,0.252136485354656,0.336165719088824
0.792472638923324,0.728880240264951,0.593196403453897,0.487355188799733
0.366022207926804,0.129792405895106,-0.179009811952681,-0.0506028328881546
1.04009850224284,0.770749119376537,0.494577332749161,0.400004346449503
0.7354732643746,0.762032898233066,0.662513488050688,0.619811311581125
-0.338295744048596,-0.248224301452519,-0.354299381907665,-0.168392159979255
0.457921245314431,0.250230832803834,0.0401678377739944,-0.105867421347208
0.577831161260144,0.506539559242062,0.45924197331721,0.55838830017825
1.1195589635389,0.914097516430327,0.617934784518537,0.473194676182848
1.81875112278367,1.26801495715382,0.87777144678724,0.706857298219816
1.27331241235289,0.93224269611374,0.614471661962602,0.458335793528837
0.444044195953148,0.289693338321702,0.188190852630067,0.295380167546326
0.667110532530075,0.747373546896482,0.662817147570876,0.631613126340005
0.891328711734635,0.547890834016633,0.151884339983748,0.183410539002446
0.994086653577359,0.630445823218309,0.39473073542907,0.393122166231146
1.35017046574145,0.928278223254903,0.506881156697079,0.486736916276929
1.22521780737107,0.882727822374449,0.522538865316369,0.490526522609138
0.932354916860973,0.698691741991354,0.436302629136046,0.294603097085093
0.241921567954417,-0.105575357798228,-0.206122967754106,-0.369188770010947
0.385620392764733,-0.0693980306047546,-0.407109685950514,-0.575312944201465
2.01787492141709,1.76646973264543,1.38946255848466,1.03204431737105
0.79331463669906,0.569435749873499,0.327831428817827,0.177546416851585
0.871948750688758,0.433401262703137,0.296301880476492,0.0832848924915031
-0.251956810883995,-0.240703874279011,-0.0984290925648827,-0.123815200556096
1.77567911318252,1.62013263688998,1.14087264653178,0.667452418742858
0.661828424425155,0.131783657876094,-0.192520397232827,-0.246133186550048
1.08544114266207,0.625502842350142,0.236745884413552,0.02177377850585
0.318331127319394,-0.0478706666791316,-0.276141684993183,-0.268968854998092
1.38586956562537,1.20378040634757,0.935113139443826,0.924957581930669
0.425823393069462,0.488324762280399,0.439817673000427,0.421974975240222
0.708568188203267,0.466699984982407,0.310029548246872,0.421896011749046
1.507417290158,1.46107103928473,1.32560287446695,1.28041311790514
0.661700996676852,0.603023301849765,0.562852190415823,0.693454735990321
0.80549551861389,0.783753918536715,0.632588978646044,0.728772908046463
-0.556526078461701,-0.300167285350991,-0.254639857660763,-0.204616896556522
0.741201456993512,0.616879111104043,0.468124707237354,0.352525014678201
1.07675017173527,0.976437135140349,0.709513197546601,0.5814103523661
0.900333760484747,0.920044675702849,0.745384698360137,0.914251319503666
0.68741147691652,0.231271539606791,-0.0316919229471863,-0.0170333055154269
1.23025496850049,0.897129945427137,0.658158667107521,0.61501577228552
1.64792487922656,1.17653910913239,0.748329454173652,0.433835563546186
0.836302168450827,0.697068874401024,0.364964737841168,0.586993980420838
1.22783366222031,0.559142860316922,0.071725036619129,-0.223552951548462
1.42582384899685,1.29675463135714,1.08284805546759,0.953860292721148
1.55451342475463,1.48420253794842,1.27646219579242,1.15698045911412
1.11181933958635,1.0933884233148,0.96429630820989,0.935182969317733
1.7699724264144,1.21134694172439,0.522872064750163,-0.00939126661047274
0.791834348393871,0.602080553253463,0.309834763397142,0.417055151208002
1.27669966772758,1.2525348629832,1.23417114805486,1.35337331935386
0.318650691370429,0.011270708775097,-0.239156010450276,-0.418419067265285
1.4737961845325,1.0133181388059,0.634437492648976,0.435884602182581
0.00925025939959547,-0.0769927680586262,-0.0772449466233191,-0.133083458343097
-0.17767430664871,0.035043068044616,0.0988151338794848,0.181876041196322
1.06914792784367,0.712368577903835,0.431932082068222,0.236445567820907
0.834101125170529,0.701970602000691,0.467219607822848,0.371684874332663
1.03902927453914,0.59024131731135,0.237087941848923,0.00544806850590362
0.696909991693513,0.486407073624526,0.365970090400495,0.504082058057171
0.656726650223235,0.487322291773374,0.246885134650341,0.287319719579889
1.2389251359871,1.15532420247209,0.825223998266221,1.05673232014561
1.74598495446512,1.42201529332082,1.05848152572812,1.02363255233252
-0.073952031816071,-0.140057661760337,-0.38374051249152,-0.617335856972564
1.49188119322706,1.09078384230243,0.746567578103636,0.531712942393487
1.62559776256406,1.29582191300657,1.06394196777879,0.992657300178083
0.753772300215406,0.318088361276773,0.0459722286556524,0.0810048840969302
0.852488158920811,0.728504382904648,0.45025463665168,0.172060812840159
1.19089215016354,0.646184859793836,0.241811451599313,0.0686408736528166
0.353410165173689,0.360074307131321,0.255493061003498,0.345840665022872
1.4385159360833,1.34050268897904,1.07227010570444,0.801253342890375
1.29319169705726,0.955141405500352,0.58447669810325,0.558139258057888
1.38086878268959,1.07826271112679,0.804153305963444,0.61472084231297
1.12932870786125,0.94184095039558,0.695053871185658,0.552952377537484
1.57440316906685,1.22123034105533,0.878043921725352,0.660763794735757
1.23947325910091,0.835337105787155,0.678481534341117,0.481027533806782
1.20384673497961,1.0197476038799,0.547421827802645,0.10562877641602
0.263790455062674,-0.106319282994205,-0.274717076015468,-0.458525432504389
1.51220041013911,1.05200807267395,0.590186161997842,0.449888523293442
0.512810811187761,0.674053630828764,0.493404220524801,0.245709504111647
0.357818667886823,0.0485012761724984,-0.19706751968957,-0.366869901600639
1.07849315723212,0.854159762127496,0.494134949141855,0.58808198803303
1.16228262052031,0.950143581608101,0.741279964348425,0.569762102309603
0.756853197856909,0.532196291784738,0.236055574749474,0.269386751089116
1.0862602768491,0.734963062229903,0.482289305680456,0.408283883009451
0.964744311548495,0.776406586292347,0.469340750557356,0.537156389439439
1.36897105553543,0.972620782506132,0.605234424074404,0.416369027195724
0.55022678971305,0.580888179758377,0.389046762122136,0.321076185709322
0.441056869556795,0.253946577772819,0.135379324662346,0.25033363611481
1.1519528853179,0.979455513716586,0.777070480822861,0.675653005501981
0.390679472481576,0.150489004563098,0.00432596515547379,0.061675093600397
0.151090570775546,0.229426760854367,0.216029565767015,0.193250283657624
1.77339713382574,1.3344039256746,0.833051781802967,0.393054378903706
1.11161529457575,0.746789041771673,0.345113982621773,0.341070806572647
0.370086511512632,0.212300766069453,0.107440995673465,0.149644323974852
0.920093900684602,0.654314167434737,0.531566189768,0.382256044572349
1.1081252453909,0.48278779034795,0.0267865340530128,-0.22417636364734
1.3499725336258,1.0666296213979,0.768082061829341,0.570750219810145
-0.111498084822617,-0.253829174778013,-0.33095215457068,-0.173967009610713
0.070998632107608,-0.0148588641866223,-0.121343666863627,-0.166810813686238
-0.139253948237637,-0.0526807215927273,0.131366705487821,0.14403717164412
0.427660893230488,0.312261539140207,0.0125079779722757,-0.270679309911467
1.07939384988195,0.841553600094883,0.608004409848574,0.490522187729317
0.678438607370081,0.381204829850987,0.120159495829954,0.0288017028132481
1.43158910335606,1.32469853700535,1.16274284895091,1.07754709318143
1.31618365552028,1.07921792080999,0.798129408774495,0.630386732762389
-0.015272665338998,0.0631827574940246,0.0284651886787267,0.0223728000548072
1.24648412315281,1.31516922754405,1.03041555805836,0.69691583728704
0.118076711044214,-0.0587346080007475,-0.233570280399006,-0.357837066435858
1.42434094521378,0.871042976994168,0.379790156834703,0.343123457695323
0.218820737552462,-0.0132241678273643,-0.160965952152782,-0.0781820562643117
0.300877223611263,0.169775492172018,-0.000160490576465333,-0.0342274528785526
0.738701150079857,0.221967397232874,-0.137657895610421,-0.317293488518098
1.13116163798134,0.839996627917628,0.565028636662067,0.373068973590892
1.342320070342,0.930286574114983,0.533164775751768,0.436776291302091
0.573684877345371,0.269357719722568,0.0611330322552659,0.0428375968276544
0.684773816768598,0.425410757241465,0.277748752063607,0.449762751123668
0.844392154944346,0.734812972717934,0.548323691259054,0.44530355110682
0.512935693800731,0.283281093888174,0.0164822519624531,0.0345479281134353
1.06594344503699,0.936388023505637,0.54104842050627,0.154194435595954
1.24270108200922,1.05799310909262,0.907425492491077,0.792641718374644
0.764107808102687,0.554354504092943,0.278874519044578,0.313036606916501
1.27624870445468,0.958973074380365,0.415507543005833,-0.0499583622724589
1.49145235836071,1.14977874907233,0.863279070341513,0.66475528898466
0.760134725724378,0.413833749233447,0.12193877018024,-0.0997742005408166
0.584838832250353,0.623952379540477,0.444630937723372,0.385504382385562
0.600513503163436,0.936496395716992,0.886323099841067,0.729400051658828
0.828461988743418,0.563370212303615,0.239297054751562,0.236762575019736
1.53640196361427,1.09497136567514,0.736187986809813,0.535034520711836
0.528166733931312,0.141150410285957,-0.0492432635156055,-0.24089164783796
0.354370048193826,0.113245031080415,-0.0414740490608382,0.0120886861687017
0.747245570715218,0.946831276231488,1.04033842421515,1.13134730098193
1.01770429989823,0.738768158440089,0.484418380014133,0.321000600680165
1.19166812470188,0.862830931080985,0.658305129663482,0.749928193595769
0.352900578980097,0.0622874537761848,-0.160825658999985,-0.30143177730459
0.739520575557953,0.671672985073601,0.328159253143276,-0.010399826645437
1.866004585562,1.26166078977693,0.712054112926198,0.550766712368019
0.987188688452387,0.981876216566914,0.796532251705513,0.952696342084399
0.608508671416575,0.61767343489042,0.442436921403769,0.60155640561062
0.775350910324174,0.489377809549799,0.236072911898085,0.0515782999747679
0.374011013658176,0.374436468276036,0.264704472128685,0.21341385640985
1.01996904230894,0.864584930301355,0.67413228570018,0.585774811489948
0.424510574692024,0.477081949432389,0.374708509950285,0.336001328406233
1.86156420705457,1.41359749485504,0.851978904372029,0.358735222531538
0.960694413584606,0.39851132421605,0.111786081319521,-0.140971714948206
1.31382748402469,1.0152999166782,0.692798994133535,0.477303991626453
1.30896271675885,0.869323533235286,0.333760915922525,-0.119773443782578
0.400971052821183,0.545222200971341,0.298684801014973,0.00313111581021314
0.720380142725528,0.473663571192174,0.325559327563035,0.436285675175168
0.875986760979545,0.560691636425854,0.166477459973551,0.327204159738295
1.53646842652051,1.29051575255224,0.852428206634843,0.452323699131913
1.12086976925174,0.714681219285341,0.301361043911282,-0.0351677493967699
1.62550747618322,1.20657673853099,0.842548375180005,0.623064340289743
0.906376431255777,0.693797733195904,0.440113611148946,0.206428585855559
1.996632664686,1.68128440079575,1.22868506105243,0.813817618242397
2.03229094709822,1.63485095564966,1.24211162829683,1.09943137162942
1.64328310971835,1.44907448592714,1.08527977827908,0.733788044553944
1.05930957878065,0.639193037650621,0.203135420228756,0.159715704898502
0.812503878791282,0.734630007466161,0.552376424838616,0.450146242310855
0.630238298113794,0.413900215628684,0.186135633329101,0.0657897239887304
1.21311224630666,0.87482131682648,0.4365992869646,0.0557792509840451
0.381463003492538,0.117237874729052,0.0105057130998216,-0.135989758059974
0.951207972212579,0.624971739488164,0.275935599119605,0.262954018481882
1.24039101834448,1.10751092668071,0.910305829837969,0.795907684519503
1.2043266935157,0.915896599992568,0.64912605329922,0.481252616820445
0.396291181955872,0.4222308980657,0.30986058920995,0.2616658248772
0.66709422023057,0.313844249538077,-0.160020977985197,-0.530836194080079
1.23749309785491,1.01142972565769,0.644834876565606,0.770435759857142
1.19708093615127,0.852801163969719,0.56256459325559,0.352301264855447
1.22479996170592,0.717336064422038,0.291948397621634,0.118702655644088
0.530323831519147,0.317698634957886,0.303997510305533,0.188801951462371
1.22197209836716,1.22387932089415,1.0023875241649,0.91879247915457
0.0971914593328745,0.0136971785889323,0.103628503526951,0.0366304520025676
0.927153079735409,0.418287117585228,0.0411040688217922,-0.150456586378736
0.376004822234705,0.0467110037569731,-0.121988608931603,-0.289679694138475
0.699899364300927,0.850822158979025,0.82456548517891,0.831963450525534
1.98231912909031,1.72235764278654,1.440490021743,1.27824913567641
1.12504657080506,1.0366677286842,0.884236859365474,0.815740998220083
1.80091405713547,1.56733779619822,1.16404071582147,0.778032106499703
1.44333626120747,0.782051767308915,0.365935991740608,0.232337503028458
1.07035282327507,0.63840384038231,0.266152174269867,0.0504675260565691
0.860014467883924,0.362086927276709,0.212640882335915,0.0143636665533795
1.16016838732506,0.959266896511896,0.515576484780681,0.10131559368048
1.12596652456409,0.94144444074146,0.714745294904666,0.617869787764865
1.54766680827999,1.3642347721896,1.13963878733913,1.04304122808657
0.889639586858225,0.596105648512125,0.342262056143759,0.174613620248186
0.865860608897193,0.613895245851343,0.452318904692779,0.488039868257712
0.301008373456684,0.10748895714726,-0.0112341782360996,0.142837122824433
1.14251255602486,0.886302582389729,0.626388974039773,0.49090008455176
0.320604895179892,0.286059711241256,0.15867486535193,0.10244725497735
0.0429782895202706,0.0350944129524823,-0.0306982327314576,-0.0908927839702006
2.26654541857722,1.90957189910105,1.38093459187095,0.903086186934725
0.962917735672397,0.607393405930363,0.152478510865219,-0.223264823695851
0.153833834850927,0.0333563907128073,0.102393034787273,0.0222656765415716
0.415959395449159,0.265371575869688,0.164110589072767,0.233664178686202
2.01096919593387,1.76557190482282,1.43061141342975,1.42738297438237
1.55596621649561,1.26006602868652,0.959900347063669,0.824361232902762
1.32364291804045,1.03788600317422,0.646025727444166,0.289087996656631
1.84038428567492,1.56070155414468,1.17525369916075,1.22831826760374
1.76238462164192,1.38507259029014,0.973620206431107,0.618343830346984
1.14844787871995,0.773202804679135,0.445545647418061,0.223338063033121
1.2923675178839,1.10788091888049,1.03076592111731,0.910862100445894
1.43842719180825,1.05223902354552,0.681579014656116,0.437310585603413
0.779844454950649,0.550609160154604,0.215957492201433,0.275405731973077
0.271329541363416,0.126992485877388,-0.0346549485348361,-0.145644595070729
0.805306848959974,0.944593303001637,0.715805570993185,0.433551982117076
-0.0914675522481267,0.155370622909182,0.0246570317939096,-0.171091515765017
1.31447896116929,1.43697385673383,1.09179271999892,0.686879029625157
0.16128124760078,0.0985220456368719,0.0574716822433806,0.213227462058764
1.0847404942361,0.912431721303812,0.539340548823208,0.197437361569659
-0.0194439309820563,0.119675567994098,0.205875451140849,0.517421872267
0.96130331078336,0.596293574702515,0.290437597565326,0.102014065699744
1.02041420313947,1.18803344173504,0.991641896832112,0.722249842607791
0.928204331848155,0.513487669365221,0.254110661824174,0.218984073037542
0.147920807720965,-0.17605618166378,-0.373174267078722,-0.345933559937961
1.1957556740591,0.721381308748553,0.3440376623565,0.0798173921266161
2.1379168622548,1.57230702154501,1.10115033420311,0.826769852470568
1.2723775614055,0.854639073243392,0.434203244233478,0.37213479980181
1.05028596113718,0.990829621928265,0.595622561715504,0.210104910255139
1.16423190924421,1.04177740591371,0.814371111644871,0.684431907083759
1.58489756123519,1.22719967486715,0.909902390064346,0.716115436873997
0.744303136247345,0.506250337411183,0.254881124173542,0.0830825462939937
0.0520672769867979,-0.00432350925527042,-0.0790941739839209,-0.141022744366356
0.788043163032187,0.588746753877267,0.271808876079332,-0.0233120129127065
-0.167757686564887,-0.347323064445311,-0.321490896532061,-0.420955638366376
0.710971975044449,0.600152401537081,0.435709891309109,0.311730512733983
0.726392439006319,0.725815544924942,0.363713648985899,-0.0031890194283099
0.530078277514619,0.253424522386024,0.026792358876666,-0.123192222508232
0.827917060569171,0.709090823585573,0.521698414027544,0.462011648120992
0.566121907518494,0.478215694091001,0.332762747067551,0.240998127793286
0.822027924207076,0.731641353746384,0.588402328291252,0.476869020538749
0.793481929818959,0.675515134965056,0.594721376388527,0.763004252191993
0.559720056041288,0.617311559245639,0.499703631957523,0.660508308676883
0.624015693911371,0.322478139945445,0.0635873313881515,-0.124223449820716
1.90781145359551,1.27911469737237,0.856708590429084,0.726031559197302
0.14101033463706,-0.218443811909825,-0.394133688807669,-0.556913536992159
1.95052533846291,1.65839395057225,1.20217414013237,0.792287843644258
1.77625791598555,1.0400893978281,0.384813152093379,0.534535832561376
0.090054763304294,-0.0988458691286574,-0.123408734151553,-0.224444629716018
0.511004745363673,0.352514701442833,0.0535387581267125,0.199905348893446
0.821014017000045,0.441746500829866,0.0927416100170852,0.00494278404795773
1.22789870628023,0.912550979545032,0.563254141051768,0.615319315440594
1.93131122333037,1.69675814151325,1.42978216280657,1.29122276594126
0.688702302364335,0.520655118817041,0.274977774155793,0.329474859427238
1.93001989078202,1.71073003648594,1.36158177962691,1.44700577126841
0.943111536160661,0.604837405786048,0.322466936540194,0.114355487429077
1.49164696812038,1.02512999024511,0.624360958059828,0.445626804013262
1.58191105951892,1.19310869196418,0.842715544729028,0.567154554024429
1.34181738442919,1.11443349998726,0.784063050691671,0.48009529321371
0.617013742641339,0.495376711014691,0.247044243434378,0.152485363671516
1.4506154070242,0.933416469401988,0.465650909794316,0.287881493283205
0.465888877074094,0.234061513988891,-0.0278796834515993,-0.146741421763751
1.5244758647008,1.41240408043611,1.15581902401663,0.884466431653477
0.439695323462494,0.397715925402133,0.295344513563033,0.209913779352731
1.32396922563351,0.935433391019328,0.575570482970429,0.454874547527974
0.700390174655556,0.515330467024093,0.30245833444953,0.206282360799678
0.828539902342413,0.317347366558853,-0.0612436103429966,-0.228366293290027
0.929434694296006,0.603289201126208,0.0706799474146039,-0.384161139193521
0.574633394715379,0.287121679669764,0.0365852712622913,-0.0862420290349057
1.06695672211966,1.0395882323986,1.02018577525813,1.18126737671176
0.17226346807655,0.16672466592616,0.00316178657528282,-0.171207147580587
-0.0535444196438698,0.0616003423578318,0.103709790781386,0.127034768911232
0.970882377327921,0.898753127281033,0.753651373209883,0.666453193321249
-0.0848257503971864,-0.148121784247666,-0.290946250586689,-0.225426925340145
0.36484246708176,-0.0206453628795915,-0.159236712284836,-0.337088518700607
0.981661942994622,0.89565706774285,0.774334124248651,0.676562930194686
1.19329051361348,0.681332391874519,0.462740062943905,0.226681838076333
0.737774974303964,0.672363149954348,0.422192815911178,0.170355943500614
0.442244357008985,0.321279197486299,0.170427472875349,0.106706208221665
-1.11174701336265,-0.976287383422457,-0.740968346215584,-0.750501924254392
0.995659677175369,0.674876237564552,0.379233674508515,0.170684717795467
0.957225234041027,0.752991728942449,0.545570661115084,0.449530745854559
1.33047917067911,1.17173687297232,0.869334970274318,0.975894963419159
0.696710458620488,0.335455766013992,0.112675106179093,0.102938245324217
1.56830515290756,1.28043607863919,0.835749329989525,0.44672113232156
0.608952202641929,0.466350456174586,0.267504524244269,0.215270082907089
1.24005454680526,0.871398115740145,0.460460739919676,0.513576614183631
1.61919455623387,1.57260333964524,1.33917807694426,1.47415116176621
0.571840950920612,0.460201050862283,0.294441610690277,0.226143921216329
1.0888348897042,0.732025691255041,0.415930263906137,0.195449200375488
1.54614348055425,1.37529074406412,1.14206873205323,0.989667913371959
1.32606929582827,1.04208769785468,0.599083552292906,0.192873719607814
0.960091603921767,0.803344719962455,0.627616421004995,0.536907614029505
0.947066367732154,0.823785901882955,0.451117039035596,0.0946722410298092
0.200863706047117,-0.0981442673351627,-0.263015603486675,-0.215958207968802
0.353652756206016,0.152211911218478,0.0238135017385384,0.0806418733581714
0.479050846421185,0.0697377283834891,-0.198334332034149,-0.260400439964328
0.66425092211922,0.546454257958657,0.284339575852779,0.214481508651336
0.559476629054755,0.218211296834817,-0.0999509828164686,-0.229524569879158
1.09719845129585,0.764777988200551,0.47041248293922,0.271119976030434
0.894063829578206,0.720030965806417,0.536683094591561,0.398273966942613
0.945151775107777,0.776988695223062,0.519902114261954,0.382856921139868
1.07415462496602,0.631590976314954,0.358181632401164,0.352372574899334
0.96797390020501,0.960762637112531,0.85473790597443,0.797144389103107
2.54240299647441,2.0412562727781,1.57898889812792,1.36176045621108
1.52874964856235,0.908585540231553,0.535602410881606,0.527231938510689
0.691110413036989,0.665896560994513,0.565245788247327,0.525152111351943
1.11781736966573,0.968221465896905,0.615108071119864,0.824258441912836
1.3124438568293,1.01886664028203,0.715734537974367,0.596956616922719
1.41227493122248,1.27166322678817,1.06261557819646,1.07155784646275
1.09529528592419,1.15350204273447,0.983770423645823,1.1910613062202
0.071622606437081,0.522500324153637,0.332766228995069,0.0620651332051923
1.17650084651834,0.995944715758161,0.810188311813001,0.705734909451496
1.68396036612969,1.36205684700746,0.816929699578316,0.333884414473921
1.09881080033582,0.999257727315522,0.86591920940897,0.853968224461796
1.07277097043228,0.495870640124163,0.0523782890020644,-0.182942503206298
0.405277563669563,0.485868235440683,0.536425123213121,0.806589936971035
2.37627747495076,2.03761648188191,1.55328193868764,1.10595101784518
0.473984963031423,0.468342357843974,0.388133292328707,0.34235226777497
-0.2347151617273,-0.413448119998886,-0.426198355139288,-0.525256799767192
1.41433847701162,1.32867447638945,0.91454451027912,0.500886671762016
0.55414692802641,0.385249213710279,0.172787826448312,0.0446150893747802
0.409590416172512,0.184533832300312,0.0530477725140557,0.122760669283246
1.31380910829036,1.24144234945194,1.02353747083067,0.90581861842346
0.258862222768521,-0.163230934512853,-0.409153799202583,-0.429263247048284
0.729825476083214,0.924229655018228,0.84901736031579,0.839338659479346
0.249578635794919,-0.0214700223364972,-0.134058258752287,-0.273067415223825
0.865900450350547,0.555723755138513,0.257191023359659,0.10248082164409
1.13452871891871,0.725557207884895,0.270496514956201,-0.0681955334082129
0.0831353731241515,0.217460496187799,0.172491002301844,0.356832098044605
1.5383968560089,0.907637663525618,0.411220034461979,0.219397072963904
1.74183800133816,1.20692524633054,0.69093903188524,0.697610677635707
0.670612274406235,0.264669117706806,-0.0209260279595857,-0.191030729449387
0.712986218914499,0.36425105488116,0.142074183255225,0.150641773363159
0.852730774146118,0.431998774770088,0.162887841175196,0.158729970444467
0.218189026991099,-0.0809879219467207,-0.275917157792019,-0.245425071778161
1.16186648785483,0.910990717462385,0.664515398007807,0.488397467573198
1.60790134147444,1.15319329077682,0.687402946229653,0.682263035749386
1.17404410568882,0.890616757838356,0.676002161113492,0.611652532018584
0.286938935734584,0.223337630841062,-0.0230923389341212,0.152495472621255
0.588209747632481,0.573217622408879,0.3853374994191,0.533833985019324
0.736186952578765,0.422206818761943,0.133101754031605,0.0809850737034983
1.48061095848593,1.24835362766373,0.612809388219338,0.0464900687612122
1.15616395357475,0.859533301153693,0.565400028165242,0.414957517768424
1.05245198333902,1.10882354027142,0.882767000665476,0.617305011051252
1.21064653225589,1.09717394480731,0.809293707163112,0.951796156231235
1.71064546561267,1.44032487056801,1.18695556596689,1.03881079223768
0.235535778806194,-0.114893783104967,-0.322471689263976,-0.293842725651654
0.851654457415384,0.537965596978204,0.386073659671187,0.215656393009221
0.529874448275498,0.236305965699767,0.0557170413256902,0.12958394710617
1.17537148461563,0.735025929001413,0.37025704815612,0.0906532936797363
0.474043699679568,0.3679739530733,0.303898175610283,0.463876185490626
1.68476182111735,1.09833486711903,0.624606570009339,0.344781929475776
1.27064345350887,1.2841499977181,1.0777059911894,1.26558767421648
0.913695589625351,0.94493974450847,0.789522644808916,0.720007815131121
0.751057928244757,0.632103885093983,0.54882462419209,0.647230939200256
0.441544473758586,0.485035229845373,0.247699628693375,-0.00599026188315144
1.21951954632561,0.998719828308707,0.74595889649257,0.622545496572614
0.902218549749547,0.673465771085175,0.446102015580205,0.276225448933625
0.474176969365865,0.258726380410874,0.125301784037624,0.170814083075387
2.23326711245442,1.82009205714373,1.39975413077165,1.25539666024898
2.01583806005145,1.64600977296387,1.26979600223225,1.0161894611194
0.53217618507042,0.554485815539262,0.350013087736562,0.120955875511803
0.721231283782622,0.549984202409015,0.380272832483661,0.251795570958819
0.753739558197748,0.641187974212543,0.480136354657491,0.351426515306473
0.246612641966048,-0.101761683616151,-0.317240092805769,-0.363556221805804
0.660560218389031,0.511563738193054,0.337926075526262,0.263397959142031
0.213287554617243,0.120931955529495,-0.0419781277078103,-0.00386121509749954
1.76538391013456,1.44970887184151,0.949782295535229,0.49362456925327
1.08011695167582,1.26480094746727,1.17433219014662,1.15854450869725
0.408965365279186,0.02704192381819,-0.267756096449382,-0.47280596090224
1.33744223961875,1.19684423170011,0.791632474209621,0.400744490831928
1.2760360892884,1.0917722404276,0.831736781094921,0.855579041477331
1.08430155733273,0.581668855886069,0.0243460375369893,-0.411525421014398
0.735703538508456,0.58866002979753,0.414495126043195,0.287116260813053
1.59295050292361,1.16276065027783,0.796569242162625,0.58770791041529
1.67918853759962,1.30616309815596,0.970231224670004,0.794036175775682
1.60484691007979,1.07441632514992,0.60239044479075,0.407602114173042
-0.0035067553659338,-0.112241548232964,-0.0826620011266568,-0.150501590865352
0.585875013248834,0.365510251185885,0.20374657173631,0.184753114320426
0.356350020804161,0.0355906645420465,-0.0756447132066868,-0.230414572971599
0.79970659382918,0.743829433245124,0.630455216447905,0.592332583539822
1.90797088793991,1.71840836807902,1.48107380166965,1.3250913367673
1.03170244439672,0.699050937396917,0.414610742937359,0.217078005930937
0.837980906665499,0.613414167262026,0.317786057732579,0.167999748259474
-0.0806746576680482,-0.199423366374294,-0.284566022117812,-0.2175998758536
0.205373126989251,0.11672023066269,-0.0625303125530163,-0.00299225453360863
1.90271761195098,1.05634820319358,0.385383174972902,0.206615264244255
1.33791614620203,1.1709301935197,0.981142369568749,0.822695577026215
-0.0357464296715426,-0.345501467724584,-0.473116677111389,-0.628016491315714
0.0853877754292394,0.119351567509461,-0.0410620675991603,0.13624150312303
-0.0386821328771924,0.297577170834022,0.21535465711086,0.03013966708072
0.596569117437946,0.369557804785312,0.128581561708224,-0.0243560911289984
0.52864890605785,0.270066875116172,0.175718042550949,0.0241665115115011
1.12110065594229,0.629396180406325,0.155075839124986,0.238149838780318
0.734529185754371,0.168079643377725,-0.0845429192689219,-0.324246550105971
1.03334104468518,0.89635084345504,0.603389436418509,0.729825657715623
1.99584926138578,1.40911448444783,0.91525819209248,0.579155395805355
1.77369508330338,1.34203837319631,0.82619410734071,0.913220979026861
1.18388694142995,1.1046848639867,0.895336061673827,0.780072601349636
0.99109414481186,0.932397685395483,0.733451615582511,0.83981499809831
1.89841148284871,1.30335203618237,0.825626387575253,0.50540471665192
0.571952917045197,0.188682181964647,-0.111967845177999,-0.295577879348994
0.671809606279443,0.496692885601551,0.473058926666534,0.365658944719752
-0.0228701265530734,-0.0592739682656439,-0.148113922650493,-0.222686600389784
0.593968048587718,0.37252061474474,0.232020717066389,0.353323506973076
0.789986129609012,0.21818282859694,-0.18489854236006,-0.433232866935226
0.37183351975679,0.449712467577362,0.365824797809715,0.339492754239737
2.26136359875032,2.03045444933181,1.64123558810064,1.25826239627137
1.02988473912895,0.532223817128221,0.105355088610876,0.0246844587995114
1.51628805589349,0.93600575043748,0.477322791196958,0.211495441958146
0.875699248659154,1.13299629405909,1.0051065652462,1.36922558304756
-0.254908633218869,-0.397657129445563,-0.489582868966014,-0.391660389134444
0.0298061601779362,-0.152645772934513,-0.149062348120964,-0.24822454878204
1.20616810883612,0.633580893987275,0.215649238141651,0.0284287459672442
0.831477453305832,0.791455196259157,0.512555016573253,0.230002498209218
0.572955094884685,0.116397348478469,-0.0400864507264981,-0.228890725189647
-0.164376801309996,-0.093024318048675,-0.045069943003607,0.155832659575829
0.575800000669499,0.314297314193898,0.142498168474945,0.209282623554914
0.15217438398224,-0.233070395637491,-0.364089872623237,-0.527609739594689
0.975414158994129,0.228304456009027,-0.0166922306362293,-0.270747352559324
-0.0991756664285212,-0.325016068609063,-0.468229646731374,-0.405235472188748
0.53050344516484,0.292906815169248,0.239555368896794,0.105453552018972
0.555347624754832,0.380407171075037,0.192226084204685,0.10389547387381
0.800247462320669,0.629356482974094,0.461512302951701,0.334003276566346
0.944139452759005,0.857487449106916,0.696315690367082,0.601676533099525
1.47044375708657,1.2569205898742,1.00567693266936,0.910242004456137
1.22695172661061,0.770932535005664,0.407941281510237,0.179053933822038
-0.0154628983002298,-0.554423378653843,-0.751842610842716,-0.933808020594722
-0.0826003628898276,-0.063696948463777,-0.0513227474599089,0.15508650004813
1.11337376017854,0.903118765335544,0.4986781476489,0.137145501315297
0.696128658125055,0.395926547293657,0.192980535880785,0.152978055373377
-0.135236363746737,-0.143427996692242,-0.343358168771362,-0.554217897306338
1.18794304267967,1.02768676481482,0.756765610613601,0.606056492275693
0.662491294194413,0.444988714292385,0.237490012820691,0.0866609295300194
0.486863935366766,0.337648916443063,0.15615581269692,0.0208985119029981
0.786620157863652,0.729839954334738,0.542137588658291,0.651766921272114
1.05000989942965,1.08398292355806,0.849312130749141,0.578850193902355
1.96455687015701,1.77671866671054,1.28463207761736,0.791668063630118
1.32033538201263,0.918316556337041,0.615199414014981,0.444529416521799
0.780179023540317,0.525929696073897,0.0754369488392983,-0.331724645895625
1.5187444231794,1.17957154229257,0.848168172446286,0.81441479637339
0.975739793088073,0.565056403059982,0.21619064585838,-0.024909776320981
0.733548009859295,0.420966727653824,0.064917063451771,0.163062135410602
1.07639116529924,0.829449975672881,0.655483791262286,0.723879231220413
0.65352483719377,0.200572978932817,-0.135245551108749,-0.286057888943435
1.02311138890558,0.543701293273461,0.14821466610966,-0.0418886763861294
1.2374135429785,0.919837621030084,0.63135308810101,0.419742056950104
1.23363054693808,1.21137136233158,0.879913068140046,0.529263689765859
1.41348556560424,1.20602915230131,0.95274017972513,0.824800401823667
1.074219275734,0.806259905217797,0.611896278124725,0.605161033048038
1.31427986710967,0.611522907968902,0.206677885330078,0.161122157989699
1.67795970684799,1.34856035718527,0.891297346493445,0.479093716457933
0.756703197696636,0.625488554725147,0.195337671462741,-0.181223458740774
1.57214977902545,0.960738953256794,0.4398667212786,0.268375737701564
1.84836327938552,1.64402490880293,1.40232336625693,1.23630367652657
1.44863595965928,1.03876476619363,0.689702416837797,0.49004672620791
0.224423005686196,0.293280619678286,0.166239371576513,0.129901494973213
1.26100079726992,1.22987640836378,1.20571638440036,1.30378951712709
0.92434408026351,0.437372417646501,0.100097911471298,-0.025379821426625
0.0264884537692651,-0.173359211228483,-0.344596847056708,-0.452657556048196
1.16462843091623,0.976937528432891,0.686244227428611,0.717131286621927
0.426679963269916,0.353172710815616,0.103965602115266,-0.153797101799515
1.35620858203722,0.737262365997907,0.301966734906695,0.103644004635255
0.368484107500838,-0.01646105718924,-0.0687353757695245,-0.231643607971101
0.516465244782608,0.382683753058029,0.223423454051262,0.110378910455501
0.756897260639503,0.522745598977411,0.2771298219693,0.202592827825924
0.8800490114828,0.533449583940192,0.23233603941788,0.0472691729957038
0.454689354314854,0.44259737736736,0.363471780713994,0.345357761268649
1.18965003559505,0.988821084109344,0.759199016634273,0.64973431331997
0.91778321017125,0.672129792285652,0.430949681154764,0.257829124699695
1.52921626130126,1.20008491457083,0.790797404985937,0.853675073294682
1.72674948583039,1.5806844289814,1.31833757245772,1.16104122842483
0.73539915512781,0.538249883789099,0.279121215151235,0.10613092381832
1.16574688287999,1.38369812612604,1.4576356685076,1.69407932257152
1.20299244857214,0.941956295580407,0.688368475957249,0.494412831028438
-0.352069417094809,-0.2891415896379,-0.25176582368194,-0.00151508618600316
1.3840091966973,1.03443052875667,0.707468117565584,0.535049565279157
1.42270668169171,1.16641249563569,0.760385605182477,0.374419632802543
0.472027752005381,0.396510637532268,0.265183284282604,0.283100517017817
0.0911772670426944,0.30544488595161,0.312247888486887,0.344433505055797
0.929207216503122,0.586382116229192,0.289401233412131,0.0715242535906051
0.836364067903109,0.464115093241347,0.236753777765661,0.32967000312008
0.217624086665584,-0.177954079109027,-0.321720515975761,-0.50962363188255
1.25875935367906,0.673077831059961,0.216818458831916,-0.10136213037501
1.04468022982712,0.939286421776989,0.787925799201609,0.717961210223757
0.764266608206923,0.399517925770798,0.207930568879832,-0.00781034798353261
0.826344144091712,0.49814398710075,0.112553309964254,0.202927757412556
1.16648577612519,0.687446473587295,0.296967616246512,0.0985581463159788
0.758918676281026,0.633341995945826,0.470300295505755,0.389574595686592
1.53801934425929,1.52219184369614,1.2652148833806,0.969017802051638
1.17502645027327,0.690393155992998,0.319199461765227,0.121485285502889
0.230662026545969,-0.10704784076612,-0.3655197418163,-0.533200043901425
1.40555698941716,1.12657267062526,0.622668045507415,0.211348972348471
-0.138504539908886,-0.306671063096809,-0.27516063906894,-0.366101589379461
0.226685021473002,0.100544442191416,0.0170951428340638,0.10066413836767
0.792128431227302,0.416472037047854,0.0387573173684534,-0.00417954900476503
0.120306731336284,-0.0641033790248501,-0.0883425649951447,-0.185423328112271
0.400361615781079,0.0818563333535924,-0.109944234658459,-0.0569839565340903
0.595148618736226,0.647389863570221,0.529766980696425,0.481553133449519
-0.142710062642334,-0.381668032206347,-0.579236374118441,-0.709549880426853
0.0664723300093918,0.0651069205166001,-0.0202683187600247,-0.0961327889194048
1.48000935463349,0.697573611669332,0.196710276107324,-0.0348453582747555
0.91472046614137,0.754107559603123,0.414018850397202,0.0745663852309257
0.349106934057058,0.412182629377729,0.155605413246458,-0.132666136581216
0.813158156788922,0.704745771027819,0.52683888621297,0.461691064054852
0.263201049448824,0.193117146078724,0.0655465286161362,-0.034878595854417
1.36743803651039,1.48257451533502,1.38240529662233,1.59662716080689
-0.0316912560313273,0.155024998409921,0.40361168855893,0.491331957747506
1.19698459233054,0.285651093625778,-0.19118715402785,-0.30652423432868
0.702760098898052,0.261063992887888,-0.0366259761532222,-0.127563332079701
1.28973073843738,0.999668409298212,0.703574775257183,0.565709783250983
1.75731342093854,1.33879916460127,0.852601503019993,0.903009406188589
0.382840705647128,0.359131288573495,0.195543870919843,0.312076778917163
1.00194363918675,0.523059567210782,0.173416664206199,-0.0442953377569127
0.829809748456039,0.409186469381178,0.0988459014304655,-0.0962322748542155
0.822713893774374,0.801242350843972,0.711396975342565,0.683607879867253
0.330367211123186,0.256374407128505,0.125047995679258,0.0279799936835578
0.26899063993925,0.0413213571800248,-0.0993799218750108,-0.0420533384828392
-0.448089606343687,-0.68328135024936,-0.73633206694887,-0.857066279187851
1.09952426313823,0.851283364613387,0.567825702030509,0.413011759801244
0.946568312068563,0.65056331110964,0.377069470248583,0.204918882964589
0.298977226708846,0.285102257768697,0.274744365641115,0.351061379729229
0.453515259693046,0.253848077445167,0.0506352700490263,-0.0771802716225682
1.35207008038618,0.98193490348097,0.57798533613983,0.610177739879572
0.688484486870787,0.756711172765822,0.653051623131857,0.813118006440292
0.994095248408785,0.573213037121521,0.213759515438195,0.0442377915696965
0.36172409526422,0.00596355956584088,-0.212723812331445,-0.188739843664672
0.960008152544672,0.414873215675181,0.173220924039354,-0.0824588070869939
0.732768589793329,0.826319231960204,0.669043923425054,0.619405754898682
0.123054446304825,-0.187789558800284,-0.354272801059282,-0.272111497532144
0.318089372141343,0.285210051272013,0.264005834637731,0.465918636054979
0.0605253352392188,0.0341212635434284,-0.124917243738204,-0.000368585544351152
0.948309701253457,0.636669950218651,0.439655897805287,0.510093932149018
1.50479169293298,0.524852132150054,-0.00823887043820246,-0.4062349153841
0.225181047721522,0.490488903933873,0.427244195183917,0.270800848127183
2.0913863534705,1.64466572599714,1.23182911993797,1.06246990722912
-0.591932791149022,-0.723729921030753,-0.686882346780588,-0.763756923485394
0.76517174881629,0.351534997127861,0.105710470251328,0.147822739332707
0.905309755071307,0.880676844128256,0.43152177881069,0.0351361282178841
1.25241303411292,0.987711371894995,0.679620290408289,0.641813139904971
0.75762217337824,0.526677285225139,0.372659722084475,0.472502785139588
1.23846293203011,1.03258366953439,0.62392903644194,0.879171169495735
0.238467186150466,0.182914194675742,0.0509713475684898,0.0308267281560128
0.635534262963296,0.319434630668513,-0.14831265624012,-0.531864495688334
0.819833651519962,0.551302332541293,0.300474204872467,0.131521625664022
0.266749780390274,0.0872111453924316,-0.0282643311005314,0.0586971847425189
1.79928030241656,1.40278153742569,1.04032168092419,0.821617688910271
0.506127089511573,0.502675620644296,0.23230210133639,-0.0562250861464126
-0.17942506264464,-0.34442737776032,-0.276159963522278,-0.373013093991629
0.523537244499433,0.0905949899395317,-0.0781981860686117,-0.264678126540364
0.962670646571104,0.478772205254077,0.117341037671459,-0.124132407643383
1.06070111362084,0.705404671159795,0.370062669953595,0.244811691941157
1.01694813940349,1.0201647278936,0.875513368475616,0.804585012619132
0.141869021645364,0.07705182361285,0.136361626869553,0.0870268848602023
1.68476182111735,1.09833486711903,0.624606570009339,0.344781929475776
0.479461005033452,0.814381857759855,0.928462734118367,1.06891559523907
0.767176059360482,0.59997314237455,0.328038667069115,0.0738021047983204
1.22282198679518,0.985139320988154,0.684617966571048,0.50975828773463
-0.243726924800945,-0.413118092168403,-0.466464035443321,-0.569023640711235
-0.182506929812399,-0.0653261951447078,-0.0322817573561905,-0.0185032590363945
1.52035496542984,1.40433560395376,1.12393339871799,1.2489306848928
1.16930520124417,0.602189126930929,0.176092018254104,-0.0184750731758644
0.131772827791258,0.339327503410114,0.327052167673041,0.347431602632312
1.24029646059414,0.726434073742993,0.304828376766322,0.0608871642498785
1.19931246835887,0.836585214293118,0.485942714476607,0.420956095606738
0.607378075389893,0.22346838235771,0.0124292177811793,0.0866652425774896
0.271445237376266,-0.0238189612184507,-0.125147515609427,-0.288196112537657
0.84147762886871,0.130869780310147,-0.16341288092106,-0.452740778412933
0.733288428628602,0.37410470145678,0.15154185995516,0.173690834660008
0.882077281582074,0.652100437318868,0.358526092809896,0.363796257755963
0.333415812975135,0.0392719486890745,-0.197358829936913,-0.279315147584441
0.411807810546021,0.113489346023199,-0.150131041769974,-0.334494632156188
0.84666777555446,0.862033818961146,0.693939246772288,0.626868262792436
1.0507732887336,0.881530948424051,0.481411703236887,0.100894186089266
1.09667288547201,0.830441149052818,0.640329922303601,0.585735190564697
1.10884286019332,0.797148049005838,0.528434202770167,0.348233868054759
1.16668135307921,1.12595323946562,0.943548957882767,1.04331099967185
1.14111377460297,0.739270503952378,0.55571422770786,0.352415679928956
1.21491745410626,1.22823227393215,1.09297297545057,1.02662909944279
0.467262680151335,0.31276881525572,0.141428231972879,0.0109079573647531
1.01520264575743,0.807015986298942,0.673906908424642,0.763702549818614
0.390866181165315,0.203775943747972,0.198819470220283,0.0991291884287102
0.281409844219006,-0.27072553001184,-0.586459510843955,-0.665938094100431
0.648406811920213,0.223038805994494,-0.0822725252458399,-0.276241717806444
1.67087443048508,1.2437877437554,0.821365498855498,0.778097633075818
0.823519092236632,0.614734080367451,0.45922822077131,0.448471423337932
0.360624112141238,0.266223880573829,0.109309264624214,0.0238213792953001
0.323671575215448,0.390504164634675,0.318767565592103,0.297055100546554
0.950301770214424,0.625175364169534,0.263403702143922,0.326948310811954
1.68192246640323,1.57378766993048,1.39768335027381,1.31140327572414
1.21590595986961,0.95648981554272,0.70435590109505,0.508172874441993
0.881608009174235,0.958014432919513,0.672617836334999,0.35771666141524
-0.0584872025968406,-0.0676409103611522,-0.125433166424745,-0.174615566447398
1.78685440750732,1.27951079618107,0.832734131112289,0.640722111502432
0.468931885552242,0.485890422079295,0.434569463715204,0.389434720335016
0.946175546533987,0.800702713957127,0.566905586874171,0.61036145169202
0.813053226251795,0.239477147713379,-0.0196567220823667,-0.28366967044587
1.09086595674856,0.506090840405964,0.131649661134443,0.0193281182303213
1.60306557592088,0.874268489014454,0.294349980471313,-0.134090691586892
-0.421588539039522,-0.348652186695471,-0.186660231139437,-0.176309735607282
1.37934284645127,1.17741991349161,0.922483890270018,0.837197932774496
-0.115932691655328,0.389003922137702,0.46844967737105,0.410971636587264
2.14464187933811,1.89351150409881,1.60468403086278,1.44112563052005
1.05335029851257,0.643416473486444,0.460353372644453,0.230314645935679
0.98224094880165,0.487874028230569,0.378313594765292,0.164203487606597
1.55596621649561,1.26006602868652,0.959900347063669,0.824361232902762
1.55159446155523,1.24339486510228,0.894739966192709,0.784971031285752
1.62085825376934,1.23122429057197,0.782446004964855,0.415591710124531
0.822625157816854,0.651188763360323,0.380650638398505,0.266443063119688
0.10095032807287,-0.093993739551451,-0.267141606237237,-0.383779243174854
1.10894658728436,0.692804333220772,0.32108048582565,0.101554959714725
0.782618790928398,0.55973282051273,0.336824804372903,0.170272232713416
0.900269925231766,0.765599748118506,0.493085632946506,0.39166286353267
0.749630485790607,0.360449486265046,0.276277882286616,0.0969229804400171
0.113899586814086,0.0409378945402943,-0.09504816677942,-0.197994843489091
1.56556152792323,0.932924589208249,0.453391839959367,0.199545067568197
0.261667710329975,0.19018478945908,0.0667310597595646,0.0244648205293764
1.36562217102406,0.839772528813434,0.530797431117523,0.245404059008835
1.5773843531513,1.50516644698791,1.33208685370438,1.27713066258356
2.03567695163665,1.72587122112365,1.4896138038882,1.42865735207158
1.28337045418372,0.873347428045892,0.592348124515875,0.588950038500344
0.542984962188647,0.303759326459537,0.103840939710576,-0.0435554572195215
0.644664158801844,0.441917154317884,0.245212006019463,0.0888490071285496
0.694312418176213,0.688145238786372,0.532854401078085,0.46394832245089
1.7540782999533,1.30684099879294,0.946428982914366,0.738844616596597
0.53029199920761,0.407204387250055,0.252284836727828,0.141516485300164
0.920577825262374,0.507241659869492,0.104004540051409,-0.217176396146046
0.737562897758701,0.354449192022119,-0.0501550464982122,0.0307636449767835
0.791192599836017,0.703045580812055,0.459415431084438,0.377741526152473
1.94756504398982,1.74673259363226,1.58618795411802,1.59418636157751
0.14526520347107,0.104213222572754,-0.216418189434887,-0.50144902935031
0.0251168099657747,-0.254232128546863,-0.378637444965149,-0.530399713464282
1.54056766978859,1.05986659627863,0.78338474279226,0.528568901093759
0.88373893319807,0.138251311123256,-0.210266459246077,-0.505832389550162
0.802782952564122,0.332217032975551,-0.0268323751735564,-0.129360700192925
1.15568057014367,1.03547287838107,0.87360166063619,0.79279171142628
1.0459689209912,0.721157868238702,0.434805268802305,0.245531012849445
0.409128257747742,-0.258404426384526,-0.492337181127159,-0.719915891220118
1.4656900505018,1.14389694485015,0.759606001918616,0.783678488622705
0.974546121566,0.681850620982463,0.316063022209785,0.431560228629112
0.269305921782083,0.0219202645953937,-0.232107459426738,-0.353745160010226
-0.445405232848491,-0.462244719385748,-0.385227693952556,-0.407628889793729
1.69896540449607,1.45074238778925,1.20544066561197,1.00920059977058
0.49660293323684,0.434210181997154,0.248896683054146,0.353533143017055
0.246395108811799,0.448774911536866,0.463319556538187,0.499392652781511
1.43345005541568,1.02424355168426,0.602706011904595,0.605013152058268
1.16795527878307,0.864957237507921,0.541758577143856,0.345090049629428
-0.435011031395751,-0.343825163815625,-0.285464962305608,-0.100109833365528
1.38931991917653,1.5048673838958,1.44020567609853,1.42370676144757
1.09661576886334,0.903354099024323,0.536769372801427,0.731309293483164
0.39232120685884,0.0564082275628194,-0.0552004810000287,-0.20858834547504
1.13447436974772,1.12567042523448,0.963547563327276,0.873305116052716
0.503806944693412,0.329595211335238,0.141394129100721,0.00295461054753621
-0.399202673410186,-0.742633814912192,-0.789262677870118,-0.929956337454539
0.303493309200826,0.355293870844676,0.0857957593319643,-0.200437579626901
1.14547456651669,0.776617478401667,0.631198785647818,0.45168143118625
0.0650885785809944,-0.155360661742537,-0.227955441441039,-0.33921284939077
1.28404366972233,0.742371553409403,0.287181049716544,0.122915773880161
1.49032495622153,1.39727113254818,1.03326112875975,0.674518054690068
0.956287264946419,0.370087972197919,-0.0650230549408551,-0.344856861530028
1.32575106292081,1.2151328582836,0.916224384824694,0.622163572847026
0.363607347938616,0.150700782074459,0.0227520689618316,0.142797700884847
1.77428646903686,1.24887607969985,0.828566048679212,0.528455964295672
2.0590501805987,2.08788013256613,1.93834809681878,1.86224742924887
0.848495490377783,0.582182785114108,0.299169357921826,0.144127248529049
0.940817609745145,0.303201230758103,0.152206986631872,-0.113987371575642
1.2996620362423,1.05124396306041,0.692733315739932,0.775876489329532
1.02769341240054,0.734168201217651,0.459798089199104,0.268671529687156
1.10992102168978,0.667944433575397,0.338126077340248,0.123578396142414
0.649515762132458,0.230937034823181,0.0185971895128965,-0.220365063105313
0.706736828387966,0.44219367316087,0.0464402245944673,-0.280708652711352
1.73946525495354,1.50082196118981,1.10243146274053,0.718116198579576
1.22041941978857,0.864764554067533,0.635085979385854,0.643703039405304
0.484051891854585,0.371063251098479,0.295293173571693,0.389734725331432
0.32680469471236,-0.260764085407641,-0.546273076174256,-0.800960397643069
0.936060458884145,0.904203557198415,0.676205980158483,0.582679687271541
0.815746930063796,0.668233862482367,0.454651236803446,0.491913779685862
1.27931127981535,1.10580725264524,0.989230526765271,1.09630104469861
0.807557528986932,0.328071647286152,-0.0388708577669349,-0.287949450462124
0.255601221702119,0.137153691188361,-0.0729474984338451,-0.159960855925059
0.789111588613109,0.39996054145786,0.165289846210758,0.12393550028095
1.272492114258,1.07238575998137,0.821106608426561,0.726677330224801
1.16674803743089,0.604698189503277,0.185559832918545,-0.0371106851530804
1.07867908910789,0.665205615930896,0.415612327784673,0.163573084575927
1.30707503827361,1.04453499352614,0.788460164434215,0.667718577487452
0.534735057269284,0.175108373106445,-0.315539342901042,-0.709320051388347
1.0180311864777,0.927214889933605,0.517267720648753,0.116410403945299
1.67688495994308,0.99837888545787,0.476860406654445,0.174449103766973
0.356042550787331,-0.00321099203894759,-0.0497357201282795,-0.194881226144288
0.84470448920999,0.697837827542566,0.605964410790127,0.732393007846568
1.22404347611895,0.829263875639526,0.502250524469818,0.33382742110127
1.09710809571671,0.665372060166643,0.388103139145191,0.363883930812547
1.16876482108383,0.603187644208048,0.347058343447691,0.0699101646322527
0.920400466953995,1.0616890171866,0.977511246163157,0.955348713981901
0.643875523310247,0.154766483311109,-0.218817249058609,-0.469058100191165
1.01164926200635,0.847170973461559,0.621366500539319,0.487878156790559
0.870072193870016,0.340735854470768,0.0768706316522526,-0.1649331776243
1.59792873118739,1.29390606619386,1.08543201725407,1.11832773548624
1.10064707232389,1.00817294167594,0.838523822254569,0.743790086673966
0.98915958897581,0.327626762398645,0.0513848851380671,-0.219967291600336
0.166361514708558,-0.100861068636314,-0.331408516234835,-0.44550144967383
1.24534175185692,1.36836287570338,1.13664045036515,0.841031197341618
1.28038752152722,0.746697625736183,0.186708761431481,-0.231571707734926
1.55100420075896,1.32175759205564,0.968581457980161,0.815902377951805
0.741751595213206,0.567434403018586,0.383692995375664,0.241655604747039
0.484661808866537,0.115996503093633,-0.153033920359558,-0.313951114988204
1.24505807138253,1.04007429487624,0.797766600296342,0.68100535946091
0.652049616167145,0.545409990326139,0.169273414500161,-0.184078309939944
1.13785214107551,0.989939856068063,0.890148905844121,0.997754458477137
0.449191058330818,0.40578703845024,0.123041450430621,-0.161355594849898
0.207011611149702,0.162110631502947,0.133048080708929,0.309393066871353
0.952126536183488,0.645123815787363,0.368874370593891,0.233732540950349
1.79499479894576,1.33139138407135,0.942555756634149,0.811722459553588
1.32816958303673,1.11170608570258,0.801324848405862,0.508972554333977
0.42917294543846,0.359406418213072,0.21103260014951,0.180055607375083
0.945716888973384,0.561752428108897,0.230088068886656,-0.00854445303682277
0.493549499217965,0.207287581701145,0.0226317299939063,0.026338877191072
1.66703396376874,1.41289437405749,1.12650391099781,0.991738988114835
0.6492114739108,0.627851604053947,0.469758858060464,0.294167321942666
0.680410329529874,0.390005644780076,0.135841529900503,-0.0347228346661483
0.245478461991522,0.165373815241744,-0.0114064773904511,-0.178459928234002
0.315505422155054,0.201181673503395,0.114360652809557,0.135054824347668
0.537142346240864,0.476214513568388,0.274184309228246,0.383514908563203
0.692004802889377,0.778714606226134,0.734521304634509,0.755187455371054
1.53739299382562,1.1257284146225,0.758558563438026,0.53051676379019
1.06215395429504,0.88735694705912,0.532480057106264,0.208099820138174
1.15584556399533,0.873916342684314,0.680303888975424,0.716349335888203
0.393880609721333,0.44290821188376,0.313133683479799,0.268900003682095
0.536864922667692,0.500567276677386,0.385075102184399,0.326877940506183
0.233785922546651,-0.110368711440428,-0.228272014950089,-0.39209137034643
-0.0239522154892562,-0.182099105605156,-0.172505635168695,-0.254553673996775
1.26197601804089,0.796180555374026,0.386614530570215,0.173665074755161
0.0810513460793031,0.120209444989552,-0.0953379469103763,-0.326050124502619
1.16418000433514,0.954588786752342,0.652675747658715,0.706342810401048
0.228391331281116,0.110694146975795,0.0403674617123438,0.148342246384825
0.0128119474356886,0.159319946434443,0.0497225034683276,0.287523010175004
0.701058595254424,0.703265676912154,0.556571395124569,0.494951951285279
0.863570023859464,0.842278351657936,0.824280165072048,0.888714656417787
0.412672652560155,0.404628124121133,0.121540376701457,-0.152684926799006
1.12512899819639,0.904908401860759,0.632824053173133,0.470468198008219
0.49099958782415,0.332221248342222,0.231529713060432,0.327380619824816
0.496093304959002,0.527339468424377,0.40894507971568,0.356345587447869
1.10711471136957,0.956227385030289,0.734347692126753,0.77104690777
0.261919314030327,0.256219405102347,0.317570071846319,0.308312576403246
1.25132975962941,0.95119042708545,0.651725943989436,0.613322440794301
1.01042095576488,0.92190054530607,0.642069631026365,0.351432222543708
1.1641427476254,1.06812951402168,1.00379225018909,1.16405538524203
1.34530087322595,0.979494574540313,0.601403804647163,0.371162963568957
0.380054869259518,0.203397881087065,-0.0305106542652125,0.0116631536615112
0.3541348593992,0.418025667063886,0.334763915678042,0.301422477246082
0.69967767537147,0.54475080308014,0.337380728870337,0.211061330318688
0.499211592998819,0.35979585903039,0.0948899748906744,-0.0153483285027781
1.04204638261942,1.02073393121752,0.805599207254476,0.560850057210118
0.517752185267095,0.472225583475458,0.444185944492552,0.672584511809975
0.837893449723658,0.802236470588228,0.651279315891328,0.563393971996539
1.14227963013573,0.863806373496031,0.58457668210291,0.389266514417904
0.407838641682748,0.140213924167053,-0.0884911930143779,-0.256360203846314
0.698131421667287,0.686354749226097,0.491613631274725,0.26254624060852
1.40343390252568,1.18741064613283,0.891072115079766,0.723349955158513
0.264205254960114,0.211768571824829,0.0289157563268851,0.148898379678884
0.708722498188506,0.286167065285964,0.122617421878709,-0.0630924996935295
0.653796666194373,0.308196180991496,0.12028162754742,0.209816865991573
0.843540071406004,0.554721863870271,0.23094068488964,0.23659471591358
-0.0537548721808645,-0.0287861771183551,-0.0901656309590372,-0.0931397106817924
1.069624063434,0.775272484011355,0.341038472030549,-0.0405420305745502
1.66883224744605,1.46541981092871,1.26657546017073,1.13106879310857
0.27845295831597,0.134456600624876,-0.0133325616896545,-0.114249070648034
1.43092420463113,1.21120107513173,0.882377224607612,0.715804134455525
1.31441673663525,0.870536113468453,0.578195639179778,0.536749897692839
-0.29742197892464,-0.0943966138372623,0.0183997275984878,0.244205065286171
1.44917595697179,1.22021916102693,0.728450145706381,0.278226920518304
0.60378023660109,0.734255571121013,0.661395381886819,0.53970530851928
1.62353827088433,1.46468177612227,1.17356121522995,1.2692070807932
1.4463022340577,1.15825849949895,0.845005331419735,0.643874987488487
0.238492897313946,-0.061979737040535,-0.145317015940676,-0.28912648486632
1.06915888692973,0.753061287960092,0.371660251987299,0.460207893212818
0.423995972074175,0.0417039792260142,-0.0745052100845473,-0.264781751219143
0.642853109264808,0.567540108360075,0.291328148959563,0.4749415821444
1.2032479899106,0.742799995742036,0.588466875534907,0.375600180372234
1.57255074893467,1.28985879365274,0.996226455455245,0.79606704538237
0.602209366110219,0.228719312653066,0.134774390770935,-0.0184049356893512
0.754531619160701,0.463047057243748,0.18773494906041,0.0458605165441373
1.22810817524418,1.02661460211177,0.877337950505185,0.901316474348643
0.589392908862008,0.45988960736007,0.383931581096739,0.591186319311517
0.848697363809144,0.426920745400818,0.0834713847834138,-0.14806314254791
0.493371084461459,0.224306767039289,0.12418133027844,-0.0192781765634052
2.78871033001629,2.36204713453734,1.93881838162077,1.68524214419994
1.46001334401291,1.25532972331687,0.921481043177826,0.597359459567592
0.926270564100956,0.863476491654471,0.817365337345346,0.954129380670479
0.667599207760658,0.227211610801344,-0.106600913949082,-0.296749385472512
1.37478124665537,0.848773150233305,0.444525212532571,0.16718202024624
0.482875514040804,0.612866428849729,0.54438601169709,0.52862164720793
0.595387286169219,0.555993891085965,0.226976637777613,-0.122677492191161
1.38232483803729,1.04479376982073,0.736555060094637,0.532233047504219
0.974097463927167,0.624683143537818,0.415606725824749,0.463453398925475
1.18056637244886,0.8442938178643,0.468255630038786,0.452090229355959
-0.193400781236394,-0.291251727753628,-0.501835128547018,-0.403325949888009
1.23364776081793,1.3176289002229,1.11572400509446,0.853332965221709
0.715951104327061,0.229555948431323,-0.166520267524505,-0.353967067404555
1.41570870295732,1.26563464979154,1.03974201898508,0.903730581560656
0.464118933105259,0.629939413989661,0.450663405259214,0.220121482596793
0.707958172233783,0.266555865773815,0.137717848892948,-0.0573456623828447
1.35684097394759,0.822596304776523,0.538627378579147,0.271751358559454
1.07615772140853,0.723660002178648,0.517960554641037,0.317775214763637
1.65960319697135,1.43233503190865,1.1039093149269,1.13785473485256
0.533240636480107,0.148776017058037,-0.145362071742208,-0.327155906486191
0.772466575472628,0.733193356114857,0.548094276666906,0.666452478157787
2.06129883841433,1.8591432274233,1.38268513372341,0.900768101191779
0.629033831078622,-0.0053665879627993,-0.320459979243134,-0.5663975826877
1.07019310273871,0.598719363948427,0.412422360366701,0.175141829109665
0.446659940286806,0.175693778379957,-0.0858963081513867,-0.0939567879047164
0.752525638367155,0.79026706999096,0.706226768785547,0.666704062777
-0.477515539960371,-0.470530639152668,-0.33911316906499,-0.363369129545121
0.466328525893826,0.40133372877556,0.302277531722683,0.262846495130599
1.55608883255307,1.03538201051543,0.612943698842485,0.298648179735151
0.883631323212506,0.309150271731069,-0.0810158389822042,-0.317800053676698
1.02047186510705,0.7947986233397,0.537548017758182,0.377753857904454
0.67922404853136,0.109744276300058,-0.108037725382467,-0.337408863521158
0.921458610824519,0.564862052374446,0.21115348714883,0.252653247056361
1.36850970990321,1.12786154556863,0.863906391710561,0.726504270561909
-0.187910444763982,-0.27559327904988,-0.239495255726468,-0.299254945169416
0.968418340014368,0.500814234044354,0.205154534063172,0.212509394708612
2.25047272516444,1.55350061199612,0.986784784040128,0.648155373799219
0.0651928297424149,0.182262366463352,0.0852054827956449,0.293336799342176
1.11945667670539,0.713019552748522,0.444881243477533,0.398463442029606
0.775719116411843,0.351998187576147,0.0111988011237717,-0.212562556229604
0.621607974100208,0.27359543698671,0.0506324763872153,-0.00958357089220702
1.36710501978347,1.02983111692773,0.480373888925309,0.0208615251280893
1.46077537441065,0.993566647020985,0.60028483025916,0.42945316021026
0.725946782805579,0.427538172235923,0.0390687371705722,0.130977997072848
2.08084763631835,1.42087042275741,0.89225066772574,0.626363039594653
0.828073024549227,0.499485128518714,0.119658415378475,-0.073216548346778
1.25093125178256,0.948589804638946,0.655194397651033,0.502796992689021
0.585144899262885,0.327238655577753,0.116353909371026,-0.0332394837316111
2.10817918515302,1.34641587617187,0.718896361375068,0.631765902858589
0.744247126098771,0.711418809497903,0.591629195883794,0.557995739110613
1.21217400810765,0.724894469329703,0.315074460398134,0.0750874364014283
0.75404780442264,0.578744151279949,0.459840454633839,0.522981210375289
1.10784885438072,1.01082839270924,0.782916633367875,0.880632816485227
1.41904811374862,1.24933569676717,0.932724705120431,1.01667271025552
1.54003118422398,1.47499658948333,1.35755051601382,1.25459614818701
1.47606726714639,1.14021706154631,0.634760251089318,0.222096721951206
0.0397733470652443,0.191021241715213,-0.018906478047159,-0.276147456410985
1.4381135685318,0.93085102273184,0.589240418264385,0.519316678962834
0.476125481613397,0.350172529118288,0.15785195065978,0.170278547426234
0.0331517776444076,-0.0733698118654255,-0.140518735327888,-0.016576942784234
1.67447710854009,1.36093568375882,1.12525579130236,1.09162233001458
1.49949144241854,1.29751970979687,0.962162745326855,1.05198637922022
0.333502868743342,0.071798180820056,-0.0908215997007477,-0.0866190117095026
1.41891563784269,1.24811553344928,1.01023728828886,0.779475174928258
1.59300977730517,1.01630593518708,0.491855016912676,0.368583709517272
1.03601004621344,0.856760898173407,0.73973049535587,0.861101234319394
1.49623192717744,1.13990526506946,0.797449824507903,0.621563093658927
0.673009692365897,0.378085470423191,0.111060739807515,0.00160647302487094
0.637872602385233,0.294333139600562,0.0218255345271577,-0.152417465356047
1.10611798132357,0.530027505711414,0.188007629510937,-0.105150567705656
1.32521059909061,1.19057994487343,0.712753629325985,0.280936907651235
-0.292093096869888,-0.0794280798555443,-0.106810190328733,-0.0930382953603403
0.360007816639989,0.12519891914891,-0.0584748218624402,-0.165616638677841
1.12736179025818,1.15848384354961,0.889506973970284,0.579241075739984
0.70733741591569,0.440598570406552,0.364993537397007,0.22226031697936
0.52810630425649,0.446073520114755,0.285852407276671,0.202018364126377
1.06616923977693,0.525968875470939,0.152815115655427,-0.0724471888295618
0.381437160023393,0.199287541239517,0.187170688028496,0.0796732789581263
1.2244595477742,1.06137606788279,0.801419171673406,0.825964005576723
1.63686960674767,1.2665511573144,0.938601518945517,0.746689301945735
2.15206723271832,1.65428100177094,1.37712649523587,1.07216515571021
1.04503333448685,0.75279070260759,0.317525113313484,-0.0505170135780659
0.86036449448436,0.957010738093147,0.684043562285839,0.371720963863258
0.932097216271405,0.675568194835606,0.509217654630739,0.526366911871954
0.475421318272486,0.0484973372603875,-0.276297469407457,-0.494250630816325
1.37406926153447,0.955082757179198,0.598132213378024,0.442242203182576
0.0148820609073571,-0.36878732128216,-0.567247575703406,-0.748753247466684
0.45573693098278,0.278419652713045,0.0775088296391089,0.00418936248692015
0.272734281540246,0.189524282153127,0.0225850520106182,-0.145105300219931
1.16931504290438,0.771845463796833,0.437493548228474,0.208528943162097
0.346335284617247,0.427857171848034,0.401156246126333,0.367385326733898
1.20571389546364,0.775732698170547,0.456696265254024,0.240821725866193
1.03748797182654,0.493044938924219,0.0970283976942427,-0.156732035082505
0.984441159802063,0.623524644271401,0.317962475198786,0.0965672024237224
0.450728352280707,0.605382822504106,0.53466810922828,0.522444687096982
0.210239631859545,0.122087649813313,-0.113702925659996,0.0230259307761937
-0.108523679166768,-0.0994220784263866,-0.261052606282698,-0.448456719927709
0.206114151742337,0.375463155325067,0.399065925042785,0.436731161133293
0.970598200827905,0.570483396592062,0.410040580065459,0.21614051943668
1.07649502938848,0.634951711964695,0.279605923604717,0.0393488410804286
1.52383133054464,1.31307920138655,0.951685507826135,1.08505802476658
0.433868560481467,0.670154090327325,0.569692678897503,0.390035240348713
0.755323602659443,0.377499765609121,0.134997832457965,0.14239955878625
0.406573350294753,0.3084925711538,0.0840883990444494,-0.129413873053642
0.591290314629757,0.360841854192022,0.207665913503935,0.248654728747105
-0.260195942078534,-0.390664318946539,-0.371651927325553,-0.453709909409832
1.12711707231766,0.673223423944666,0.264291330512222,0.138684171493186
1.23359700477534,1.06855418231178,0.621833149486468,0.227096044887374
1.40749834196365,0.815211729537491,0.435194114244915,0.34131960751521
0.802491666224869,0.309588722295107,-0.10048694703673,-0.196697463592672
1.32234188282143,1.38225004457123,1.17482612482159,0.908179972987956
0.290940511674012,0.0161641740099194,-0.154969251867975,-0.117805179739322
0.732859911735552,0.603941787734465,0.513929402988287,0.601313384925209
-0.0155792164288233,-0.254969358412419,-0.311901386338132,-0.426318292052864
0.448030990781695,0.182914682289033,-0.133498718373089,-0.121260819854405
1.60322937434575,1.36478753591589,0.977670880817446,0.607369139422455
1.01647996690211,1.07341157907209,0.930196141395486,0.880473821521945
0.397952825233695,0.301431271282998,-0.0428703227077254,-0.355510791120872
0.6587683562889,0.312090443614388,0.083137482636626,0.0721585662232575
2.19448308548845,2.09700220983321,1.87037717815803,1.92251694278261
1.1470294582655,0.890100733729311,0.568560648398893,0.585725771397016
0.655193945098995,0.664457330006075,0.512124399867383,0.451606419614033
0.554510572699098,0.26802986595302,0.0423203844179932,-0.104921944821394
1.79425418850757,1.19261433248231,0.72979175247922,0.49814046342365
0.40727631458405,0.0570911916747167,-0.0614530774227353,-0.223191277783863
0.282483106960815,0.113493399298494,0.0971123974357938,-0.00212103849652701
0.32542825521954,-0.0336594871664578,-0.311452166075011,-0.492391312415534
1.11702322099897,0.895619346422083,0.545512970188129,0.670268186288677
0.231714350631542,-0.25552971495288,-0.522981737624397,-0.761361223501894
0.980936525786029,0.499016741698804,0.0968713031490513,-0.131047159811017
-0.534303036437109,-0.468068900181145,-0.512174543552723,-0.551779161192961
0.646174340266852,0.54469341281699,0.275713954433009,0.42332295359898
1.70905282452188,1.65499389902543,1.46172148414761,1.55815829310222
0.836325929825932,0.58803525057618,0.314846631169287,0.152501299001076
1.40802807491651,1.37911478861926,1.12967198021644,0.852592722169069
-0.105700820044377,-0.150655908367649,-0.269018884668738,-0.353098233339893
0.363372136160697,0.0236167033318576,-0.177473221334919,-0.152334841386351
0.339170237854187,0.189676077899384,0.0881017566054846,0.153488108587884
1.11481302634993,0.431699439336734,0.00982770401124888,-0.0923183994555424
0.325232851759699,0.442830384568895,0.38726957935123,0.375769250964665
-0.0362542535751096,-0.067828484472102,-0.0917806898262289,-0.00965464041704206
0.268119021634981,-0.0869249978643498,-0.345326927024426,-0.505360433395611
0.933291445209883,0.705382461062831,0.397403094590803,0.431125610409927
0.216131533309206,0.142367632794858,0.196687472868309,0.14289999178835
0.716631433049898,0.589310457252725,0.384872845063129,0.283630065218818
0.624370431117342,0.580926217473228,0.47101277967017,0.435633837983893
1.02016401071174,0.71820738342726,0.347075986292535,0.437582884683412
2.00808755821236,1.73290550860639,1.45679792949857,1.23402234522749
0.871842855226343,0.584932521850369,0.322337409399032,0.184126473855977
0.270990902289985,0.0509526663060474,0.026204575661363,-0.0823076209687464
0.821932803004449,0.178723216747622,-0.279263619212506,-0.524064663824956
0.769889135734059,0.379305294495723,0.0553478186708943,-0.15922817159038
1.27072941870709,0.915623028174063,0.605991374715875,0.385615309746366
1.12825655373424,0.813385757493597,0.393922056425441,0.0262428806850696
1.02985458958965,0.995840986683096,0.852983411223939,0.770452928685646
-0.314572383659494,-0.388308557682193,-0.356144687829674,-0.40545793736069
0.604496161954417,0.359042882944487,0.243984307032261,0.105681592364104
0.437726718699812,0.106536593551266,-0.0681252315603757,0.0668415026960989
1.16226672128333,1.24520078484043,1.15027567791466,1.11592829467098
0.393166447473513,0.338553535402724,0.200598259935731,0.173223530200207
1.13355740564872,0.896877463320328,0.73415619483552,0.76450431457341
0.475249947694742,0.126208298316374,-0.0514541192541741,-0.247150336490181
-0.113773334500253,-0.283008308730614,-0.29050699646674,-0.378805470470045
0.740240187390467,0.763942661347189,0.636505073529833,0.576566768504561
1.41580403268453,1.29140067097882,1.04179125862046,1.12933615522748
0.379086312521562,0.216659026657852,0.0884119565512235,0.0509718531386742
-0.10325827239753,0.0946456473778186,0.0890110328091655,0.113056114286358
0.0845469374539547,0.0711902428863702,-0.0285945450495595,-0.0460460793759037
0.839745304144081,0.752991275818265,0.68860252320534,0.764096948246573
1.49481193607176,1.513242356918,1.1016417370156,0.645419707049439
-0.196114433062281,-0.333154485933936,-0.467768396817822,-0.549486203689064
0.94313943385427,0.554203295882512,0.324748995574217,0.413703828577452
1.68644834194824,1.43750205325795,1.167915500855,1.06356038668552
1.4132767053821,1.40006138628979,1.2793122787648,1.20706668767451
1.3161356778436,1.15124634399282,0.883581400931289,0.967710274566178
0.564040693144473,0.646535255192523,0.555282124240914,0.720790920011232
0.815815060935622,0.553314663346745,0.283763630842466,0.115910023214908
0.40889519083281,-0.079149091789876,-0.296150691420903,-0.526300965029481
0.110295652094344,0.110856745258659,0.111966951806077,0.284313764334883
-0.0794542876911172,-0.230962103931392,-0.462418356296771,-0.411163203241368
1.16271343435358,0.785879763153443,0.41030631997924,0.225325910020238
1.02156880560935,1.12748203801444,0.979858203115501,0.930442209981154
0.708265698263107,0.382109202998672,0.148369257039599,0.0774005522548954
0.362709512321923,0.660199823130866,0.644252913199707,0.672917143857097
0.874668194071882,0.614611578078622,0.35147276293219,0.224341005050815
0.606968798890847,0.235701508072984,-0.054500306245864,-0.246013738816212
1.42099321740387,0.875914573346134,0.547083692947752,0.546538112347463
-0.189245044096432,-0.477208506718009,-0.705529556753008,-0.86696162111812
0.630738654579668,0.431525495833604,0.312465227430481,0.480085848534751
0.750272517280046,0.437635232348746,0.0883814321876694,0.149678020978595
0.859912670470505,0.789540196647655,0.622630046402946,0.655200182491771
0.255808111301102,-0.162100772431719,-0.355340657894814,-0.540703168139351
0.497896256198328,0.689940540294853,0.624122638712468,0.619036598741538
1.31005645480135,1.19976933468736,0.856303201293815,0.500340005191125
0.0415214814589609,0.039910878791869,-0.0746319922506027,0.0203497201549314
1.4684317024081,0.912988111252603,0.507773685865759,0.307724076865709
0.960942625682397,0.459949062072042,0.210202545057227,-0.0537197243032461
0.913473438550925,0.603513997577405,0.329073106584203,0.175136192398337
1.38644772288501,1.14834859760419,0.9070536027777,0.78237108852784
1.26498270759876,0.563589529223984,0.213189758329635,-0.107120929776488
-0.158301390962551,-0.11473635008632,-0.171267909272706,-0.191823609131294
0.575938156931001,0.440511892249277,0.37180514806777,0.579858019579038
1.3083763086883,0.871698721274414,0.521442845975217,0.299458879592162
0.772259109543729,0.830927080932408,0.424959693848013,0.0245446875666077
0.873027218181476,0.671494479988483,0.590165599748136,0.462301811010318
0.647402370086189,0.333069906240357,0.257198721231168,0.0970818347328897
0.360676223609425,0.0383112899414558,-0.251543007760923,-0.389557981731029
0.968388619304519,0.594433092163404,0.356888439830135,0.146195481686636
1.10475075345956,1.30455558508182,1.26982657341703,1.27949277316559
1.05333710186558,1.0977639573782,0.951726477038018,0.886469971877043
0.10088744083658,-0.183200300516262,-0.280558409096021,-0.440197798778496
1.10003637444167,0.937658211520429,0.677477269887838,0.729021692686473
0.491817001945162,0.27018606723973,0.123570039317211,0.201935362313746
1.48546353941374,1.51926388268168,1.40677763739126,1.3491737749468
1.18702847530146,0.926307960868491,0.619704057041464,0.620596551424869
0.542518516873383,0.103067214991878,-0.190837753269227,-0.251810867711235
1.02684800708054,1.04560154246997,0.868250710894243,1.04113506879514
0.517384494249816,0.333788409655089,0.139627567619858,-0.00232844546291322
0.201979326945739,0.211518197345463,0.126763356926589,0.0564659058129084
1.11923746769756,0.866545343570377,0.614738438870155,0.477535035146162
1.30403428319574,1.15699942434389,0.96831546351764,0.877285705442198
1.67282482209491,1.51205471718241,1.29521669970715,1.26668037421948
-0.434922303531882,-0.380870337825336,-0.397882677441099,-0.383046973578158
1.13105885614469,1.00916088236563,0.633674015526341,0.264503938040392
1.0463922724471,0.90258423075696,0.689245733837875,0.571227677330554
1.07038740449167,0.979294123929391,0.827554393948922,0.756840383807381
1.00851270232805,1.25157495050054,1.19579699857646,1.20123539930902
0.931545353956016,0.818059744552193,0.605073774673048,0.493573987793823
0.0851680755580717,0.0415873086823695,-0.157729432766563,-0.231317252297484
0.463913642062621,0.253463413591798,-0.111038083981824,-0.445657934301117
0.742191557764843,0.357323280870547,0.0405388302707749,-0.138105072975845
0.886981212981496,1.02605332268662,0.775386219122992,0.475339292753582
0.941161674844359,0.584770943250238,0.271567501525067,0.180686224217772
0.261146716563686,0.0941174691064445,0.0894893298773316,-0.0072715722456069
1.20117434619296,0.887889152524017,0.523479193484585,0.510284086681305
1.08689804064809,0.876904349535273,0.634509691481818,0.515144453596758
0.704901182542915,0.335010353316432,0.221034669064029,0.047957847020913
0.608784671398403,0.383923674742637,0.244000244723105,0.368015302288424
1.63812412258389,1.06830281442009,0.624679402883886,0.420042667589337
0.257168558037527,0.0666741045000661,-0.0945022843629529,-0.21716930854922
0.585593880803464,0.238904320755079,0.140375741813437,-0.024616911868257
0.70419088403138,0.563040761400741,0.554117360216668,0.468740318781351
1.39771225819579,0.929621821116456,0.543574950639316,0.281864027377659
0.368303721172766,0.280443243624299,0.0723967296364561,0.164733550999355
-0.289386581876693,-0.56172935276798,-0.66539821464158,-0.793830922525561
1.48379888617958,0.984017030245903,0.575895328711193,0.284168665181672
0.724064680798645,0.481167442225655,0.16767190099234,0.250997578872744
0.844693294042659,0.541521157003763,0.445453802012749,0.279747381469306
0.672892002251993,0.221798688783891,-0.118107292484263,-0.321372409028182
0.300189883071022,0.176026513959413,0.0475071546984531,-0.0480707738742065
1.17854506156515,1.07693617874524,0.893963381182094,0.787489361038431
0.385095917146248,0.409732170886166,0.427828938522773,0.584034385913306
1.00184245587173,0.594399251734119,0.209151484336072,0.00785696535912966
0.30171875011784,0.314589513991681,0.208723802360311,0.16225066007192
-0.454196180947552,-0.497430366739421,-0.601845939318503,-0.688293636886462
0.499085037020687,0.0107988054251674,-0.285598489326739,-0.299684677779876
0.760359224177008,0.558733579721047,0.417737575484573,0.285109212477599
1.1699479610654,1.12988719264198,0.946462524795175,1.05819599921045
0.961676465002046,0.613269077669383,0.331871339883186,0.134776450242609
-0.234337301939802,-0.201322709044955,-0.353998327532044,-0.189029913559533
0.904809397062573,0.520702558217305,0.293262912644721,0.386461680631544
0.309517602803776,0.304463033981156,0.359230130661566,0.352005310913909
0.894180958733762,0.60548572593905,0.358988881243239,0.237586266939908
1.04584836245665,0.810004973152875,0.589450475477524,0.416516761604609
0.656596779489067,0.463794147622647,0.246300162320835,0.0918343995831109
0.332295945066673,0.0981656993166255,-0.0566765489205767,-0.00136238118656457
0.540147134701007,0.346499570148423,-0.0812226211247394,-0.447944473133388
0.027865941702876,-0.199901514646845,-0.168943413287988,-0.289739430719795
0.550047905469128,0.21820383423525,-0.113746483940448,-0.0758312105567903
0.313275721403479,-0.0208252128000421,-0.0716810121759091,-0.225320855290063
1.51230122226343,1.30357620236574,1.16199960013077,1.26867791648135
0.505281878909646,0.545378301128278,0.405687971129098,0.353939085122602
0.602016146837932,0.41356287778804,0.162042036106664,0.174983599783444
-0.42253546335692,0.04078649486315,-0.0604995770535153,-0.280448850176477
0.546792637192823,0.333357802768064,0.289021178780315,0.175349894541035
0.907325227400284,0.598808431981381,0.306479328291316,0.109133604341066
0.0237255270881288,-0.113666683305016,-0.207221871456622,-0.137318960208932
1.2570234066168,1.27056187191244,0.961786662608173,0.615993404839545
0.894775641305455,0.412231660512449,0.00889084025097955,-0.27991157592959
0.924542971366471,0.736484996250192,0.523788128500201,0.371887734389708
0.418784069776401,0.211867018332769,0.00594476912842512,-0.14482981444397
1.34998502568967,0.964632296649499,0.651718346520863,0.42409852967443
1.00266222272966,0.913084896896297,0.765006191238671,0.669338260943335
-0.0183098478567861,-0.0320373803226092,-0.146762727992369,-0.197470119022089
0.684085266198463,0.398133622704508,0.322657668894114,0.15488206275129
0.833735540963016,0.541898496618379,0.294983595609038,0.126349547449501
0.868059800684684,0.713347279040278,0.389313856063629,0.552582387575835
1.60549670660538,1.40132290426358,1.23476653030139,1.1832670023302
0.111351532246983,-0.309704460155546,-0.413252504985628,-0.573060053472436
1.205090273924,1.0368813449568,0.662929987171124,0.308014611183148
0.237474964515915,-0.0541270866615208,-0.127705354300715,-0.255772904102065
1.00931803528545,0.894190505346036,0.813150325844951,0.905732203871308
0.81807242503481,0.232868433178822,-0.0168655098309876,-0.250803839879387
0.853103661150354,1.05594483013284,0.902334500122205,0.678274503639323
1.87191956392064,1.33188388470818,0.899600362811938,0.632313105491547
0.625275764544536,0.522270626252678,0.340289381112425,0.239652965571909
1.01857364437235,0.530197639858981,0.296903595933949,0.063404047772847
0.207192302306311,0.00980438382854071,-0.119319737725841,-0.0355209186042071
0.271996953858977,-0.149235648609265,-0.309289735813594,-0.489698645092331
1.34579640665907,1.03214099413047,0.654991155103365,0.666018031100224
1.05350604709112,0.747890891575564,0.381896160584961,0.444749942794729
1.36305773129459,0.767404708783538,0.314270937885642,0.0664704952870296
-0.276238725870946,-0.335717354108325,-0.435911042618976,-0.476987681827248
0.80618097512666,0.704634339257114,0.508795791653035,0.400115612579924
-0.0635230717480857,-0.100385420525671,-0.12305473570266,0.08006586365374
0.922231138748272,1.01237124001,0.658698185536967,0.27394468083407
0.0817604216714789,0.164841927634914,0.222378840346731,0.410946575516803
0.772521405609223,0.45988125386634,0.0696507326472746,0.154475326997786
0.27688735103447,0.094692275500333,0.0682231614779799,-0.0342769933947332
-0.158184561373276,-0.244272713294989,-0.207383463164194,-0.263390299898149
0.554633416970409,0.341356434641413,0.106964247574432,-0.0335279695535506
0.646410220285758,0.650965355170217,0.522476131607109,0.632790655794253
0.443253541056732,0.355799870772171,0.0608174472991246,0.294611302005615
0.775478896825134,0.327499629699971,-0.0113030034183073,-0.246267828571293
-0.15228115177666,-0.329746363220027,-0.477361387881503,-0.570358392162308
1.00479436615468,0.421427497901362,0.113504912084965,-0.161893859515897
1.05247868390208,0.792068190134254,0.55402096739288,0.374884889962746
1.34173880251525,1.00563745227542,0.682951819694088,0.521800226636942
1.42583950678716,1.32354849797003,0.9343461069295,0.550773725517911
-0.110933688476388,-0.479378265832848,-0.595678048642448,-0.753336769921797
0.842991629865646,0.612515974436409,0.441013114446479,0.408031553626294
0.795025787040726,0.511435392096559,0.331776977557842,0.395004734189142
0.813854814101855,0.64576680813303,0.289418648970777,-0.0354352540134754
0.979323768721639,0.548116794547911,0.289077854943902,0.0330449924513317
0.488959619568171,0.331642699867773,0.173848817389479,0.0604529652952927
0.67114240965846,0.45864231180571,0.182225290831033,0.232181884199965
0.823853617799729,0.548791336378782,0.317735031892983,0.157705484392845
1.03873538505932,1.20923212206332,0.963214366670796,0.636609843599081
1.44669290039647,0.935032165418551,0.531286056885414,0.295584874675312
1.17552806016567,0.878483462326222,0.625207946235872,0.44393941394883
1.35103378593106,0.843286189397243,0.449242365062086,0.237466462618843
0.371511252144051,0.140292535663507,0.0313387772035928,-0.111700367016427
1.13489659145765,0.671343097559722,0.295115993530176,0.0694670053497189
-0.142490021830413,-0.145404971429812,-0.0151260986776887,-0.0424573872167755
1.11945470100274,0.892588491512423,0.644328717573814,0.534508223788181
0.394335562867743,0.170488590732897,-0.187719979856423,0.0610461780198981
1.91859248304279,1.44364119098602,1.02657233676568,0.824348663127125
1.24415457899844,0.996100353101191,0.859718233743811,1.06718260961298
0.20719803087368,0.110360013919551,0.198445867833353,0.124334423395126
1.96284522241977,1.72497822702368,1.51116014295794,1.33544204991922
0.0866458240665196,-0.229918320782684,-0.338720055595189,-0.486470397066635
0.0435449187785009,-0.333789747231787,-0.527699816025107,-0.7460596513438
1.54302565726374,0.898359092770885,0.437940370512653,0.164202683823422
0.136623663763078,0.0940683067819804,0.0676008799937251,0.2534442109265
1.18137254288853,0.95274979462082,0.484812886757304,0.0803536412215571
2.00032438747715,1.45373918564323,1.00630805793429,0.743704470793969
1.07013162231197,0.611255562312016,0.182759960248086,0.268194391003045
2.12075651361841,1.87095340680155,1.54901210003777,1.35992733993828
0.351778921118347,0.0691632495116082,-0.173838499267365,-0.343008135583954
0.285558202097197,0.544819460258842,0.391059042869668,0.151336711832048
0.800584549701611,0.668161563111879,0.478592278560134,0.369211078651138
1.49215381907391,0.897272089239789,0.447466555454926,0.140109033198223
1.19810265654978,0.754190401652989,0.388598223963352,0.252283658342036
1.05865204758376,0.694985674174714,0.38090903804868,0.149718298568321
0.426532074192042,0.198177008233984,0.14097973985361,0.0129996338807965
0.990051202317869,0.818915102888749,0.700114428578841,0.778711139773003
0.851008188447992,0.330274634860288,0.0486162125707026,-0.20669257370887
1.94456372111192,1.53069019799094,1.10485622237771,1.0003300660481
0.803247763743373,0.902385939559062,0.977130662510571,1.19323526555699
0.414342334693448,-0.215226017363131,-0.478464609232693,-0.707897739283816
1.60412653308844,1.45359280299284,1.336429624026,1.39363512099859
1.07719824691569,0.42762535384203,-0.114603077393807,-0.152323159417471
0.8100500631494,0.139034505068042,-0.283524758520482,-0.432382867018736
0.570544365266775,0.596678434094884,0.466711175122774,0.408688350966142
1.84323373370058,1.75037474374915,1.51780517914654,1.38698778872333
0.477897605845851,0.143604631146135,-0.153364230306178,-0.290176173764431
0.854132633371985,0.847950048582767,0.470689336738814,0.0832144824089008
0.589284031192598,0.171228083203497,-0.158993311744088,-0.367194209138312
0.206623052743248,0.00894260311143824,-0.187986183421144,-0.275875755987643
1.29838416115795,1.08558097924148,0.690109165879908,0.306696713088483
1.10091529657491,0.8387294186432,0.400634306818911,0.0332575848878737
1.1484153918512,1.01303198236239,0.830634561654769,0.731098471298542
0.787007935244527,0.598353199978057,0.396270539945694,0.248207626752832
-1.11963791628207,-1.07381335855175,-0.961652342124201,-0.961832369781442
0.525103908886919,0.284108101006173,0.191774409207343,0.0532902681716601
0.31371163579671,0.0484030726061055,-0.114756712630438,0.00618132215800549
0.342518425950489,0.249941099316384,0.0610916402835786,0.152840216102551
0.651049603181401,0.409596140381406,0.0805620133637171,0.183342832027159
0.242505950585498,0.108678562679822,0.00939423580282284,0.0323095737980388
1.12792877039895,0.605984847211376,0.207184761034845,-0.0749239176647721
0.807744726233885,0.676042716626769,0.346131397925647,0.030416869460242
1.68377370618523,1.29929529876314,0.91543318950678,0.688298256981941
-0.190274674891988,-0.409911785334434,-0.624468869292609,-0.756410572492842
0.459420832709913,0.373531152460356,0.1593871796642,0.262701255701343
0.840695873139009,0.652684065348342,0.51587357278719,0.586620468802747
0.537851237367355,0.346765250232952,0.0936178119727137,0.14114159792225
1.25099560742757,0.869577053923363,0.433317477060278,0.548499045960335
0.827162950922321,0.434970255303591,0.0285177752377317,0.101533891981859
0.529145045027322,0.419332224745379,0.23659201918634,0.276128459067753
0.551964485495341,0.574674311200891,0.501824530112888,0.58518101253725
0.898952199097867,0.464915957785866,0.101271732653947,-0.126768448176907
1.18724925745981,0.804815354771563,0.413983722944784,0.436219179663273
0.439405264163617,0.146076717978188,0.117831066976517,-0.0306490034903983
1.12314321484608,0.701005133520809,0.44455278511561,0.20472743905465
0.999070837952214,0.917857165118438,0.709852681319918,0.60271222679303
1.31017753734641,0.96387892889759,0.566391473367326,0.583717391019204
0.820152747375855,0.707908258241621,0.425366476299716,0.573340833312962
1.0812068436008,0.957957214101742,0.784851450427754,0.710158666761072
0.591157288702354,0.44356546219508,0.21661966800207,0.247936408178001
1.50890323556091,1.2122173369682,0.894267213756317,0.761607254777393
0.582041915178743,0.422566939335423,0.199297039012489,0.240064597802767
1.31509187108684,0.764531679587357,0.376157259020952,0.151933799568661
1.13468424918734,0.681605026255982,0.332265980020627,0.131764147447448
1.15802589892073,1.01993248935296,0.665280903308105,0.323581622413301
0.070511793690948,-0.147753884364623,-0.359247455520493,-0.499027854637067
0.390719907997855,0.539695606652961,0.397337564952383,0.668862150202953
0.135105053947289,-0.0712748956368322,-0.336382608441448,-0.56972595062657
1.04748756157325,0.733728162262705,0.575972884647686,0.397747764872089
-0.603733190745201,-0.568736080204776,-0.437538452476673,-0.447277036257388
1.81584249192584,1.37691489935418,0.924425831645728,0.870750791524676
0.767653386857083,0.391290617851706,0.073263617661076,-0.0811362356157773
1.27865776806773,1.09105796546331,0.748771219330529,0.893588803542087
1.00564625659686,0.627301936056723,0.305328586133777,0.0690665662522617
0.869619982960265,0.804035176163407,0.635173753053958,0.545856111698046
0.774921878533128,0.39602571338906,0.184240451449144,0.265221779775912
1.04093955606669,0.743155475501051,0.412538926477668,0.365901555156022
-0.24224703932001,-0.414410473589312,-0.365117325986987,-0.464128000583453
0.603301770369039,0.442370434452442,0.352378640374166,0.553633067183579
0.356671739179131,0.524017889949235,0.594391162984857,0.63733271573429
0.110292754211253,-0.197222023361241,-0.268707542123974,-0.41064849509143
1.09293518631076,0.838167259432186,0.721294389587283,0.567031268553352
1.51016539085647,1.09399017263124,0.616125664596692,0.759637371746285
0.0973825201308826,0.0229645483048163,-0.143263453036899,-0.316414066102435
0.996320271692375,0.701236282550368,0.343914368889678,0.341056838855982
1.75391317435201,1.4194481131117,1.12818780579818,0.880259982979336
0.766463956595964,0.643177866150613,0.375325529790911,0.51136735839836
0.780493227380008,0.471707365836613,0.237641467838156,0.128757274608273
1.48938678110812,1.27276092060121,0.840460983698457,0.42610913698312
0.972632413284201,1.01688794932848,0.944169203710748,0.943349972716018
2.1513964483391,1.76628611502344,1.42261106357301,1.23248490254501
0.881849253567209,0.357574662537198,0.137287266941242,-0.0906921176706528
1.50480824495818,1.27182588629161,0.92773087887944,1.01231163807286
0.328373849034347,0.0425897354585519,-0.139629712944908,-0.145017725468595
0.666289092044409,0.601949179472555,0.39729069844575,0.189583131592926
0.987330844080648,0.824136725388653,0.714758696704407,0.847863376502967
0.972221492540538,0.829907707858688,0.723816195737066,0.786816574704125
0.405204491020299,0.169291308853514,-0.0506757095671281,-0.205793300359449
0.759093781811816,0.440388891970743,0.0733784102692739,-0.214769735230001
1.46379965580259,1.05697777470356,0.614080546484081,0.653765883292677
0.671173349571997,0.522288211941129,0.218850401552204,0.128517563325339
1.56489341233978,0.827927022416555,0.367373399405528,0.224819109468166
1.40036477903825,1.1725229951404,0.698234645164211,0.2693897795932
0.972237662735613,1.1319679997351,1.08948445350849,1.08936728195395
0.809196629268741,0.579182061887618,0.307949144472071,0.145983824809417
2.76117250469144,1.99749336444786,1.37034861753533,1.03282759645893
1.73819682865147,1.17459718396332,0.741077197657447,0.4366561048563
1.12302439234394,0.872695147108806,0.541516510339233,0.609269712802475
1.32463091100299,0.91640887162874,0.432201283507876,0.55064024399223
0.505489746668265,0.652563793995341,0.396605691980709,0.0943345121833076
1.14943902300286,0.875200359123264,0.522155954913242,0.388102043972551
-0.0121289628146983,0.0669692794344466,0.0909632696620019,0.102004513772241
1.84285656188146,1.31591393991387,0.753265628313658,0.768422702120038
1.29041772818814,1.24786049329768,1.11615325212382,1.0695034255217
0.550517182858614,0.354313300717573,0.233105133142575,0.322111015449565
1.86497416160466,1.70029846572088,1.5196217394921,1.36827628302655
1.18751360131914,1.06596225351863,0.885662361801755,0.751528237767719
0.502686642854607,0.35117167041259,0.278831042886431,0.185678752536068
0.0141854750811113,-0.510222116296283,-0.663332003684759,-0.861815820291884
1.11091538520522,0.873003355825346,0.553183383058501,0.60579367920485
0.668852150747469,0.705028331011886,0.594441643066853,0.728531136404751
0.740359828605322,0.856665908342554,0.751068363757927,0.961218835871492
1.24562735958382,0.872282824214452,0.576648744336037,0.37406179688378
0.580651936578256,0.195315280375221,-0.00441779626096317,-0.168817696990501
0.0302533598532337,-0.203670373225903,-0.356561752322136,-0.351019296517741
0.191877755856243,-0.203609471252926,-0.277952263981251,-0.435129988696896
0.355029077036394,0.308563644750275,0.198141221973273,0.164728450418701
1.19019521677648,0.663396212614176,0.192478109380888,0.0736551060339959
0.728312822995035,0.246372437862658,-0.10505732974191,-0.324301953522374
0.518413929261746,0.312306961068562,0.0936581794651858,-0.0304434974571518
1.16805419358668,0.575605603603557,0.045781071606067,-0.0224160298065678
0.439964678232334,0.0793222287887124,-0.0758012444642585,-0.264332211798188
0.758513604042265,0.447744680051278,0.227074962361701,0.159090713204789
1.33869147702664,0.894780125865421,0.513556375758423,0.342360645922596
1.36470433518062,0.95129697804309,0.670352914560131,0.650770491139174
1.11351551418353,0.77017060376336,0.429397045087122,0.244420150618022
0.246501077521654,0.0938523063031241,-0.0619207119219272,-0.185208542427491
1.25128525015542,1.05086550222666,0.700732374470652,0.366130178608854
0.443086058816403,0.455907475972404,0.324051783589889,0.268498034158974
0.235578273305919,0.315878415364895,0.29123557542408,0.255367905286106
0.304221159210424,0.330682460457649,0.219535582473314,0.16641688014306
0.335745214635318,0.334262353971128,0.334088032829252,0.522189767847505
1.42632200067785,1.01711918756964,0.668318724604311,0.410958124514246
1.27829916529533,0.756714543057989,0.37224968371037,0.144565473376737
0.967675272927356,0.681246567456457,0.476521340135564,0.482888167818625
0.857507573613641,0.630378900773603,0.37256499878377,0.345853186414028
0.714509362418167,0.699330063483095,0.441070996420791,0.164957271535079
1.32177437327244,1.37462928419983,1.25791450606252,1.20965878155606
-0.195446630705626,-0.272693117261104,-0.319617799768941,-0.15351718533444
0.493762803767717,0.37006059559495,0.285403314824249,0.387282557549964
1.698297452629,1.31765884386371,0.978964539861232,0.800173671203589
0.921776498961297,0.784390594489405,0.613804610924036,0.477473279707316
1.06498302261707,1.13629759368266,0.801634607404575,0.450439495768607
0.975757495881149,0.89572836595561,0.627131110492093,0.345950072968232
1.60123851298346,1.20049290760399,0.813446497274633,0.592674214128568
0.641880224222026,0.158297625346348,0.05449712978403,-0.152278112145117
1.71127268530119,1.31070255197822,0.836557606846276,0.429116176536199
0.273853415903893,0.041560092561875,-0.19162066749697,-0.359817075700288
-0.3875123762056,-0.512439017502407,-0.471462907591462,-0.550745618361013
1.16336182484432,0.817722462733532,0.504958487144286,0.333182400466508
1.30542022875347,1.42837156583541,1.31788159837165,1.14732834762679
0.812412081792949,0.76999236806273,0.608859272586399,0.696717910064729
1.66131461285489,1.4679950910841,1.23634405713711,1.10705243393527
0.814220815905652,0.550612557123327,0.290718884048883,0.173648908876602
1.41663027721622,0.883542890122167,0.452010070002755,0.198789752078213
0.669135566962133,0.677887597820475,0.401782402115957,0.102839208279194
1.08736610289387,0.593126038561755,0.20264911427929,0.0157969275566648
-0.357911655416633,-0.316514472858855,-0.169907221509053,-0.159929708356572
1.08955670675168,0.840863427466485,0.607956857614528,0.464202661251017
1.12088123262537,0.610806002697083,0.338380457262023,0.051811090818509
0.900446368664005,0.463257426846749,0.131110040981619,-0.090948913671905
1.06792322193186,0.714273114397501,0.334236306428159,0.310856665459817
1.1994501850675,0.951356929742624,0.623083881590662,0.320535076174924
1.20923184472634,0.747980890298495,0.41143650223572,0.254858652627567
1.11496608266987,1.15905028008847,0.952309962603226,0.876354675435834
1.0225745368168,1.39482772445139,1.43154962705453,1.49572573142138
0.704048199494615,0.774580163406287,0.571551404102447,0.321445255464365
0.791354440514369,0.494226453475409,0.192706542378247,0.019591883882398
1.09567083820113,0.558017993361886,0.2615993300656,0.0174164800306056
-0.14263266826529,-0.225382729036889,-0.382296519393807,-0.425261370241236
0.763016367843359,0.403092692503054,0.115049591136356,-0.0661681506473479
1.35566631683187,1.00307381233994,0.759094990103367,0.764259070662636
0.940762672026278,1.26646290904213,1.10699073052059,0.823465324701258
0.711212368863214,0.0882747871906157,-0.176317658274677,-0.435422624793939
0.911605521396299,0.610685957503459,0.316427188051093,0.181670964237305
0.519250679793167,0.189245402859765,-0.0227762109189897,-0.0285914347828255
0.434886748178459,-0.035707561255344,-0.328182734207989,-0.405008501924312
1.22297346698514,1.08284174703729,0.846267054906372,0.738520741720723
1.36170955573506,1.14045883805183,0.894616357715166,0.718200538920009
0.915873060484738,0.88723392850235,0.868151037912485,1.0868765932452
0.879919517426735,0.602807050959144,0.203838091672445,-0.131649479530573
0.985204460424546,0.935373451535688,0.598688553474918,0.253872926500061
1.6511308507759,1.39452256992567,1.02864057527293,1.08822148587776
0.748798061122953,0.549472689074606,0.417105922595533,0.505864819578143
1.17901898609475,0.715224213367254,0.370580953896377,0.163857373182969
-0.0827288899114444,-0.154249111595893,-0.2709541648499,-0.356885344837061
0.366683069851529,0.181490565670679,-0.0414996101829607,-0.0225298210566539
1.80127649302482,1.47578967470816,1.10227471364423,0.906881165728721
0.688948994485918,0.297013416529016,0.163051413760821,-0.0198834992557209
0.741616650816737,0.265807647860322,-0.0409373802753574,-0.124962750292341
0.568481391391609,0.526432587985826,0.499297224114232,0.676385567139596
1.63898667912597,1.29254958272365,0.885491082261181,0.898055949140429
0.225851061120155,0.126572712651994,0.0668741967368942,0.238775375700988
0.639324293593347,0.555702619883093,0.347618286961893,0.269680117262857
1.12243030403763,0.858887140618547,0.528550126761465,0.57650790903349
1.50110960275599,1.12809881762877,0.79041488011316,0.624671672435552
1.11776296858487,1.10569821351727,0.839217551775014,0.548293187774651
0.974503838383131,0.701758332194448,0.461243851865716,0.293476096077366
0.550237654517669,0.541102397546749,0.535410706236756,0.673607591044352
0.89752351598676,0.604919429416924,0.401290749517433,0.404643668714247
0.852711643931658,0.66442911733349,0.442684713880492,0.335372909776388
1.80414065869248,1.61620949976641,1.30387119033503,1.34413635623029
1.16885387217586,0.614731257126772,0.303254698804633,0.319834489911868
1.4767987661423,1.32995728753425,1.12397773320478,0.99726475398827
-0.557181430612146,-0.441439181093208,-0.377457541304383,-0.131619116984833
0.692983435430916,0.256555799873615,0.119150215908263,-0.0626069868860943
0.821169706860736,0.784174410669217,0.760559241737794,0.997621328754408
0.794505825751125,0.581341733561766,0.533278386384952,0.421670009269233
1.27093439653335,0.731194581319877,0.26656105720751,0.161242494146168
0.679182488361564,0.319554833683029,0.0404477476138153,-0.126700175036904
0.537489597627583,0.651217597941872,0.575922252643954,0.555383722046419
1.5768314679641,1.56284592388624,1.15360037671261,0.711936839611641
1.64795840134701,0.951460869821976,0.435411983307788,0.067515407005571
0.740343008391225,0.464634160914051,0.204775134795383,0.00569525625770922
1.03846242943542,0.674364925478133,0.341743543280449,0.161213763698335
-0.0336195573401948,-0.0606797524144752,-0.148831825870632,-0.222818786794682
1.56989435332352,1.37128335528345,1.22072963718197,1.23778184970435
1.07885991677616,0.909422849529343,0.635261426760424,0.48623390984474
0.266048652444976,0.014445407455822,-0.206916881439808,-0.357137999867469
1.39120152312265,1.4298680283294,1.30795895390804,1.25140807078486
1.62821773576532,1.29200362204004,0.930565861794147,0.620717955248185
1.70712952612099,1.18267337686848,0.863211604423182,0.559285147059488
1.65493560497098,1.48233721651801,1.09966376722195,0.71316167057495
0.691425857207015,0.286980437426418,0.0288729262073753,-0.0297318532206522
1.32237521835898,1.09935497361783,0.732551861357161,0.393186440707321
0.882404252704159,0.45523455204234,0.275173132636972,0.0478535487572666
1.00572799975356,0.648795158208102,0.329197168685577,0.131152785566632
1.57436955371048,1.58706329304293,1.47738406350499,1.4197358938347
1.01063369214529,0.670312891012854,0.445661206716361,0.441675202920516
0.18987814837042,0.416308161825468,0.328718218921965,0.321918915495449
1.10954194056757,1.28862423786517,1.05771483493242,0.769714517884781
2.04469698113734,1.53184361991019,0.914538519634959,0.407486286634883
1.28590801221656,1.04177168335817,0.785866482936639,0.627093802171493
0.42119176610262,0.111793579030624,-0.137974692176893,-0.291454487367042
0.592728968101383,-0.0188079564355795,-0.200424534879112,-0.418553243655181
0.750120229613739,0.679002220206868,0.57084134932171,0.485706865389486
1.16400788862181,0.877550473990497,0.541556995359067,0.515663019196332
1.46461454454396,1.30379364409837,1.1855033532981,1.2716197702741
1.21430241203254,1.05159464116217,0.815990248344519,0.690451328075193
1.31975597764991,1.58191574361765,1.54967129416972,1.56858066145001
1.34117415189834,1.01886612315953,0.632998076073556,0.650146384222055
0.328400947739333,0.0914130022881174,-0.134096173026307,-0.282831163511485
0.53374871560576,0.405136533942538,0.193073454807498,0.22011430190714
0.324923132993675,0.336179588358912,0.204923174315289,0.337701006515537
2.04129319880239,1.68349374587048,1.35155043712095,1.17445711030494
1.04338433989694,0.736223396639199,0.513421596944193,0.452248953015418
0.873321640628834,0.698862327680216,0.432852804909467,0.295574753758502
0.280582174337535,0.449617904875222,0.146839487847596,-0.209664987880538
-0.211511716224247,-0.207906773204061,-0.0858497901997225,-0.0963213940950516
1.03350912418856,0.568096689693002,0.136951777668881,0.101248538117563
0.981980304852423,0.621389212818662,0.302867395272264,0.186355468469249
1.06834730192704,0.805988429529656,0.510379458969879,0.495400519271601
0.331402982714428,0.202120517742257,0.0248775629510599,-0.087714394677101
1.70345782661223,1.41865619929873,1.15230158657867,0.975166786186054
1.30796370986951,0.955093291982687,0.634799973212018,0.396821756950261
2.20760846745265,1.96268201522719,1.60515915569133,1.26041539204848
1.43003253526662,1.18001104862284,0.907735792382822,0.760592363211665
0.700212658772089,0.114568197407101,-0.237054385466497,-0.279634250006351
1.20800692211357,1.28051281308354,1.12618777110089,1.33349878826924
0.326241150907754,0.11217581009808,-0.117607424712874,-0.210923593569623
0.236552981657476,0.355076430615046,0.345157444298174,0.356992980469709
0.955861870446675,0.613074817668462,0.297008048436462,0.152798527025614
0.963851634755665,0.938911740904528,0.73103322756391,0.64484002518545
1.85739081572088,1.42696125770721,0.995719701188541,0.893522670783349
1.5781902267496,1.07367267471377,0.66672658814879,0.433258791010957
0.725923484353257,0.929183991134071,0.789725346899977,0.56492601408636
1.34924241525312,1.01750755820451,0.718104981234588,0.543004750101095
1.05714331963088,0.755370193666483,0.281638600675712,-0.119821610518071
1.12097226006483,0.445379379890133,0.0170466350584246,-0.14673179294563
1.50164297054007,1.41793741179526,1.1742618205437,1.0565285149093
1.04907965504164,0.664691824776547,0.485028680540294,0.26911617225892
0.726386080537378,0.32977264258937,-0.0483553529816626,-0.353627573207225
1.24172852540459,1.31123436705327,1.03943141159276,0.734016929371655
1.08340094885841,0.861283301160683,0.712212505949078,0.799291373091503
1.73751899570516,1.30322840107356,0.857531791034051,0.489977286597074
1.14105728370674,0.994150489252959,0.80905414320843,0.690808730768703
1.56695106470358,1.59127259069736,1.39764855876257,1.31336692522937
1.20626741070065,0.989706122328873,0.689168198882876,0.72083905550581
0.759159004870732,0.238682041527869,-0.140738745399327,-0.388753397371068
2.19597022849481,1.67816497895474,1.23865862519598,0.906978737059559
1.99206659307551,1.72420142723891,1.20640764312574,0.728002593922367
0.735324217848833,0.250681237764917,-0.139933571975179,-0.403328407519996
1.01554406445614,0.437475242152442,0.0608335996790751,-0.119324288736945
1.52578405672854,1.03857794008487,0.571685798995199,0.528600802668571
1.22600641957628,1.06587941634111,0.844576540287518,0.757722348714513
1.67659242972875,1.22252876359201,0.814417033411841,0.560268246283696
0.418707851198061,0.253285388607911,0.126656755316842,0.162632416106065
0.680062869851654,0.460208944521011,0.262215155946985,0.117803273298732
0.933449071255311,0.410330505783095,0.112709159257586,-0.156908148937264
0.217546034538766,0.334290478318885,0.221497595398808,0.198506055389335
1.60693402858981,1.20611347823566,0.85965256905024,0.592250682198151
0.593671364309701,0.64902749829517,0.513286121740474,0.686403647896832
1.3297179848483,1.35799363690744,1.12664340532735,0.850273222143159
0.801719617809632,0.492774774745425,0.1838735652805,0.100081719447362
0.887664061010766,0.583525094507269,0.318236525993453,0.169790518536063
1.11680095488772,1.15656992927756,0.975768778302534,0.905842470338797
1.40524734014011,1.41031944816324,1.31102167514453,1.28459464492779
1.67858826457516,1.15965448605413,0.830506090599728,0.81765211367618
1.06358302423973,0.711846575279875,0.439650770911094,0.26075510780807
-0.0587772696380765,-0.0866600827907085,0.00762434057858308,-0.0239373923624484
0.625742742548375,0.483206232958981,0.216709117547154,0.294944233186117
1.0660885502406,0.571860947168506,0.151403175126673,-0.0604416361234233
1.38202332083109,1.14730198965171,0.90342850214112,0.763000983510529
1.44515976176328,1.46499161551573,1.21440792070446,1.11705977176449
1.29494247434749,0.852909153404013,0.503821533431599,0.371404117448767
0.999033327819236,0.512361078698604,0.200117345789611,0.095531539118364
0.95588304776572,0.335943092248768,-0.085545032172637,-0.357053053416059
0.909162278071505,0.56687367212598,0.208302086567113,0.258395865954084
0.512736326540988,0.364878608315866,0.117698974133471,0.20550662766771
0.354947870445572,0.015457188435987,-0.182135344577774,-0.12706319200648
0.931037195886001,0.833599617093748,0.619656336898951,0.693243181885848
0.925509766264317,0.805349351609931,0.634114627376685,0.531335060307176
0.271252072694883,-0.162691492902643,-0.315074052276272,-0.492952163157656
1.26358353172769,0.598375115571645,0.244343397060793,-0.0476711840398492
1.20736117501851,0.975583688414111,0.662342295527652,0.71634283665734
0.99049257885571,0.601885556103583,0.271205293763517,0.0890109313517749
0.465515944315605,0.0722823499954496,-0.426517255786893,-0.797651530310491
0.959922099223394,0.970362611115235,0.775809391996959,0.694741615446637
1.28183858208015,0.880664796971407,0.531270450449339,0.339585492975477
1.82019035087099,1.18020307403342,0.718803332508552,0.493653871106179
-0.887655059831287,-0.837173527113996,-0.699563780052237,-0.716064973495464
1.7272455545776,1.50232910263327,1.2674148034603,1.11461513896221
-0.0752302978761781,-0.0971291225845416,-0.108672554892911,0.1098695553235
0.989696375167781,0.678441727565251,0.351795429042695,0.322698574369097
1.25450293692546,1.37024970838084,1.2276956638939,1.47041766007822
0.929356393762562,0.638378557994658,0.383587377359838,0.246066740916521
0.430313760971847,0.241123804888647,0.132165146676396,0.313061953081955
1.15489817521468,0.944160407643856,0.657912238019792,0.509774745990516
1.12301669564345,0.74134387344604,0.444937738466738,0.20701778761342
0.640503752727829,0.0183248319333024,-0.208312863308606,-0.458165925925703
0.591331811705311,0.300493908568524,0.250559882613673,0.0991717480212144
0.142285620198301,-0.0262498693998443,-0.0616531454644288,-0.161461086858545
1.41444610016796,0.932644012506541,0.533973960245635,0.352799146365551
0.644575054874884,0.648265368193765,0.449381253060354,0.374826274960019
0.86417154926369,0.651199873672787,0.340918621741946,0.386579281592304
0.474441188877267,0.69837182941414,0.634916450993341,0.495190218267533
0.8866804201366,0.836296678613387,0.718602905287628,0.673541199392947
1.35436276849164,0.868355954437635,0.464489401092392,0.234619017997183
0.759162682915247,0.842667416085638,0.852885611978205,0.84973852893409
0.765239311056973,0.192865293759702,-0.0459435707361583,-0.282375891263973
0.761541600042272,0.570496629492894,0.211747239513009,0.38683623243415
1.05200126903922,0.764854861315916,0.505840929130085,0.309203743236742
1.12585440184405,0.511757309022512,0.0698671840537827,-0.210694047947205
-0.360378625232452,-0.373242859727439,-0.444304728601276,-0.502907813809346
0.356810205357074,0.485939397223455,0.305047197845583,0.0839721867511407
1.20640948693973,0.685462393804714,0.372343618668325,0.362148746193822
-0.295964385726784,-0.271228886621684,-0.118471602120007,-0.144444421462841
0.816663446115795,0.220749506254802,0.0585711736965238,-0.15912171616052
0.835112505798139,0.347016031179957,-0.10783926949538,-0.447526916141211
0.450856002443801,0.339686231131752,0.129569739421527,0.213304943109394
0.524033561639641,0.535234453739773,0.4449930477117,0.529463826130744
1.59323673880279,1.07881657952078,0.603104121391572,0.33876687710532
1.0034563892379,0.785030354618234,0.554195226861157,0.366885192833137
0.181158804050047,0.219083153663497,0.246999146325458,0.408590656464785
0.98683133189813,0.650265255863012,0.354934657447529,0.121255251003992
1.04971380007891,0.466747781994805,0.0383039888003226,-0.177606474121558
0.809003017874626,0.471509578988017,0.153138954947229,0.114864881509771
0.886007995556634,0.686290321304019,0.4630503341278,0.367003215470692
1.27189962543799,1.05881776018802,0.827277220243191,0.72059960843959
1.62075338183651,1.30960774815703,0.88777487704586,0.999102632285851
0.455948622769578,0.284600315112223,0.083444659112372,-0.0326492431093619
-0.293461111813183,-0.330301547946385,-0.355743214175712,-0.275281670368404
1.0370885639014,0.881080042823686,0.524029660177337,0.178467413828169
0.792678142350717,0.648572976212965,0.370563083416421,0.103962606369997
0.801862037850566,0.473971837339591,0.133159463453434,-0.14781949070242
0.647376760189657,0.159634496283344,-0.102446410166003,-0.329543003877918
0.829687343774056,0.567901404229387,0.211931255208782,0.276247981394359
0.899651369143981,0.473690709918538,0.286067216559393,0.0815008141993635
1.39833916921256,0.612030816450991,0.24807283564005,-0.0723763814441746
1.26083436261222,1.06663040694017,0.807827873929294,0.676934431966564
0.406482152720863,-0.0892662307103483,-0.244391149627877,-0.469877603671208
0.869945190054447,0.483523740626154,0.176123881722967,-0.0175334596961045
0.225576044332371,0.219025765822156,0.168112864091418,0.122988855020269
1.51767265448349,0.746582243735618,0.199210557747414,-0.0769170106604778
0.653550505622237,0.416082917835947,0.251808354704102,0.24136440645701
0.850709760714138,0.655683309933974,0.273598031636725,-0.0579236766627112
0.0659903290032003,-0.166432533006528,-0.29597554963037,-0.214427288485729
0.59183635166393,0.504527705934592,0.369564972205994,0.293669493811973
0.465566884165596,0.219216036649604,0.067415752929793,0.0701388916831108
1.49147596038974,0.819085558774204,0.558708326174684,0.274101768094597
1.28471692418295,1.19462991416822,0.786851314719329,0.391000092608422
-0.196989217476976,-0.159011657619193,-0.257973866626281,-0.331782134142566
1.10011542105846,1.02644348623569,0.804653807697601,0.916831844570325
0.28549430791919,0.323462274154138,0.280348453438551,0.236622475904189
0.921396736455236,0.773554259964633,0.52779667223126,0.401955926465606
0.446074534917808,0.668978763713137,0.673683681638404,0.704907200676192
0.58035925875008,0.394423720876027,0.180908650909515,0.019331347321287
0.68407487074389,0.239803674568369,-0.03402920305709,-0.0564521833145945
0.0775928514126606,0.186405122473956,0.0502907506215707,-0.142005618147478
1.40778177284725,1.14563342585975,0.851384156503438,0.682973935006532
-0.0354157347964276,-0.0480568956526878,-0.0541161151001509,0.183300486491408
0.68793161430291,0.820373245088764,0.752860044992521,0.738112905197912
0.119673524354326,0.249089145502745,0.219234131938446,0.3883646894375
2.44832845970663,2.06271591560645,1.54105869184087,1.07001465550237
0.51748492623593,0.0585668170972996,-0.109763960764595,-0.327869990835012
0.175464177766363,0.0529846130593933,-0.0341033140828126,0.00496905876806825
1.54768381003522,1.21027881420574,0.822960418311533,0.828241226999001
1.13014315361924,0.831942800990939,0.553447250524715,0.3412371956879
1.65764749432657,1.28334152147167,0.934241820890611,0.778961944428789
1.47189825313972,1.14166276514613,0.792734286082467,0.607817960943673
1.26577228431768,0.758655846636333,0.341025168217649,0.137205396550225
1.29336006470437,1.13621132754896,0.92063984626516,0.829163305739647
1.48678211315422,1.26302337905294,1.01072889800771,0.89130109861506
0.222230455010593,0.0119913158483446,-0.180434416502694,-0.310289084637502
1.26458903065138,0.873116338966979,0.583790436433449,0.504916917394778
0.812692511265941,0.514787749410536,0.249633122089542,0.118055312529897
0.577343544642689,0.284254489439073,0.14571278536567,0.321103115147709
1.77933685635185,1.34860008672473,0.947368321921283,0.702020729193483
1.00616515919129,0.685851301163777,0.600104212966531,0.434246951330893
0.869898227808816,0.909967431624164,0.751564561073368,0.689795652526642
0.915367943886389,0.449838379754842,0.113157211623155,-0.112140255179522
0.472027752005381,0.396510637532268,0.265183284282604,0.283100517017817
0.515961894898506,0.249289818688604,-0.0730930418426705,-0.0505773402971292
1.26437397329385,1.11199957557298,0.896339788969864,0.802490917184636
0.420891799339755,0.221392409830754,0.0872833592730343,0.198531683607985
0.704576351348086,0.366212025222375,-0.0457334969234051,-0.378214395637024
1.30968433796681,0.93299448697545,0.547465443956699,0.465273678266847
1.40370062181321,0.995117855237919,0.637470500707598,0.438567164717192
0.10209322756233,0.10273337930335,0.0204832730976404,-0.0507379736646666
0.000926055677311688,-0.119308548336936,-0.309791112146993,-0.222919439759897
0.141191116231844,-0.107667779520646,-0.327308139978457,-0.465625942524251
0.845208412276821,0.75100180893117,0.630174346857221,0.561169786254302
1.1186239314963,0.610788268059632,0.224383180745933,-0.0598987714144974
0.577973780842057,0.0497298635102786,-0.277310615455769,-0.402271999603959
1.8734289320203,1.21767993246899,0.836908018187013,0.509013156056677
1.03325959152867,0.901169251673281,0.568326514622798,0.244281341304514
0.641680068399748,0.300547118361286,0.167433680959547,-0.0140210191645132
1.40052699212976,1.04126926862144,0.804021828023192,0.797222037306305
0.908082483110011,0.495633076765576,0.120918914952285,0.0350141689763194
0.0668930436473963,-0.221623435353835,-0.232071345825769,-0.369887804728692
1.64189199125859,1.43776776789746,1.14363160511735,1.16026101282461
1.1183407231935,0.752066058976048,0.307339160546471,-0.0635717918641893
1.25019989241052,0.858003293530759,0.474488918189072,0.41186585657665
1.11555446709397,0.830772478842468,0.551809848865208,0.330679115621445
0.149485502767483,0.0111336322715508,-0.071290281187485,0.0514289244781935
1.43335794138347,0.908234899167327,0.4620596224971,0.288818958137237
0.975400277615579,0.72245093216956,0.632283547002316,0.474839583772785
0.86060186437184,0.652180695208659,0.508891309130771,0.56853491111687
0.607768597465477,0.545163192274415,0.235946118173403,-0.0713352886032707
1.2158217248466,0.845779835022128,0.664876295003206,0.464092325154333
0.646660396788642,-0.123875470747847,-0.466791558833614,-0.735022355357112
0.795398986608911,0.592480757987384,0.45112642749554,0.514619169592316
0.660550041475873,0.467621411284875,0.188665213791264,0.25588906308778
1.19114323994513,1.10772279262009,0.996730108754036,0.90519640634177
1.17243556469291,1.06829450412874,0.82404627255105,0.714940021402863
0.920617293952139,0.508514987454145,0.268132840880655,0.339871943995456
1.32082863099685,0.938400072525317,0.611243842813614,0.421741320753271
0.901050802055402,0.641272107073187,0.371986792850438,0.203611790954484
0.0574885350828387,-0.215028768744118,-0.385042005219084,-0.351250198893256
0.763819285358867,0.392565776126394,0.219908210529027,0.0162700115281142
0.195408243702389,-0.0123555036421879,-0.028445984637726,-0.139055029479915
0.696883778240536,0.437542246524808,0.0382141712844213,-0.315172515301122
0.638943973115951,0.458205433310627,0.250735933209624,0.0639099355715993
1.21982435735511,0.850087002595727,0.356669885772286,-0.0658596966177053
0.694036074273915,0.614941396627334,0.40825291241867,0.491709954027276
1.28839806427426,0.942003278653475,0.641568540089007,0.429098574038861
1.20707023736156,0.692359460155605,0.286600763250758,0.0095355274952918
0.914514833995364,0.767085687810469,0.563583421794831,0.486900366006164
0.945768346084368,0.738976305074604,0.677582352519719,0.560790899670297
0.96778621311387,1.05099741676833,0.829351085592833,0.549460113830419
0.217874540371522,0.0051814586895379,-0.207163821978848,-0.342633464937639
1.73155841950869,1.28416830344898,0.893091742434261,0.676252990109584
0.931171478125975,0.469370281226936,0.101626219085634,-0.147024709697516
1.34815437713146,1.13102076792085,0.848770801409045,0.74126600620079
0.728742674795387,0.442184558588915,0.403032232322272,0.257126371528122
1.0117869945596,1.11336850673283,0.8966941618137,0.62510497853592
0.606806395984134,0.26549494696784,0.139286691142105,-0.0486551681175214
1.2174188997764,1.08947170582524,0.897637840511045,0.816844481284547
0.979786476359285,1.02864696012852,0.894664917214512,0.835985794605201
0.93734815969414,0.723432902063005,0.295424196316123,-0.0990862323258578
0.380350403819332,-0.0888915548547571,-0.386671644074796,-0.656903979126625
0.627327515466422,0.487807543431028,0.298110380365335,0.173933250087205
0.223026377755877,-0.360966703807332,-0.580713913991373,-0.770503270399255
1.01392631383916,0.494668821086374,0.127198009699822,-0.107907776703052
0.455079866783515,0.49730901882213,0.364615551165544,0.521709375959384
1.46282426330546,1.45404790338462,1.35187705195629,1.3243193835074
0.594551484306647,0.33226644110256,0.156309029489739,0.190545797156331
2.34230711556595,1.93529445372697,1.53365341537757,1.41372528313905
2.01037257740794,1.93587294743654,1.71082980979841,1.8026155930501
0.243948355457183,-0.197391384219345,-0.494227420809945,-0.612337426788158
0.684144660145629,0.442132041625893,0.0791380082965758,-0.230956465112523
1.54674697125654,0.920019267124205,0.428849932168699,0.0794446373053497
1.58301631978515,1.37127710255911,1.14855385851602,0.97560642794887
1.51478030577932,1.18411086038911,0.79690104705401,0.456689968967613
0.361978192398646,-0.10741746819023,-0.323216371794541,-0.551743514568839
1.24596075536779,1.04253495569409,0.71620544916562,0.783559394644441
1.12489123662623,0.668514643546579,0.301196261852255,0.162735286486747
0.595786613171917,0.354140703373685,0.124608201322221,0.0146128819047903
1.36498183090631,0.927727978667672,0.561590510826957,0.329329729251106
0.994707079828592,0.447368832107645,0.0606769714171591,-0.056115869644136
0.698209756852416,0.898630451519176,0.767277661510453,1.08190879586871
0.536617827876293,0.194387492995669,-0.0670387201266051,-0.251490022147482
2.1334000489504,1.93672681622273,1.66858405589172,1.48606367555195
0.804082375869342,0.71978128238055,0.508469270686138,0.601336362992506
2.83561995055527,2.34477015119037,1.8908244320737,1.57842950858368
0.426448049106613,0.106359319849094,0.0127259856687808,-0.14908286241544
1.00835774355796,1.072763203804,0.813801375071991,1.11901623577673
0.555504272543348,0.722749392416809,0.654047945104308,0.89451077916459
0.504104864879749,0.473891173350798,0.279703906961582,0.225214296322451
-0.179477962350939,-0.069682414450038,-0.0587883361170576,-0.0637165151223384
1.0477153522953,1.0024260034054,0.809402313845523,0.919758619693343
1.4954934900386,1.2325990191853,0.960572813567844,0.806361581977247
0.286894208534358,0.141722440647776,0.0493113398819657,0.178404965881725
0.951338005934193,0.628587794455558,0.33344285882686,0.125643203564735
0.949398510377295,0.66422141059256,0.388584107851122,0.221773769789662
1.67372770271873,1.13644311137716,0.640012020544987,0.466208397738013
-0.269280957380207,-0.227128309405899,-0.293257819119502,-0.288334452262183
0.509232078140707,0.503369215727029,0.400937272388929,0.381679672340519
0.831925654694469,0.680436570506756,0.40485509018974,0.487356332607319
1.57445188053138,1.37272371225768,0.87575271511997,0.413299945261693
0.981048882920315,0.784457668557827,0.490821028084204,0.533987230106774
0.501512676153304,0.604951379895059,0.508273653363295,0.478156968303559
0.621300335385183,0.413413434496821,0.160631713412158,0.172046094599673
0.866123396649077,0.481627294567924,0.176343333453257,-0.0311625124816565
0.914314656660273,0.808942609726072,0.580451257432413,0.476188303556344
0.36444126435644,-0.031527715399523,-0.100736405326088,-0.282854806715933
0.338752452360478,0.36710457907581,0.239417373921505,0.183431813530995
0.420469135213424,-0.0110382720214975,-0.106237162357913,-0.289862682118005
0.835011100218946,0.321063959140729,-0.103431187786014,-0.280758928031024
0.88774402702608,0.459814306242849,0.106885666647077,-0.0850655927389641
0.872896705287769,0.958201020200051,0.612236645419993,0.238788258647367
1.41107953849433,0.98105017379758,0.539928185057561,0.60369842030771
1.35576955892037,0.979927555349644,0.655812392078827,0.521186042189551
0.514283293634073,0.0830278464779428,-0.126926283274884,-0.332117397581824
1.46692675520293,1.17538034107754,0.868514958409587,0.715674580141608
0.388757525594632,0.112566309715437,-0.111489606559078,-0.260104509296629
1.18326873532652,1.06680363508708,0.820607213266649,0.567893628130533
0.855628483072037,0.724810377141085,0.573886074002283,0.493608549553999
0.363362878248582,0.163460326804149,0.271370775737407,0.139902611204481
0.0132278713245432,-0.231406957621799,-0.428262737087183,-0.565923678169656
1.06931004704614,0.676068114288272,0.360211308094743,0.213108304258288
1.11534143058756,0.467602617798424,0.118414070867392,-0.153480142113282
0.297508022325562,0.0677104884255815,-0.155238273265194,-0.31356421460024
0.640678295143041,0.435006924892813,0.388248510180233,0.261772187975896
1.3093213977089,0.829591490588201,0.43981083085259,0.193742915637146
1.26685358410318,1.07352401104933,0.853638495776375,0.738089457549824
0.396072832833966,0.0862286799463851,-0.0497281616784205,-0.22773755031451
1.51120463238132,0.720819355088276,0.283138953576351,-0.0864205607814347
1.52660945220165,0.986182623016738,0.426274373271728,0.480895991288114
1.91636165451417,1.39153714642809,0.964689496077709,0.635065241862613
1.62229521895187,1.17630699490055,0.813633713887521,0.556097946887617
0.333352131929077,0.0793472854435971,-0.173983941749166,-0.306099187989501
1.27136819575237,0.750446988053353,0.268823711122862,0.315169846686873
1.01760285825391,0.80406825616181,0.549114330583975,0.399685748233599
0.774650636543902,0.454366588167223,0.235984820246162,0.174426217956529
0.571509879742704,0.262637248900127,0.0684296040034149,0.130771254275878
0.0653880133854614,0.339830026841431,0.307572001440851,0.325402264133424
0.867798568430707,0.765909007357725,0.698401764840409,0.880297733479345
0.842986025954822,0.420339667702259,0.0997678026239633,-0.110592043508921
1.40673750801958,1.03797348142343,0.65188597637447,0.653934532927048
0.833634239012867,0.435461437712446,0.229499885575811,0.0371851863534207
0.483214545293122,0.435509887318615,0.256373787544,0.175999924916289
1.48511188797161,1.10506207299126,0.729519084434863,0.530010579370833
1.14110100763533,0.775515786940966,0.526443555474532,0.480684207221185
1.73409484923518,1.62192667320202,1.17847672007048,0.729888656059883
0.0695809716445319,-0.0395556879090891,-0.19836577395868,-0.285948628757484
0.605827152277749,0.315122510312761,0.140578920134174,0.196270428620312
0.75341384703214,0.2273763640457,0.0651931042826173,-0.149205571460189
0.489298780483273,0.504485308785936,0.400318676769425,0.502567887101204
0.246164569295621,0.0171083907588105,-0.220470758094949,-0.304562063285292
1.14728750993394,0.824332188955865,0.469016000250428,0.278466515259035
0.721297076976801,0.826453993435672,0.586852773095696,0.288701057891237
0.372041238682745,-0.140978578709827,-0.402190107374695,-0.634375996676183
0.199872885780943,0.269989623875449,0.224430882675043,0.239318760954336
0.751164400970152,0.714426706945647,0.634637215099483,0.601324039034048
1.44479841529015,0.983903133329799,0.553653551604845,0.495391369030751
0.425219527489386,0.208343706023396,0.20757099835439,0.0838353059911945
1.3258786643727,1.15545504775774,0.84744641150833,0.936939100376001
0.320475214309608,0.0686038683928966,-0.0475229910274135,-0.176954537055315
0.146393428690333,0.0595856589197469,0.0596218715809084,0.00652643487097827
1.14819131310166,1.26065150683496,0.992621142473934,0.674673051119497
-0.359367912758384,-0.198193059754828,-0.24505970589334,-0.0448852667594497
0.592188001792767,0.244757266209023,0.0954346566462595,-0.0817567229655729
1.11886828743891,0.55512755759399,0.139695940541822,-0.0620236139708411
1.52321878102123,1.18204577116227,0.857059736498951,0.622893785984056
0.616636003265293,0.458648091409534,0.301891649472221,0.184922610512203
-0.108184509824106,-0.142688622406693,-0.401266113127306,-0.642029178488752
2.07061176192658,1.66722000750283,1.37737970008041,1.2928867000608
1.19821931764069,1.22336951129502,0.992064008920034,1.21684960150511
1.50717320233687,1.24218096736451,0.930373576641841,0.890560251142548
0.309514670430173,-0.0128561521482931,-0.299865404309852,-0.459205600768661
0.164553642144166,0.260584276093874,0.330440697987818,0.539289860533696
-0.0851579766494381,-0.0536542350322702,-0.223988927981097,-0.0289521874477807
1.0537071237539,0.357892072019715,0.00317132651501287,-0.30323723109246
0.342142626288421,0.104954488246394,-0.138364934014828,-0.296262074891688
0.179591545710187,-0.040979215239953,-0.0851574865698554,-0.196540826878272
0.877982049732755,0.972662806643985,0.881113582847984,0.9010145187215
0.782271107766749,0.385551563719231,0.0722022566950178,-0.0894410424806713
0.734472700162441,0.339478018851775,0.095975693723601,-0.128700004266199
1.5265776226437,1.35298491450298,1.06543389296756,0.910367505663519
0.226600622365915,0.352889294689801,0.0734428428102701,-0.225983468828934
0.247428128627671,0.0761432039397806,-0.0297558938131664,0.0686503340557721
0.554071044456585,0.21361493776611,0.0874665350172998,-0.0805643155673622
0.827107232798466,0.845331916909192,0.70626792338547,0.644755704144176
1.46593957532874,1.45480766429696,1.29428783512612,1.22743425807427
1.36587409147481,1.59923426554283,1.59550484319102,1.62590464334593
1.11602470062389,1.03312781189281,0.697713776426954,0.35639391512457
1.35166014545314,1.36592173472894,1.27052733116105,1.25236453567358
0.766045849461155,0.565064351506088,0.362347576207534,0.216567733344354
0.687306542354535,0.446319684138822,0.287695097295659,0.409334306444246
0.120653398984409,0.13058868724482,0.0994233255774469,0.0667072173130801
0.514533398822545,0.119227728512113,-0.185776489848839,-0.371855480796521
0.405001565477431,0.0445566626490153,-0.140452131851788,-0.0491558884212109
0.533190172679464,0.317647086267758,0.161968809665901,0.134528370020527
0.501137464025996,0.365123439124466,0.275691153885895,0.375372413362394
0.879475758152665,0.369454507818582,0.045318177393764,-0.0233878865086378
2.31636164901902,2.11803548002381,1.84184716596121,1.72213263084095
1.65513107181508,1.5393364257596,1.13127129152316,0.718364920048364
0.599338964454288,0.797557869074933,0.546114363277379,0.217238051078423
1.31955723654659,1.16279836972107,0.876075277297073,0.999202708505273
1.06315826358105,0.766880771491287,0.479527550337466,0.300019006360976
1.47217192470061,1.10796350547303,0.803053764773063,0.634792252063844
0.899323446029036,0.704225958650165,0.46189711220101,0.317624794974868
0.713498915990086,0.733749433737831,0.469388587656389,0.188397919874939
1.22649850604938,0.87746093012837,0.630010943476137,0.568308684932433
1.88744350904587,1.74203762576369,1.48145583762136,1.31078904821037
0.771612685239277,0.450764980750719,0.170031866429314,-0.0152100755034905
1.00756431817695,0.830338411248958,0.580392826765941,0.442977202865256
1.70339056255446,1.34968918130328,0.96205530150985,0.766008117534612
0.884969185496017,0.691611746789338,0.261476931124755,-0.118336981791717
1.62388177036114,0.954555403409835,0.452969513633076,0.18228434260593
0.582106418757021,0.487468927875394,0.33251730237667,0.238647510830825
2.3849141402089,1.97849049477482,1.49300775041173,1.47993914517817
1.45315640009491,1.06476968496896,0.69894619957192,0.502528930233057
0.541942580770559,0.385882212081873,0.225460398844423,0.107197568920219
0.282227912509531,0.0604952706404983,-0.139277719907219,-0.277359603394969
0.949465458935847,0.763886248716494,0.518263394034579,0.430902621674046
0.883827094414066,1.01674028279624,0.875645530918922,0.666515496480736
1.64089455307984,0.99985454832298,0.492311407890121,0.156891635414378
0.72140811959822,0.756897512588746,0.575731091823809,0.361959903915486
0.624202692672002,0.372701076971623,0.150911878561131,0.0466783051653503
1.06574315610638,0.704876170033514,0.339939044131477,0.32052268736008
0.621781739934825,0.477086244138951,0.290006849209834,0.208429701622373
0.784297144507752,0.701707843323619,0.646131154751486,0.733824917627974
0.781427224578185,0.835869254054481,0.649466183350958,0.59210956190208
0.505293651105444,0.476271913488413,0.383833927029395,0.353252568435865
0.716042957232322,0.172605089686359,-0.025559694471086,-0.262794934981942
0.472633935687547,0.25471154292471,-0.0153886375665657,0.0147904608699179
1.09504666756164,0.985600400349548,0.809770036791665,0.735951452575298
1.02094560917319,0.852835168578069,0.58089869051327,0.635501500741496
0.117471945418458,0.0777307052833461,0.0239228217749821,-0.024551954400057
1.37111738521068,1.28350171151766,1.01866556058445,1.15113991446315
0.717255011036362,0.559728353228772,0.407880279796772,0.299900539153036
0.596719796465862,0.0115396782023438,-0.264719307551985,-0.527736328159257
0.381270688131433,0.315724003720864,0.268251408127899,0.370421910525114
2.43094292944914,1.94472867354453,1.44343739026571,1.26947014492373
0.174644196737976,-0.0676169642857706,-0.176399841679346,-0.299171548118314
-0.23257334533366,-0.178424504989543,-0.273042959662857,-0.305274133017379
1.30007299388543,0.865226326944375,0.505174325034796,0.341198905175095
1.91960226414528,1.40841617604486,0.981435757067565,0.678107183099129
0.684447511008183,0.588927555655218,0.526412365712751,0.679845829626203
1.02043030412883,0.904862529674776,0.708335045244864,0.753868587626374
1.46582311581526,1.27909031384279,0.905971223678063,0.54853463246084
1.12195815104314,0.654450845477232,0.293869193657132,0.0534816465257012
1.05424693459249,0.659895099901918,0.205387795662107,0.348134484255906
1.13936302388879,1.02829539736401,0.735790874935155,0.442224768473662
0.440980356970695,0.273733859107473,0.00509323824059188,0.0900002492504637
0.915225472843139,1.09151971165306,0.863638890943106,0.570380906610546
0.115080680814818,-0.2870862980797,-0.455318229272828,-0.620091386919007
-0.13928975617718,-0.0165729432790359,0.0233566849650744,0.0430892627030544
0.981433009313999,0.631163289416654,0.400109316813357,0.41973109195361
0.646379869665523,0.538086149020238,0.38070949690639,0.324956811990276
0.234615618538098,0.236771964537857,0.14663155644684,0.135521535617449
0.983116328018875,0.351211728024379,-0.180987642403665,-0.191732906015076
0.637032436961543,0.396571741662806,0.107385370807121,0.192387895917639
-0.686517509239214,-0.451487444869938,-0.426034123894884,-0.384212535658321
0.990774627894149,1.2688914821646,1.24166857105246,1.26455379075787
1.12819232156813,0.816304431527115,0.618805994701141,0.708797729652344
0.287773530866801,-0.0555429115820577,-0.157013199288112,-0.328045266586047
1.56296082990277,1.25137137601163,0.934705736446002,0.790477289304653
0.962591796600121,0.775637402244297,0.532914712944303,0.401501825477993
1.27309687396025,0.58951451260013,0.268432964786137,-0.00933130435777432
0.608694280799844,0.458648490041912,0.288858858837624,0.155596199793286
1.24473989874061,1.03860540232477,0.663155280231362,0.31026615690438
0.774697282100716,0.879523467820582,0.607141570632836,0.296097402034948
-0.200453450962104,-0.461286560801833,-0.543028235879599,-0.675662736571546
0.691956645781711,0.488437646595401,0.230310413158262,0.259318085169944
1.90915805091559,1.32919908145115,0.858165395248013,0.51903477780745
1.25545921450378,1.10063643418674,0.581540566831345,0.124728793927859
0.942916462831145,0.722172438192225,0.500768016058122,0.34003220263696
0.311492059706244,0.186526012885489,0.0310047998628598,-0.0828891201690063
0.345665225821267,0.278703710634778,0.0732912903352059,0.186580792006926
0.782935529590093,0.224094705154397,-0.056374976491664,-0.298168947951652
1.39191507154378,0.972244510206405,0.607752187925035,0.392135249624198
0.441103655193076,-0.27937668583301,-0.62959895842465,-0.91009381734903
0.929453463357926,0.519148225245973,0.199763823106539,-0.0135390047125585
0.526831345178309,0.344303522988581,0.327235293358578,0.225023187730161
0.843578431137613,1.20240782711494,1.11972478096286,0.912892299605276
1.03478270449722,0.396574123425533,0.067363163985689,-0.234079013031709
0.406515579201885,0.206567353276981,-0.079132698614,-0.0292122878409626
0.0455516196686542,0.0967377621063197,0.0575620495161284,0.0201090523701946
1.69991194182436,1.31897711197389,0.871563722936743,0.87588535247345
0.274450742039225,-0.017494328508945,-0.251861794707088,-0.395101215369429
0.953720411117593,0.581958572001137,0.273509914275981,0.139106519309159
0.871015221964034,0.756540284374644,0.289952730048602,-0.126606346702844
1.36682714478745,0.973372036949622,0.758606389631278,0.532017002304416
0.420778059548314,0.256532582024077,0.146830838295942,0.273184028143296
0.362616549443797,0.19781804605416,-0.0714852431443499,0.00595853781778344
1.65243729460371,1.45167828638947,1.12499960353581,1.20111207717936
-0.314597956546547,-0.388782514031525,-0.437010098120189,-0.416580965961599
1.07919670051963,0.71152834633709,0.360591353346752,0.15885221977032
0.436587053209031,0.49983248535482,0.367044100848919,0.198109135105711
1.50815902632923,1.22010961000526,0.857452811517406,0.875855013045191
0.809371878871701,0.816636658692326,0.541726546194284,0.250373219586244
1.44251188933993,0.982465974263594,0.531093656881433,0.648034802691432
1.68700166121962,1.67521441613115,1.4050892887553,1.10455059480733
1.48803772658917,1.23527672495561,0.967862397799871,0.814533969838483
0.701810807796294,0.211347436488116,-0.0399107028508568,-0.271965997524036
1.30241079733652,0.933510438703733,0.620833540056905,0.392473965771544
0.278471243837244,0.0436048318007892,0.0196416722442673,-0.0968213196468357
0.187034565647077,0.186520601467105,0.0716308113178159,0.0650934299952431
0.721963020339992,0.508984168639296,0.294606467897561,0.141451757767137
0.96573048922424,0.743402879247946,0.506458187734273,0.356182548971865
1.85907803897524,1.39501403212008,0.999714557087286,0.810101941878499
0.797807112527663,0.641972550433052,0.37060411434816,0.46472192005843
0.1959952904534,-0.150860061384501,-0.243130534750331,-0.393144310895802
1.39517527611846,1.14168237663128,0.793401106454725,0.867044843070617
0.8779985281155,0.821723623179341,0.665601530218281,0.614465845723739
-0.0558373028259975,-0.100472230339279,-0.2074527688584,-0.292621939003301
1.78778570434962,1.51108566476695,1.25001763835851,1.05767395876659
1.04779450319964,0.713491762652109,0.50678436371875,0.602386290910656
0.36484246708176,-0.0206453628795915,-0.159236712284836,-0.337088518700607
0.676856726215338,0.422381460856057,0.181839374790326,0.0731487691671839
1.21353130228415,0.861286117578606,0.553859470072024,0.397779067456266
0.549476684317102,0.461826331881559,0.348942566352269,0.258348084259572
0.538632462212148,0.423623098475901,0.256399706070676,0.0958712245262458
1.61706504116031,1.25168858233279,0.870671394753794,0.738445626379632
0.808926789554373,0.625875092969846,0.430811233016628,0.325555685721564
-0.988157045692751,-1.02604916057346,-0.966983829002796,-1.0031058697475
1.25671085390819,0.807092398497243,0.52875988930963,0.567958170333207
0.771081869037648,0.777819935312108,0.410775045714351,0.0319704592496013
0.28062567459855,-0.0161146739830635,-0.0637348567320836,-0.214852962192395
-0.0609394203987876,-0.0403293087006924,0.0960404152550987,0.0856243874034709
-0.0101850954765325,-0.0782321845668303,-0.126153277887965,-0.0601178164668128
0.0963992197238436,-0.291556618901405,-0.389123972632498,-0.551590467264835
0.0323609419291838,0.00398653451290198,-0.111644089317126,-0.173802262960834
0.222765320834542,-0.0331348916887178,-0.209351959216958,-0.243885891478104
0.7550720686667,0.873406712691531,0.78452883395941,0.758349751180691
0.614923453324641,0.867317024128625,0.904929261195325,0.959697290758366
1.45671008071102,1.11210731591741,0.726739632183215,0.683514719102446
0.106784289295519,0.0164378464142955,-0.176905275017075,-0.094376552067938
1.24882270850272,0.951836333013841,0.63944989687027,0.504826654036764
0.971238531838809,0.72876148898332,0.481345068800366,0.365421978860989
0.439349310685144,0.0563740625609501,-0.0659592234165031,-0.227769714447685
1.75563443386514,1.37990287991925,0.868199303136197,0.42410635929912
0.334999171138655,0.336822965913002,0.294792675309061,0.283055566709365
1.32029448798634,1.03840473183984,0.663845177058848,0.319266438296152
1.11607873015834,0.845760765689096,0.567630718333485,0.418613992481091
1.36989164236007,1.17003561301538,0.95243675466001,0.766235238724271
0.743477611233502,0.836679132898412,0.865728778702978,0.879485942702377
0.804871930143546,0.444509737240342,0.17582133757696,0.0654235062283431
1.63645022711196,1.34903081265492,1.04663030841778,0.931541796279306
1.3834759731297,0.930854371455498,0.512831986857718,0.410393949544615
0.502577007116191,0.292213212926223,0.143966247248209,0.00829693914229748
1.17572366061129,0.782830828675199,0.469196535737172,0.272526351047145
0.448513071101783,0.0903616166025145,-0.151082736700494,-0.206220158206433
0.996330200410808,0.644214252427771,0.348302077401652,0.146407722066541
1.19868957107946,0.763851147776662,0.363975811348278,0.266046680037855
1.06831861146754,1.08507324629092,0.959009699173424,0.942916330360248
0.900019349598005,0.532733887299373,0.376989868080921,0.201058074285096
0.435859171727414,0.275295805038589,0.0756999580996925,-0.0616291304680958
1.28019015664804,0.854185944502922,0.407955603172839,0.502363039638575
1.68281429176622,1.27456117708611,0.660747903768516,0.140161853291054
0.195456407812729,0.15783138438762,0.0136025127544399,0.097974182626575
-0.412122442753845,-0.582266807083885,-0.647642993787047,-0.744451124681558
1.57668951171516,1.25121508621364,0.895729015323826,0.754290332610946
1.14405486922693,0.866189878372801,0.670256304982351,0.670777776496512
0.226535273783951,0.297788597354232,0.147144688272367,-0.0402060926525053
1.18421369727253,0.837955012876356,0.608340599482744,0.625853307466464
1.1541168690183,1.01869392489781,0.859771926284881,0.734077541912211
0.824054545248878,0.230311228629679,-0.0719006739143079,-0.348679815337962
1.67347800497376,1.37132723110625,0.909495856208651,0.476680136787788
0.765063711562711,0.599009329370811,0.348935233611294,0.373332394807021
-0.248693190258684,-0.0588425461171537,0.00373908424929681,0.0328583160221216
1.29538466444069,0.9561491938674,0.519591505842741,0.156985619935089
0.415043098505666,0.0468862219792708,-0.0264213729795483,-0.197426957610055
1.27183357753013,0.885597608566804,0.479053577612164,0.534186417656146
1.10846639988712,0.986052631206887,0.761978019608404,0.646066957127777
0.819394370509825,0.991893334076654,0.85989344687543,0.657436598201277
0.238354437591682,-0.0936353178772217,-0.237079945159728,-0.408443222958478
2.06716142285739,1.94202610708878,1.80917493103599,1.70814171453852
-0.211992282640636,-0.297336722083135,-0.556126012423945,-0.802525938570664
1.04177984656541,0.754015452048868,0.556720319435345,0.577168295615881
0.640479147750546,0.527634030457216,0.445205263751987,0.487974388390678
1.32118183349233,0.915261310107901,0.540285829198689,0.359265811002821
0.423555279311812,0.136749959611927,-0.034088168276164,0.00448769074796362
0.848159779882311,0.422957640197635,0.0263959627046905,0.0322984009091661
1.07917071352798,0.728578124893688,0.396232539663072,0.197987063355102
1.20675549939509,1.07579963559355,0.688326590448396,0.316047978101343
0.861345224598005,0.477229618948496,0.119049193030611,-0.106848380396664
1.63336502381784,1.15808794821563,0.532637727032994,0.0198359094297721
0.477600740408293,0.343325263861774,0.183698663667262,0.0563378635337294
0.629655848346053,0.266851522821753,-0.0301992159377031,-0.252288659734407
0.420406780005073,0.172715977737188,0.161913002670748,0.0276094732821137
0.751207240634473,0.307025595817181,-0.0361473337646071,-0.284563796583668
1.03788730872779,0.865869855654943,0.591145280255128,0.66470678139029
0.847905473629449,0.349429428142593,-0.0148500345873374,-0.141517605567907
0.64952103451915,0.4646952842025,0.216913141417147,0.112819707181299
0.485695911504245,0.375409070355286,0.304097784743475,0.393213205388515
0.302117748685801,-0.129426416922223,-0.285586688935822,-0.49814136232029
1.26855547907618,0.860154104728296,0.37433456015075,-0.0253644103881702
1.26186945423883,1.11482634911461,0.913902339934558,0.833909593899012
1.33929118403394,0.856331269551583,0.556486459354682,0.275709411978422
0.308233237678757,-0.117646935324391,-0.27155833951127,-0.456072153448243
1.28808055635852,0.579400792858457,0.0865707178926828,-0.10305986970881
0.670940807844244,0.569150277264936,0.456201439958256,0.390704717889846
0.423124173817895,0.058803908494462,-0.130527919849644,-0.0167467636115828
1.87182916167773,1.71462135453912,1.49239154358663,1.38929626976291
0.687355895649978,0.43393433687897,0.146763121490304,-0.10807035289646
1.62092649452164,1.36408060488488,0.901678313977655,0.461821494116823
0.660655899184251,0.0174961749528222,-0.204723670987189,-0.431683299768348
0.281886538924711,0.315181850020107,0.120844779779152,0.3303275073445
1.64658141707166,1.2027516849218,0.965901403030804,0.724899576666048
1.04225222176252,0.98087938815509,0.822884388814992,0.874201678242477
0.684825544079491,0.312208334169162,0.00809550082020793,-0.19626082547479
-0.0530169897075143,0.0573837460889196,-0.194715211520503,-0.478302292717446
1.17378553670872,0.853547563863545,0.551841854318301,0.413392839422116
0.696688075544953,0.587020936257536,0.44564355555465,0.384340669994504
1.07008121165355,0.903021052787926,0.552122434456874,0.218708184517544
1.01141592646346,0.852742577091546,0.660927825390671,0.516597778490005
0.24129050975886,-0.00907526924620372,-0.0913554826824391,-0.22040441419561
0.941258835814613,0.575202751829754,0.257748421184146,0.155093914651111
0.254334906612135,0.259629993246918,0.263996114289817,0.470247954587161
0.857089763524548,0.698478216377079,0.508504561999561,0.464946410523177
0.821414488379107,0.615532660338575,0.377866814121693,0.228957477875067
0.318102121897494,0.109481207402171,0.0367625679750659,-0.0763670478859997
0.17077961829944,0.0287441881994183,0.0158552860255811,-0.0691446757673848
1.71431431028584,1.03938641975089,0.533335329212648,0.199026202369679
1.1465595221554,0.903979942176995,0.660948852790438,0.531602082441182
0.439342901865088,0.552813060444851,0.385083281001938,0.166065218958218
1.04070579063203,0.458635134410673,0.212405256358531,-0.0337704992210705
0.521686305535989,0.378562662840074,0.174238268003755,0.040622676839693
0.872940778889671,0.549896737819676,0.257712666213572,0.101725025418018
0.9178786161763,0.659278281320527,0.352223480820205,0.202817735587038
0.838581239430249,0.638644429545234,0.446637887102904,0.294711515474458
1.31224758292047,1.3266751520545,1.20409117626808,1.1443656489666
0.45980405214895,0.392752049108097,0.249689629296455,0.172213283721744
0.192755990928547,0.263608277283704,0.256003208347335,0.262291304375126
1.18648665251253,1.30889326372511,1.06606299166006,0.762431369223518
0.861181463611433,0.46140761936559,0.11921161788554,-0.0258050231079711
1.08529104708238,0.953994656344571,0.717596904563987,0.603410405751846
1.25892119889418,1.12939759538855,0.86611584875103,0.746822262672284
1.16218494804572,0.861138946490749,0.601282531785563,0.394209687792007
0.770894576659785,0.958345657538659,0.890785960554333,0.883611971356086
0.682125995590542,0.42471225678311,-0.0222559301751792,-0.395606529761538
1.24607040945971,0.974409582830917,0.731052821555179,0.599254672995373
1.61170045847526,1.34482406437843,0.972401027255661,1.06712684320188
0.478666824925838,0.454156615061526,0.162709693414307,-0.146217849316852
0.509855596769961,0.560309023809897,0.487473077508971,0.454586476973278
1.86832746610998,1.20199464824987,0.611866771826668,0.512885097045799
0.838689736911216,0.680200032380974,0.318518574131259,-0.0300853981767622
1.05369806550387,0.618150675030311,0.344515778658698,0.372791414476366
-0.244535708977898,-0.338600340949578,-0.34696163370151,-0.402500493947378
1.62652002813874,1.11508130022492,0.692950270666732,0.517438805914249
0.710573269235846,0.687548124205195,0.522702699103931,0.437215583290077
1.0663138221049,1.31275453560098,1.39580513943057,1.41412079750977
0.582918334446403,0.382364139964349,0.347192979976349,0.230719044758991
1.57989718937249,1.18887636391878,0.827648353867978,0.626745245806178
0.14773787133465,-0.107021946640149,-0.14456687030456,-0.272827774060882
1.67578807559214,1.32536664110384,1.07951348798027,1.06710582814082
1.27793333916043,1.02021805002329,0.661703057772838,0.743325572982102
0.725535840883613,0.714392123389641,0.594142983638119,0.571971887415649
0.79739047402714,0.643680177590312,0.635935322602799,0.543193238927636
1.42226607738399,1.16326360218157,0.658610379843464,0.196873290688127
1.21719415284007,0.794603739780785,0.257575975485827,-0.167257793544465
1.99964775388206,1.54569196642977,0.958569504369093,0.463671574804605
0.865925588137608,0.698564558970522,0.521908359317564,0.379191882771228
1.77366296863105,1.75323424488204,1.5086613328931,1.3899745349413
-0.0198021281642058,0.243792179463156,0.103677547208337,-0.116907297574674
1.10035845532148,0.713906334897224,0.377198102095295,0.169724425071035
1.2384401492231,0.569463194362724,0.295816683460007,0.0379723834071644
1.47259275483118,1.35890611376369,1.11232401779074,1.19346548242173
0.933611667584451,0.739968758773419,0.471284046738898,0.482568132437295
0.757213937043481,0.496369471397467,0.275433116499328,0.129142436303197
1.71467323477641,1.63804361217109,1.48802425430196,1.3848429001103
0.783488912677391,0.524480404097044,0.292260301848562,0.124537522967314
1.04412380024842,0.56655203190273,0.352746172662559,0.128084533134435
0.889580981655376,0.892256450474674,0.774803534760964,0.871427796641599
0.0901412335498122,0.0151446013199288,-0.107309086114662,-0.195677160242135
0.0817309914400994,0.0794998489289853,-0.104424242504267,0.0659369076517224
1.09277086725468,0.886026535986458,0.524086054474652,0.673715067582355
1.32730717368895,1.04572581580463,0.754932623193842,0.554996855304187
0.464376223037316,0.363031025395917,0.154293953993999,0.217949705541316
0.488189893428769,0.349132965644041,0.257635386408891,0.355164490918664
0.492587613773282,0.40438127138669,0.136779308088848,-0.130919793254999
1.11404718069085,0.972382396074559,0.666737720538459,0.801440999336812
-0.0719783724893256,-0.112315872084371,-0.0587609975775344,-0.0919993487561282
0.361144032702715,0.372668068647042,0.0796221424221843,-0.229801652643149
0.766617241067009,0.415378650910637,0.0429810615880363,0.131588515074442
0.511813895678575,0.275617639255365,-0.0502236042056421,-0.338499141310243
0.661046284307216,0.173482141999899,0.0047301649455242,-0.222882901198188
1.14599436955263,0.714175945782912,0.372195662563575,0.181806902863289
-0.39351365511205,-0.485074000602678,-0.437815843408995,-0.499091012106889
0.479855226020398,-0.0619181935322577,-0.202268149067036,-0.383929479327696
1.40836219790868,1.07884481414634,0.780575030222366,0.563468592823918
0.786542918145495,0.541435186604356,0.439676734654108,0.299628161235262
1.20909493736039,1.12884431106669,0.85899921667478,1.03766796008332
-0.0963804323378299,-0.0216691423400813,-0.0508604142034327,-0.0859160383939008
1.92866101426528,1.25567376943086,0.692622152737768,0.548271040189423
-0.211766846731178,-0.151986005260319,0.00535777497615786,0.00951985820895107
2.01674958695162,1.62322842280388,1.33723715570115,1.30141841846321
0.354892994115388,0.206854022992827,0.218829631980376,0.126549717423752
1.61009568509141,1.05559075635829,0.799727534773134,0.531137816608642
0.884043954627527,0.84700276209855,0.58531565213682,0.303262571889163
0.91124110640373,0.743333936684122,0.521692117637548,0.475225080142285
1.09261840488969,0.85330374320319,0.560091416883022,0.522646232372063
0.819211382525629,0.689511664913515,0.636897345464649,0.554753807876322
-0.0337708085484442,0.00165052448430905,-0.0316301244038706,-0.0456936981733648
0.899639632128949,0.611427545997623,0.330700538256817,0.172640652573442
0.43350493951726,0.306390640121286,0.229957572949724,0.366214955024502
0.00763166534581304,-0.305013300985443,-0.402773876303363,-0.532741299300271
1.02710061562538,0.532017648472829,0.328127258877072,0.094186484639165
0.792837213628561,0.642987864843813,0.543379878168669,0.703472157826652
1.19955054910747,0.644878100392924,0.345510263225303,0.0631847458772331
0.812937070893162,0.835773878545034,0.647491956998412,0.830471615835255
0.0765507988679038,-0.0370627734072144,-0.0021303736978428,-0.0731421408331907
1.05471511874666,0.478665123337695,0.170931705158825,0.156026154266988
1.02956406340211,0.82735189518494,0.772509958391149,0.647860669896891
0.394185884969071,0.218377497981529,0.10065595142538,0.166601838390741
0.245348162501045,0.306661160308318,0.299479797042451,0.320302063252581
1.63861740400953,0.905188322216421,0.383364501002994,0.100415068762934
0.881806656515771,0.687667052231518,0.545446200774078,0.558147423084975
0.898433318424817,0.343441319119206,0.113986344331003,-0.134522792712935
1.19201515497938,0.947547711722238,0.704169812849376,0.538350681122183
1.16809493117164,0.704685743624439,0.304336173634292,0.0148972414337588
0.648286972903369,0.651124219977905,0.362627060115232,0.656137273515218
1.52004602159032,1.24086714680087,0.975567525916072,0.833706643409694
0.263399820677722,-0.165900191398017,-0.417219306588834,-0.49501709669017
1.40953385307736,1.05453374785637,0.733735866763684,0.488794305968606
0.850973014679224,0.235027479384164,-0.00503101423492364,-0.280553201322713
1.74412869113191,1.32715190688655,0.684639736702691,0.142081926856995
0.720248671919788,0.41331779345878,0.0828033654183493,-0.0711899690367718
0.184913947709325,0.0609784577900859,0.0207118853611229,-0.0448823536801491
1.53828307243947,1.27921761328858,1.09424138062844,1.1187386064251
1.69499289899941,1.32878952810943,1.06363071154177,0.99174272650674
1.6245830024456,1.43024482385302,1.07838686637689,0.738800148621683
0.969791945918372,0.797886675346465,0.578969072912883,0.378987710350996
1.29629847379783,1.10823546604494,0.727715101901125,0.370141593651804
1.21251946228915,0.898104525157435,0.625831310946565,0.41474730532155
1.35936390917343,0.999728500501288,0.779072884401531,0.834280361977626
0.271899398557076,-0.0254856266254398,-0.34752779467264,-0.301892141969578
0.24454285473561,-0.0456995003439687,-0.134263422193783,-0.270133856446733
-0.0646205554214224,-0.253604956296181,-0.394243756322774,-0.446826738549589
0.973201372829043,0.551503864928331,0.16030462251591,0.0818426492434155
0.585844726042487,0.483451611707883,0.336673145871468,0.279318790965253
0.663763667844945,0.457658867878034,-0.0122354960250949,-0.411437688028918
0.427109320560399,0.596492087934592,0.434924621170791,0.20146532263707
1.00637435317689,0.610712690255797,0.286719678789891,0.0681066728560116
1.92326491208264,1.45400187316963,1.0519639004359,0.786839791111238
0.151740937428693,0.333470738083336,0.0548215185350623,-0.256782110522973
1.38217630744573,1.26573860031479,1.02368231742464,1.09279661209489
-0.0449117786935802,0.0480284418145653,-0.0488534722890333,-0.0763176075200951
0.596253456360788,0.347390379910305,0.280947167434481,0.153858334760749
0.90601410763466,0.772277580158654,0.412875432384579,0.0697467348230101
0.64149873738393,0.53979611764248,0.304850301404474,0.209775760229799
0.205313148476918,0.263896225309005,0.300742709917304,0.540920572266774
0.660795836985414,0.24946854326391,0.103580060592146,-0.0949233442878478
1.0096850932217,0.698366551679142,0.597543140207209,0.415867107018011
1.17432508933705,0.820928176079772,0.463974100303118,0.427335041428863
1.32171884704956,1.27708861442303,1.16001802678416,1.11651138383549
1.4593646958655,1.05155466896,0.787026786038327,0.785221309718687
1.16373347047377,0.731902929170606,0.387601896853741,0.202003859499073
0.428550638024245,0.279566016674637,0.120792407682589,0.0440978716015551
0.0255516978720879,0.0862746586013124,-0.0381451888125084,-0.0752153742719711
1.7586595318416,1.56740582390892,1.22433005792551,1.04471020616443
0.724945115601519,0.264274213884373,-0.0835297363605464,-0.204284733721909
0.818429334995128,0.637664395121937,0.453926069178265,0.352780243602052
0.127090212345632,-0.161216180782546,-0.257656658845365,-0.394685355376911
1.2707478238089,1.14122319458541,0.853216000492385,0.559074174443982
0.155118257999226,0.232732622201655,0.183600334255666,0.306475905018654
1.2672684863047,0.983047749341176,0.66233083916421,0.46051879003268
1.07608891169776,0.858289868741259,0.539106892622356,0.25785200720849
1.10722033096742,0.998902226785082,0.863649696434861,0.75346247343167
1.36948138484229,1.09103842032464,0.80401672527892,0.658496741158411
0.315117808470026,-0.158862084189283,-0.341903571221193,-0.542082820549975
1.30973022127596,1.05483154298703,0.802632375015757,0.667608718267687
-0.494641808859437,-0.615005479902735,-0.567796546241292,-0.647525020810759
1.50628018042881,1.30645120555602,0.978812520663363,1.05361169138876
1.62268947842522,1.36899144277695,0.80729196009655,0.340651515190736
0.648512428505837,0.258837795156157,-0.0413608588640456,-0.142624329674973
1.28777515676892,1.16163663835754,0.692549474852632,0.262155411826595
0.639183285986139,0.45366693391678,0.0694127034259041,-0.262842190835461
1.38485957596803,1.0192815418912,0.690325331511752,0.505958381184343
0.777391018107555,0.162158177741748,-0.0567714403564144,-0.300117569394816
1.13239565084512,0.862739906454552,0.41777010798297,0.0243542921672342
1.01022861743491,0.726436844946726,0.416560431240288,0.234435189238777
1.44020443305502,1.06835743826078,0.745683581688972,0.581682664224025
0.958756572952508,1.0047053047188,0.852097214587704,0.659475360103815
1.29209878669724,1.39106528629749,1.20221152859526,0.95703035776856
0.256293794487863,0.527652559499329,0.617903225874396,0.88613033372222
1.25995215877607,0.960945937513959,0.58230251532455,0.66083933654039
-0.152087694403667,-0.140601333882604,-0.274931538855576,-0.329480634610888
1.97949089930982,1.54108222859833,1.19284009165629,0.938256352402268
0.533988170264027,0.0792762866794075,-0.335611641514272,-0.3862030384104
0.524923288570754,0.440430446746353,0.32150425713157,0.230241890834028
1.65801443045326,1.19732724017133,0.810177973945328,0.518030810562609
1.1260333567893,0.805647311112336,0.471650174966923,0.297545814100537
1.05951013305365,0.953598032286301,0.767643641248846,0.709428849257711
0.464849044477726,0.278454101481235,-0.00127656957500683,0.050502790901114
1.76605070688522,1.37196068375436,0.911357776519437,0.927476486955603
0.812784962621153,0.579854240873226,0.343276716450384,0.18378354419596
1.18155855702043,0.939357503724202,0.420333115244606,-0.0573139298024486
1.16147069615723,0.906800816487921,0.801433377632171,0.654050788656334
0.417893162861299,0.325766385485679,0.0770313215255113,0.245489198868556
0.804641183004445,0.339770242540229,0.0954320282461573,-0.131440414383964
0.632063962847329,0.494735823696125,0.136566937631311,-0.209446738989956
1.57874731083426,0.808096153255314,0.232996595590503,-0.100447939784056
0.65504530871012,0.279602328957689,-0.0193584967190042,-0.218514032024155
0.653863931487055,0.14421747354771,-0.237787742984977,-0.384663010532258
0.873027136118651,0.727440299911003,0.497825395580137,0.534687039638468
0.18772348893046,0.0341205129448619,-0.154760302475839,-0.262928425966943
1.15604129205083,0.809918950861594,0.581623540752413,0.587062875102391
0.925023345630388,0.386037546735774,0.018575012044892,-0.117403856266933
0.15777255186886,-0.0326204972249431,-0.157657910580677,-0.11495241449456
1.31213274536534,1.14744085012453,0.719779630158165,0.323483377879108
1.34993956958643,0.903355616445313,0.556038101207095,0.301556413534954
0.528387958648953,0.434730102204768,0.376705266275826,0.547866311285484
1.25436387137973,0.710605899176947,0.221827344367281,0.271343328954154
0.431482010404769,0.411155037302079,0.284798087249097,0.372900120827675
0.929790732851137,0.929491138973784,0.72595142295903,0.491610402636757
-0.0524345401031621,-0.479536606336117,-0.588743760516923,-0.746282602712333
0.771120919872709,1.13578995971191,1.04761873301793,1.05575430935126
0.62968645308721,0.455117021762007,0.0926467060576875,-0.230790407421967
0.166661127911642,0.110998136857512,0.0739030100576981,0.244212721202533
0.924384623163271,0.638226903788302,0.27215768413741,-0.0412688076519495
0.239488123905971,-0.196334739959067,-0.31104963383881,-0.489543136051743
0.841128456186477,0.468446561022921,0.136127424267152,-0.028429116925785
0.999614064743916,0.883029319520256,0.635115793098627,0.376811583491917
1.01959991289415,0.708979667785137,0.476199723476836,0.4181276736591
0.161459649472979,0.0766012236062458,0.0209892348600803,0.199491597395721
1.3814870109914,1.26697536362293,1.10599154302384,1.01709122581942
1.72192557221657,1.18598307539947,0.780361134321691,0.592031507047315
0.624407818185413,0.385019073490213,0.238451750845736,0.325457621805161
2.19748806767818,1.54659291586495,1.02713304567066,0.77483834841157
1.19971204325535,1.02296850936327,0.831668660867896,0.678647893011413
1.28638776892904,1.36725237496155,1.18821630908067,0.955461860709338
0.795836734428811,0.709514463284424,0.4125816795059,0.111866946495893
0.498292608113141,0.257385914006218,-0.0123885160930642,-0.181478923942368
0.854796630638739,0.569601480993565,0.30149905600189,0.155399479140375
1.2117799555784,1.15833488008411,0.964031378413765,0.856187397365241
-0.0272659726935542,-0.44731804598707,-0.634470850606812,-0.787441920576024
1.10860547365526,0.684397410679099,0.213449904455119,-0.175521793735499
1.63125325937078,1.39375606525825,1.14155003653218,0.951967332353876
0.758381612240234,0.741987897276707,0.602061812068606,0.578266942171253
1.31864503169714,1.09948346334362,0.719089466718397,0.36844195646268
0.299405412160375,-0.132525576186041,-0.175586163015217,-0.345004978807876
0.0929671667100069,0.161975238904197,0.125652951640641,0.0878628556936532
2.51387033486783,2.81244955365521,2.9265541291473,3.24436305286439
-0.0737873978655961,-0.111859153973477,-0.131874800888722,0.0618228146821598
0.584931683352072,0.364384343953037,0.129537888945138,-0.0401187365620928
1.19705107345347,1.15818515950203,0.974512040894641,1.08532957556049
0.562564110780305,0.0659895244944085,-0.104403532723028,-0.322074874018239
1.78146277059035,1.49194267419902,1.0588532923978,0.647821685747547
1.18466331681752,0.761666878799405,0.406384975935508,0.257951861977288
0.871839599199042,0.534460056309737,0.302581858649227,0.325806071051335
0.698255686393202,0.619153937163344,0.563128595906361,0.67424554665519
0.388262874286462,0.144754986554989,0.0757756967284734,-0.0513325895425877
0.805938749541783,0.595232434043594,0.545929044484795,0.418486023896413
0.177808093051535,-0.0652450029461994,-0.0817086849845473,-0.207488635400825
0.0279940513716344,-0.287514360371272,-0.389363212640047,-0.53091721797251
0.860346596835397,0.891461927910719,0.612128095387128,0.309125021285167
1.06995805558703,0.759550535718831,0.406206214447067,0.424081498406487
2.00128589271509,1.51409362645712,1.06201034574346,0.824592722731724
1.41328256559007,0.948859577067897,0.613520282495779,0.471302008309277
1.73456062430861,1.56084535360895,1.36993075646071,1.25506516758381
1.52732724345448,1.13234908573748,0.861132006593847,0.809740276670819
1.31059245603389,1.02573399057398,0.688204017189933,0.717553142667063
0.607924735871282,0.47413704657474,0.256761618315247,0.144761115736417
1.4112777406559,1.01580106048516,0.686578072886437,0.461242288613767
0.703244427031545,0.52942297856862,0.411723008617509,0.509354146952922
0.286208691048496,0.0400886609448632,-0.115447343367002,-0.0637641043484897
0.132915392177021,-0.0319190595666221,-0.210388582972854,-0.2765796124471
-0.355718409968769,-0.579230121979077,-0.719017808746418,-0.690952542494746
1.29106728956162,1.22342594053724,1.02052206466908,0.794680180732423
-0.158136232138194,-0.488061640586244,-0.590731968149685,-0.74653554896403
1.34586555663841,0.929487026112621,0.6937009711005,0.75833190508536
0.587861346761825,0.639583704733177,0.311233405977335,-0.0391585979254095
1.56199440995635,1.31747872049175,1.00562105984269,0.812262897009372
1.09545580909585,0.786859141702562,0.500421085249948,0.304726349963492
0.921837327664846,0.716834472571787,0.228532954462569,-0.204956961532777
0.074209298578904,-0.0300813936051633,-0.159856262062634,-0.252527482541289
1.30928541354781,1.07055649226603,0.65196632184187,0.868102846777084
0.659578133192946,0.57572435725938,0.510373373887108,0.562048926013692
1.68247706012426,1.55486622434376,1.1950684362366,0.818356768427898
0.735389854653559,0.526053237677284,0.286373763336021,0.265109285151692
0.886549833371073,0.507851223847217,0.193872609375092,-0.0190559690089437
1.07655243407104,0.79281502306038,0.560597123445502,0.392342501129445
0.11121698297557,-0.0373496702134359,-0.210114613368488,-0.326903238590732
0.940063325869589,0.710858753400136,0.454031361023567,0.313678676019552
-0.0367266689468467,0.3321637091524,0.446334336136333,0.557306410947969
0.424136336068595,0.206517031288262,0.0522600115479827,0.0847397886846016
1.68045500322025,1.30463412368802,0.944968126548713,0.775855258068066
0.183901956272444,0.255780913700942,0.307968534874805,0.490661236296271
0.781801348522817,0.714574507443885,0.491717952106173,0.393723677002217
0.516986467308966,0.235373735099873,-0.00920516014342504,-0.169657597831206
-0.17973847707403,-0.31864016991577,-0.261621277560334,-0.344996555248666
0.948020755545655,1.15567135965056,1.02561771037749,0.810347618647062
0.923692360420563,0.389153556636019,0.164609712917274,-0.0646068416183632
0.992640521230073,0.518667889084599,0.0721635244075137,0.0333696575434866
0.884186884790409,0.541294492367932,0.158115197025627,-0.168536421681636
1.05249549550092,0.869475924032933,0.554434795197193,0.264518120883367
0.879333332831057,0.674684621412292,0.519896279179667,0.520838317440195
0.150531747233692,0.02298865081773,-0.0632777495056503,0.0284177287350985
0.88019331658568,0.476357896258278,0.260948802504122,0.332962378776192
0.523276836075795,0.598359933365362,0.448454478073954,0.656036525908805
1.29472756763371,1.28834963020219,0.865586190955121,0.444445701287824
0.865649073399079,0.423403869492453,0.0589206955167854,-0.143057007059977
0.605601903597369,0.468586035492745,0.264130800725971,0.193840611556356
1.32808333526269,1.03786505712844,0.84606938200775,0.932771771778437
0.359098321991877,0.126564669774747,-0.108060920347155,-0.299610372500816
1.12770440496112,0.698674457452156,0.229436355141768,-0.133706888206712
0.675547916389582,0.44208930594156,0.207726818420145,0.0427276408253371
0.3058188430749,-0.106598200222603,-0.261799921162018,-0.443780929108269
1.40134650159459,1.12204528249986,0.869039155986678,0.682049013829096
0.392450730870758,0.25119781628121,0.0985821658185558,0.0180743544673371
0.599029912329514,0.408382406165534,0.137780594549817,0.204082038021769
0.634091622818686,0.784005354102374,0.763348563477568,0.773829221658785
1.13307336506259,0.742601667818135,0.482901353997056,0.465393149112759
1.07847427155068,0.80845400918299,0.515306477597811,0.373579448504781
0.88305906166045,0.447329086362702,0.300093991512697,0.0936877775365806
1.20597707536755,0.380594331514913,0.028277210993714,-0.289534428520715
0.714385756836976,0.493274571455937,0.361209055960054,0.480371919418633
1.31264635818054,0.968792638095671,0.659237829702078,0.51391704135243
0.469134378940974,0.149604376441161,-0.0548606737283499,-0.103923384572561
0.425576590835943,0.133859209423138,-0.241247468017548,-0.554518292482943
0.792635901896256,0.579561200531792,0.432980909013863,0.509480928858043
1.85551874230145,1.49175559237521,1.07401856855918,1.09215587951239
0.49315003242936,0.639287115200378,0.62253084849139,0.810161138430099
0.564938024625344,0.675058589799099,0.649291231269103,0.651018274989349
0.509002468163622,0.118370427100828,-0.133400446174264,-0.183050753448418
1.63672769275499,1.28610560258375,0.945968903211824,0.771147073037634
1.18483965194357,1.02280217621176,0.798190417595973,0.665970029965117
0.918066692181055,0.637141970982254,0.359303530695873,0.193437953009926
0.983882715947991,0.667283096595723,0.456359483373554,0.480910077032723
0.513018346331512,0.631506247776888,0.556531493999253,0.538837398941443
1.80728759342238,1.7016273559345,1.54706283362661,1.43601857237248
0.874192148415256,0.847702413982607,0.648878717274263,0.795205373409203
0.637205438489776,0.472457865954134,0.310448788569111,0.178761622363059
0.816710047203529,0.645840858057685,0.344192458591001,0.0633692000201406
0.715006341287879,0.348953368845851,0.0566352100549651,-0.114137724511418
0.591924127204221,0.307643595535038,0.149159179520476,0.287774596804594
0.285931565265141,0.0325513224980609,0.0035833194262847,-0.131467059117446
1.68318904089687,1.27827685272854,0.92031657760307,0.707588010114342
0.616795836958166,0.458957165671402,0.269750271010451,0.192487177238369
0.463651478582418,0.21245640464075,-0.0415018465186291,-0.106658739702936
1.3758182410425,1.32763438457354,1.03435397736653,1.27061580139727
0.426572303636617,0.581868990512117,0.699669440789135,0.936830108915438
-0.100056648023884,-0.141818960424925,-0.263609413897905,-0.326805972362105
0.950842998712992,0.692448398078003,0.569563543717366,0.416060643203918
1.13036200641816,0.646802518912475,0.251951755392047,-0.0283462484857124
0.708335347950473,0.23603876262089,-0.103164907535639,-0.32165205574144
0.335111983056882,0.0499597116088641,0.00221789693777213,-0.146126572640222
1.02594345647071,1.0481242449045,0.892011971089029,1.04699930372625
0.173221763849976,-0.16830721249716,-0.464204974775816,-0.529508438025555
0.597114425136126,0.415560562267386,0.138204269625203,0.217461203416776
1.3143880320104,0.956188801944561,0.666330531180931,0.453470818896118
1.51138772319369,0.638298411435948,0.113005156967769,-0.0855045276799436
0.15013990570615,-0.182871284368019,-0.297081430072045,-0.482801205231904
1.05192129783913,0.932107326691326,0.690837791285899,0.779388425142427
-0.152541208005276,-0.326636298382017,-0.336333170772461,-0.430711581776718
1.11862892351775,0.692549537957899,0.256833343702289,0.228088831903544
0.822778210789248,0.761371782112209,0.480662106255104,0.694366698425949
0.861961495201503,0.787828078742876,0.73086753313119,0.833911112807544
0.701016382391308,0.35353717852326,0.064837411884324,-0.121721274583962
1.18684663112245,0.911093763619947,0.598512304132571,0.619344264986149
0.395817697347224,0.095264909947235,0.026444389157304,-0.134232979035702
-0.215151383082997,-0.144325387676319,-0.176592200979859,-0.21357102770938
0.23686354195912,-0.0084966836818185,-0.250860180181225,-0.386609870431139
0.994415970918359,1.01474468714013,0.78141267710512,0.504691900777902
1.13874402756366,0.898588033461082,0.733579872968404,0.828801144760987
0.589535226897486,0.483711968547535,0.328072496903473,0.273497643843023
0.426162144947441,0.0372706055373289,-0.352418533293513,-0.190646974573997
1.0190804344978,1.13996987535369,1.05375123643032,1.02884260516085
0.291514281346436,0.0801654514738414,-0.167046549878223,-0.118874414848189
0.923949412391089,0.617852590530728,0.27398629119009,0.0881968359253106
1.30637529860174,0.825998494531225,0.543849013190987,0.579893856511124
0.29914304293032,-0.205187884285831,-0.425606733282105,-0.624408311026572
0.685955766490578,0.486542766033451,0.35553614578661,0.42362006925211
0.231543634002349,-0.0859377351466593,-0.269606721064892,-0.431955057749552
0.563225896963339,0.576475700202655,0.350790922768797,0.0966296137033369
0.544473192897191,0.301241369573803,0.073772727852132,-0.0979412781032591
1.43798013409192,1.24165882713798,0.939103883666249,0.766349204579686
1.04183547099701,0.85462133856585,0.640543800263605,0.490642608263149
1.57655320765171,1.26925415911405,0.980160140084917,0.820306824527407
1.35084617497476,0.97429629363043,0.699240489829144,0.622624735770858
0.242649638995931,-0.29090427612332,-0.571091061098313,-0.581334552339065
0.349170729675596,-0.0233076853824551,-0.239353985559105,-0.228889286771346
1.39755383134168,1.0942028481041,0.784367431151894,0.617483582501872
0.766833551419485,0.304782827140998,-0.0905063775760803,-0.196640449779428
1.77932832407455,1.54416414430798,1.03197975688969,0.560084137024369
1.1402664296372,0.93077449002846,0.636501149068498,0.492277308001743
0.599626564461472,0.372791542003997,0.135727641088989,-0.0186035952373444
0.898852039689114,0.616475325931006,0.347099529223647,0.165756613354576
0.861333606263571,0.459390612473691,0.213728959310767,0.191062667364364
0.230619366207354,0.228495697322854,0.155095072362429,0.0905115324565066
0.43420250173081,0.301692414053614,0.215469296935985,0.295017118244248
1.18029360719091,0.946473570408761,0.787208234308289,0.839982445711635
0.574317713210234,0.464123754442532,0.276751731644582,0.179378822206872
0.0776474618691901,-0.0708418882553838,-0.218698076827891,-0.3316763950137
1.20833108420241,0.755432043263203,0.471023511528069,0.50679637671992
1.0400638353647,0.592301351288735,0.231944058403025,0.0440312517105342
1.57750978481085,1.25288481807512,0.90517593111096,0.704399079726253
0.377445767163619,-0.00694477142880805,-0.206211877174489,-0.399845196580095
0.657355823732091,0.182929226584714,0.000417274415245777,-0.191333102714966
1.06925382698855,1.04888387569591,0.815616235375195,0.72076546919612
0.424140102218004,0.436531340439506,0.284260940915891,0.223343162682494
0.118836553836386,-0.0285452277220441,-0.210893546166867,-0.288255910818732
0.801099294348838,0.851019402341483,0.468362651954689,0.0850854810989777
0.346121323791379,-0.00349680310568429,-0.355975721327204,-0.345184944193231
0.914207802615636,0.612231641732961,0.419981711637254,0.501164756404558
0.457138514816026,0.266600587025648,-0.0166849456535914,-0.125114123834223
1.25079922662273,0.846257284336658,0.42657819924273,0.418446732280017
1.17242729422612,0.509106615514091,0.0495104225041433,-0.236621562003535
1.19456150294182,0.850616552494933,0.399160240839059,0.0211548137897343
0.208499160084192,-0.195640085293072,-0.346450899456672,-0.515854513577276
0.798180102863265,0.694460306192499,0.539315310395009,0.482736959163953
0.00703334859797972,0.069826019248919,0.120031685059476,0.31071234921663
0.533885924384264,0.220156410207634,-0.0452029465725431,-0.234939629826262
0.906172986123227,0.668289442338164,0.421248170941567,0.295029769736582
0.625147658395896,0.00978828217090369,-0.210951290226612,-0.459369214432263
1.21636008984039,0.97649724236382,0.747767109468191,0.591053295481955
0.42294115027013,0.405431171528582,0.227426853758778,0.367606503009601
0.985465328759123,0.746423215333797,0.502016420342044,0.320906540163725
-0.465676619401284,-0.346175830148203,-0.274356425744538,-0.0204859596643245
1.06238629956741,1.07430917400903,0.871615746596329,0.632134857546586
0.813539800681707,0.446169390572148,0.0772047733511448,-0.0843850065412914
2.00838757148881,1.46609547352048,1.00583235952175,0.696321089428476
1.40032207178449,1.24776736600027,0.883943272387007,0.520606611501103
-0.122456023329937,-0.153155658026023,-0.244198918127944,-0.313501345706629
2.06743409138841,1.36600944106804,0.81721690935466,0.526105024795704
0.608003615639281,0.312354277337331,0.140959791689036,0.220518171165109
-0.0885691699200052,-0.152861192818421,-0.097003318833267,-0.145402357953233
0.933272421658315,0.939020202159252,0.778231897256212,0.913720120432323
1.25738310492754,1.24980071425933,1.08014094370481,1.00132700520357
0.635166767991615,0.58011554546219,0.324111327723081,0.512187223437873
1.27712227220449,1.00219406502748,0.80630624595975,0.83528878915516
1.15842077193685,1.03527733731391,0.652449844074281,0.278927386574969
0.678316135278819,0.49134112447409,0.361829463887489,0.394109372305308
1.34461580111734,1.39909303629921,1.36834616772117,1.38033435860259
1.2154343424471,1.27337117245711,1.19971502878277,1.16809158691285
0.506886448804271,0.444214871034578,0.254518410331218,0.168663503877536
0.45239521318559,0.521481434180371,0.351323173066298,0.135207198767621
1.06702646551803,0.402704120858297,-0.0170380041404086,-0.126314658979401
0.157618618490225,0.0601428627418051,-0.152176995645681,-0.225023992568775
0.282396421365444,-0.0315854154271582,-0.102138002105203,-0.261693845769111
1.35366514253991,0.999347898593703,0.698828165553981,0.472217717469155
0.0924889330708935,-0.199109706785923,-0.327486195689832,-0.465078718482419
1.2226876635692,0.899636456130178,0.584834442103619,0.423775381473453
1.26265134995068,1.152416822386,0.960159654944872,0.885066015875825
0.969436069775842,0.885400809271416,0.639174516173778,0.523010122928494
0.910331932063974,0.719225117604869,0.517097517084564,0.356026685112738
1.15643743406205,0.937422070577295,0.631143203330537,0.344037963543249
0.545032753367476,0.267079881520717,0.0760304722292792,0.074279811379668
0.710292350292217,0.362145855699318,0.0447033915721861,-0.0188667043078558
0.290657980145605,0.354364667836254,0.148960033567065,-0.0929615548172039
1.19002989718944,1.02330736657462,0.762428889879504,0.639702792781371
1.09794488968477,1.01626934347001,0.614801452507399,0.216849184970324
2.01028719116901,1.43426979803629,0.992176784017591,0.716824310556237
1.70856500220937,1.20932013526283,0.778667217815299,0.548211027488724
1.20285715991844,1.01301071345956,0.708936717394498,0.556677861354183
-0.490351027188259,-0.739847032855127,-0.769491470883324,-0.882303883406325
0.669311638573869,0.435550386691354,0.223294365940605,0.057285140289433
0.930101023595369,0.756467088607118,0.705856180518928,0.594021998831441
1.10517666501666,0.881426520759041,0.856616672952036,0.718433452568709
-0.193625135623622,-0.0533003878038863,-0.0313340781570529,-0.0312238597162957
-0.240362429090417,-0.499380592393092,-0.491411258538307,-0.622656813568457
1.29072992405042,1.01282631955133,0.466920933266218,0.0209270422277788
0.470852422271334,0.413093515720797,0.209769106166519,0.116502507939432
1.20322011258519,0.660577005869741,0.264032481935244,0.0501394387032177
1.86140210880238,1.46266037944888,1.12626329660417,0.88053850527928
1.3446788878433,0.837258550862546,0.537467510939376,0.552257887354713
0.315523725737134,0.262585696893996,0.236291421615296,0.485695746352292
-0.396508389748031,-0.382607900399413,-0.441874288366789,-0.494121859865703
0.871314150616633,0.737003465464996,0.323441460324972,-0.0623910440480816
1.24039026598326,1.00511138163444,0.610704485897386,0.261054372442232
0.577476923640459,0.190219641665374,-0.122744652012035,-0.323025007778163
0.766421460177715,0.805407211933682,0.589374795757038,0.32773315606611
1.37080983086342,1.00834381556453,0.692561685109032,0.469871876057973
1.08097325079293,1.08308602913043,0.987926938473898,0.933079925822631
0.892577807661029,0.552273203292411,0.28415361996907,0.101498654297492
0.984162645089893,0.768979984911914,0.443084656125585,0.520380383291084
-0.379547093675618,-0.367632435741577,-0.243848183344138,-0.257736847992986
1.38691071727813,1.28862942725574,1.22056784451148,1.37246513282218
1.35991202035388,1.0254184347991,0.794147815584668,0.757244974674723
0.840356823101551,0.368324924382585,0.128688336423373,-0.100890121376301
0.454791319956248,0.0456361187439867,-0.21393716404469,-0.22308904741932
0.614997797309453,0.231030757096689,-0.0642104039471668,-0.251787138235808
0.645763906257266,0.526495130926112,0.239081152435183,-0.0441784349821727
0.293451262612168,0.0460270323887518,-0.0745154006883506,0.0838259629825888
0.658738464760379,0.284145967610572,-0.0195369433413462,-0.213055293228898
0.304747396749629,-0.0689542481367967,-0.392937600007801,-0.464579928947999
0.130098807840632,-0.146003107840644,-0.258485063873991,-0.404579292442663
1.23043147621946,1.14490137879563,0.76799856320961,0.377776920945014
0.776484534195487,0.637773086296072,0.338967022746077,0.0485238842529992
0.131974564684643,-0.00352271602396514,-0.210381559067654,-0.135075710414628
1.47420391783128,0.901298533699341,0.565070801496352,0.2483344023937
0.28422652568073,0.168224644686954,-0.215749615164521,-0.554603656746194
0.921434455583363,0.613825964021413,0.281907950545757,0.221905914096486
0.850842476510946,0.675368231417994,0.55866247183304,0.657758978480456
1.10921961408903,0.427290530388084,0.108023489102654,-0.181817163874942
1.09417511293729,0.964076560106184,0.76422730716742,0.630717178554966
1.06582298512625,0.600996271390222,0.211884170320462,0.0721372377383667
1.06584800412683,0.83997937659664,0.620351591153794,0.444842309208569
2.36806789064253,1.82628540331553,1.36349937891649,1.12614629794941
0.897672431398884,0.500159316737684,0.113123155275869,0.143155832265753
1.06091194082555,0.791588346540075,0.566600515237323,0.406757721781158
0.420674500176833,0.0282437888035144,-0.122360221493979,-0.300395057476633
0.666897186901911,0.617587747728002,0.439153738497917,0.555087330466231
1.39117461385072,1.2105359065379,0.921942246839436,0.784671354733871
0.646878127072995,0.327224540207258,0.073920991127827,-0.107091784169106
1.47555316881752,1.12632942819883,0.77362432811896,0.667528060372892
0.863553507649607,1.2331782922306,1.26792931197417,1.3337940154163
0.903011376917222,0.68640511906389,0.451171942336075,0.323026784350271
0.618588785832832,0.277528759091568,-0.000852972836771826,-0.197923397077647
0.341313768783425,-0.0586715491559681,-0.355454656923738,-0.539581774391168
0.983589569545769,1.01871669753708,0.862820097888541,0.801336888244522
1.32881475911426,0.826791025267433,0.389068962081589,0.199469641200476
0.57998382488337,0.610920268657728,0.475898621448671,0.421244567513837
1.31901305426807,1.24963069690292,0.998598054649177,0.722140296475071
-0.053655825789533,-0.116232480908658,-0.149462335887499,0.0414654222577662
0.0530462354762031,-0.271020121151485,-0.324453142236521,-0.472767944807293
1.15551639490289,0.6987008856463,0.387105905916165,0.325155003662592
1.44397414208744,0.994490316564113,0.633228723984246,0.454686237523917
0.506175454601346,0.0938868847448463,-0.0793989327507463,-0.275279360798101
0.937375586786521,0.721932968426469,0.294501700365489,-0.0911845986050885
1.86362030877573,1.28106523493378,0.792343914054247,0.504831118965269
0.935149597639128,0.757634685619802,0.328457273390194,-0.0546690825859823
1.11875582543742,0.762412698900538,0.387969913760412,0.41042883725216
0.296231544612232,0.134866089802362,-0.0329621399620028,-0.110646365598169
0.953350689500352,0.549315272673605,0.411152435876236,0.198894074274938
0.551088830582309,0.502426362723412,0.362354023586636,0.289598894155758
0.225996452626675,0.183401438408102,0.240044953525295,0.204727472893461
1.69314356535174,1.31615893015676,0.959425841987887,0.763181602261543
1.63308832319188,1.15458509646837,0.759502796140088,0.515425506186705
0.257873407333365,0.0906963383348262,-0.00241958543632409,0.128996189623407
0.97012548476469,0.465200713396577,0.131413315468537,0.0913964741515622
1.02364306241563,0.56651246729516,0.266148206276056,0.181527928107504
0.887074497715157,0.847806881239167,0.668293982523701,0.578403243006645
1.29493364830028,1.14137660252853,0.857943561355393,0.948342683338368
-0.205477072676633,-0.245614602234319,-0.273651519590825,-0.199036542960018
0.360202288904777,0.208637011049164,0.0968021100971479,0.150037085803275
0.158686888898017,0.0749731477016655,-0.0512427194512055,-0.149823707796614
0.235446760267357,-0.211355098939148,-0.534391639939076,-0.682229684247041
1.37657876514606,0.707163894202926,0.304423181704419,0.212996070266151
0.715019710970924,0.683770632567352,0.595888012378027,0.564167254254071
1.11204994214189,0.889330316698555,0.586816287693265,0.611206846704186
0.652084205242868,0.32912951428275,0.116116950153226,0.167156826033532
0.953351966720175,0.614278580887128,0.315849491593837,0.199344603690865
0.518687791655117,0.357017960447347,0.195001778398773,0.063051246999421
0.718663760761148,0.521540885861169,0.330777587317153,0.199515298201611
0.122110479009512,-0.147195551016836,-0.311209738096513,-0.226731719791147
1.57361087550559,1.64675726484457,1.51964505876549,1.70422762428922
1.2970322045534,0.904806864613152,0.631710164652778,0.618600544962484
0.825184030534338,0.415191614293619,0.106907431560165,-0.0938912598446323
0.728315377623341,0.620876406551249,0.48980026951448,0.377068593583357
1.20575634412023,0.847733840886532,0.447793012397173,0.455926622439458
0.841809761773434,0.342814325881145,-0.0272945182783834,-0.275949725903386
1.10229416448472,0.809118900205059,0.605840974071484,0.58379316943365
0.773273129456756,0.466888905233905,0.209948587484094,0.0318602705117968
0.405200107889699,0.299625465080246,0.146853135371709,0.0283206059262196
0.394677658622605,0.318790333145117,0.0540473484544252,-0.203124846663492
1.16796136446268,1.10703335713008,0.948636871553258,0.860185577116559
1.6217280386087,1.29268832905832,0.974793975075907,0.801243872970974
1.5832983211555,1.23192933029895,0.922344839013907,0.691689943441796
1.49397699362974,1.16858077487043,0.814100830948386,0.770224166711263
2.0979053939513,1.76051836560987,1.36731189634453,1.3022907079424
-0.02627427959211,-0.021091453779739,-0.086080151007134,-0.0970042754696459
0.752399668515249,0.551952430937353,0.344770865883221,0.187123854296702
0.596986713326048,0.225927238786447,0.106487129862359,-0.066218274491839
-0.0432609294771242,0.108006868436516,0.140768311509674,0.197937163340538
1.13711452078498,0.825608515313339,0.643396777460691,0.704046792260583
0.689951425009728,0.630788412973785,0.222914736197473,-0.150381170729472
0.339491244400505,-0.137647150248699,-0.378816554091959,-0.599412461305484
0.313714848858749,-0.000532843648466452,-0.317846372411647,-0.27097907175411
0.632223362205762,0.769400069966534,0.661796625032829,0.896890507969125
0.153248545156245,-0.19235352493543,-0.216799013549727,-0.370912771497343
0.83350339903073,0.530752990427365,0.0075533838371985,-0.441712168101854
1.07831204687318,0.992694108556274,0.769980600584583,0.666859735550417
0.784082842598504,0.734788555739345,0.546053138187729,0.459204898034777
-0.162516396527434,-0.363042686454941,-0.384713146124007,-0.494509886046727
1.00374213318452,0.998573035619477,0.823151011069355,0.752920698990231
1.41242332937562,1.23366712965575,1.02959525746457,0.86243561571481
0.874204634954257,0.661115077578638,0.452614695560599,0.316861571127679
1.15171022299905,0.733593789819934,0.291293142277903,0.285907330131524
-0.128693689194066,-0.150746403899205,-0.21584656409533,-0.270280350303033
-0.051416847241632,-0.111358993730449,-0.0498985001479771,-0.0966535283968705
1.57647314542442,1.50826848354836,1.2995359390135,1.1800964280403
1.21125902488112,0.765511644447735,0.395565694193269,0.298672871080689
1.74323340099467,1.34631081638046,1.06686474664882,1.05535175717274
0.0864100639983839,0.257266756818719,0.221367614864637,0.226666792092457
0.427582857386622,0.118829933664762,-0.127961676329905,-0.281927987764707
1.3404335809045,0.848295404906993,0.518493527869832,0.397069271134859
0.654624964886484,0.470842442588246,0.348416551507161,0.428231498634039
0.79311563472737,0.846734258863986,0.733998979088863,0.687633087180256
0.935639493321011,0.613713849792357,0.28059055838177,0.258443410896614
1.02663938195571,0.910494292121707,0.702452833007709,0.595307169020217
0.930471615819256,0.646582226209578,0.29445633145477,0.31998543809889
1.69081516842969,1.12223783808371,0.599156171576802,0.536740951719729
0.383448793357768,0.315762375577479,-0.0425022804943698,-0.388632515371793
0.671697196732413,0.650349476057566,0.487814270517305,0.605038053694537
1.12442060863833,0.855200607888389,0.612516626832627,0.477043984900534
-0.0469477290504334,-0.0401639540801093,-0.0773873099915708,-0.0854486778131723
-0.673090182851593,-0.756166212633863,-0.70040932391049,-0.759701275791532
1.08047713346963,1.01090387412788,0.782609805746593,0.667562046843966
0.872692763651265,0.483716683704161,0.223180288269443,0.195633065005484
0.564639805455657,0.397537967649056,0.178526868076188,0.0577480886126558
0.271140888786921,0.0514726859143396,-0.0931711156608965,-0.0477770952576245
0.647277411769892,0.342342588431813,0.141256090014325,0.141658284675002
0.769470477686813,0.346276331137122,0.117278805755454,-0.085323333798538
1.21812797779561,1.06785410374152,0.806905765609816,0.832851238373275
0.852601574801929,0.667560384854007,0.29177786453123,-0.0429897173282528
0.548454436861133,0.21235598947125,-0.041414143785178,-0.208417302787998
0.600734976794506,0.655501452463065,0.617097651211038,0.627581937241162
0.743995394802471,0.571145442593638,0.443969296839022,0.458667063406695
0.844539668052844,0.454650252105665,0.0749977961901406,0.0503341870299514
1.52683116333277,1.28201163336334,0.815335076556726,0.389500265210242
0.736685002130768,0.831460959665827,0.684720724222566,0.636746677824065
1.29348333332574,0.922232042970411,0.538277614640495,0.47895402683811
0.803738244433855,0.726602924228046,0.448778330794214,0.158580404016199
-0.190454187630049,-0.365764468075298,-0.3349615831755,-0.432183445193808
1.21283649131212,1.01705810433957,0.860929578760647,0.820854597163758
0.78215085048678,0.668830712678087,0.463770236588054,0.517934371028156
1.81415317634775,1.07411920235359,0.554534853753099,0.316704647960154
-0.304584328424648,-0.476164585370273,-0.453750557014275,-0.541719938663302
0.556746740912561,0.682034802899155,0.475779165311552,0.220107995782886
1.22568705373534,0.680937409374989,0.288348603445583,0.0271448291074109
1.75606779469123,1.37343583009751,1.0327270595155,0.837793171186817
0.547003762463581,0.502049660528493,0.257671163880199,0.00787683196936029
1.2929943770231,0.962162108698804,0.732021808540635,0.706344284282511
0.193660726553761,-0.165365937552029,-0.300313293037813,-0.468049729414071
1.72985483926083,1.4551607140992,1.1652428800464,1.00643972291998
0.606980068084743,0.509801176065747,0.300774703294828,0.399414667342869
0.640017090136257,0.700576801013452,0.546130852293163,0.496092661604808
0.73026968299154,0.545756120483047,0.349924071192836,0.200398602966488
1.29254563745001,0.961848842636882,0.833053995077521,0.628666088415162
0.913449454784713,0.686804080380708,0.345972567642395,0.472403998244194
1.18642311104111,1.27672335249096,1.20090305421798,1.1758391922769
1.15413307867612,0.696939338217729,0.320651084082862,0.025667347818375
0.351471018970632,0.0851815558083328,-0.152847457510522,-0.318555521066459
1.12557203609163,0.743497767948731,0.395360225098701,0.225234865830937
0.506459426003641,0.629390792688816,0.521441870742044,0.49258404070702
-0.3639229839507,-0.532485681196319,-0.656717231238451,-0.704759259670332
1.06852113721148,0.993989397213389,0.806023664928343,0.710319666228544
1.22962026770254,0.972082853035362,0.727905742138158,0.538924026293667
0.68223355438731,0.291538360074335,0.0973805570105856,-0.103115189120972
0.735749852389292,0.609707248975418,0.407144127221599,0.428679299469256
1.32833828376174,1.22607102312822,0.950825773678001,1.09623080206153
0.855643199575917,0.660837585623906,0.328454711907796,0.476543548663327
1.61795728913549,1.34776002614695,0.971703007805779,0.622437292684838
1.10634773491263,0.942366386893749,0.632843410927495,0.773862584891426
2.09215870970078,1.85912910806517,1.50544376296816,1.58030035254813
1.2166217621034,1.27418191990052,0.983938054074699,0.655935637674651
1.43652453106077,1.07871098775809,0.737325839564778,0.578440981610465
0.637850284417334,0.302584526361558,0.0974326583087117,0.160174003284912
1.20723798614838,0.873227375318321,0.579777273403607,0.430676775139096
0.541015695888459,0.395274414283743,0.0307558747752665,-0.303196962277931
1.44242455768845,1.0611446427237,0.68526469899475,0.475580950950881
0.742356017798901,0.552372761607219,0.274879147692798,0.116592486755628
0.10190627874052,0.126608657541027,0.144821223150816,0.32128994043956
0.169175600240168,-0.251566366200086,-0.421021125744784,-0.615198425323981
0.94874491468957,0.398738791352204,0.112323874867627,-0.152914334587896
0.802577436620879,0.573391180221515,0.203614965677411,-0.142648584991783
2.10053162396725,1.55386849674804,1.04240892591718,0.749761052650443
0.228304721591495,-0.241620562251395,-0.515241305518315,-0.562994328659811
1.23476631132221,0.944600485025335,0.579107069859752,0.626075470585542
0.626576780323349,0.983600575757575,0.913933623090168,0.730916820363303
1.49743419736368,1.22434570002257,0.930713238058359,0.735173973295162
0.912673352957747,0.646326299775853,0.400855521995188,0.231704763189152
0.893794472928529,0.325060687797442,-0.0361556356507387,-0.15928224470147
0.198537375995096,-0.0200164140767738,-0.241767751191457,-0.310568585222751
1.10098417464023,0.634114694353838,0.258615920874383,0.0341935781235154
1.54103727133129,1.12857145218942,0.759920850964811,0.544350548407085
1.36092884873916,1.08533463340748,0.793214245722262,0.676143785996567
1.51430192895436,1.15641967692893,0.82731968634378,0.677535839929155
0.182738314596437,0.291619906875302,0.376099643159356,0.561464235702869
1.30021863122376,1.1507935102407,0.977193234274671,0.877110149979952
0.0265231506634099,-0.23309695182037,-0.190884397007636,-0.32255455724481
0.0975553907656814,0.302263165816163,0.178007366028166,-0.00876514307646536
0.931668154453482,0.702452860484889,0.447442625787714,0.280240273183909
0.795895670107992,0.534258304868689,0.378224249172665,0.480689338463135
0.963288153770263,0.928940921151263,0.742815563787266,0.650589271701318
0.707089313143141,0.434827563421812,0.18490072912983,0.0371585302723183
1.71124433830029,1.31542508597794,0.894562989301028,0.647090894993528
-0.585218397579239,-0.588398887127313,-0.481992786879806,-0.506345040109653
0.692846282719394,0.567207220597292,0.290210215387407,0.0203317046726854
0.716957511965918,0.636831316838067,0.576013716160382,0.619567837058644
0.80221962129673,0.516390466521792,0.482347001694431,0.331075375441147
1.34687889665968,0.907578347619208,0.491287335257254,0.277725525062556
0.836898660141072,0.699682623424198,0.412262651121073,0.286658531913642
0.829086930426939,0.540561919888096,0.27105215576082,0.0699830019631824
0.912625917020426,0.959759729623871,0.864108355929546,0.822557826705723
0.760927392839861,0.753893476768456,0.681654144265794,0.663308394727553
1.51295754194874,1.09780941453682,0.839169615889422,0.880933502911688
1.86413920247526,1.5928035332365,1.24418367751362,1.02234336358586
0.478968891825566,0.309344096277187,0.126614721797175,0.00128854026953118
0.986423941487301,0.670547029913256,0.526680955809304,0.356606706090651
1.1993077187595,0.723929872155034,0.335842970962867,0.158116600405457
-0.114107863405278,-0.161108511130953,-0.267081503832515,-0.228833974097968
1.36517974424491,1.03294786040295,0.801507306362379,0.785653272694279
0.344517104681832,0.32253301541154,0.103311838672629,0.297132180757252
2.11787562287549,1.46462994682382,0.94857395379964,0.692361659143621
1.0306309983126,0.719622278226147,0.314975438378697,0.427576113462748
1.13120557531153,0.57821815664954,0.256502748836709,-0.00140145454957201
0.581164432952135,0.491892069382935,0.381097900468821,0.318111173129433
1.36612376716153,1.42206145091262,1.13751984765571,0.823862617547026
1.36409747210706,1.11083362482507,0.856396861174274,0.724014981636236
1.34571624777207,1.27586715206255,1.09194072029554,0.98926789040614
-0.134621453702469,0.125243914706388,0.209403095300615,0.28791645588899
1.42325689128789,1.21078902946028,0.943255412110002,0.832279290621915
0.955459427407157,0.642275697722381,0.139116180021039,-0.306351230151594
1.54424503672362,1.06288546346592,0.587433388902834,0.218690615163442
0.366715477125808,0.073368896005725,-0.0267108119959233,-0.18955286962021
1.02210244743743,0.83767497240679,0.489845541639999,0.174980056387609
1.10260596510288,0.968993267637106,0.787815645367268,0.656390722708983
1.51239710819995,1.23505171766145,0.937136984763359,0.798089976090153
1.56013085344627,0.812751274173422,0.282164186907313,-0.0572470161099821
0.379868030406383,0.00549190579158465,-0.240144937487842,-0.29518005395548
1.23805633411211,1.03953511572206,0.895129959938806,0.915037974157152
1.69297327760159,1.29090990152952,0.936382444053208,0.754832842731588
0.689659178731793,0.721350609193384,0.743961469962289,0.932877063416179
-0.427661006447102,-0.445846446671142,-0.36491048125238,-0.392961412559248
0.888528266553105,0.387032681610757,0.0381015898439586,-0.108683801225202
0.348044784800344,0.328990971338034,0.224428371216459,0.149063832446628
1.84177233068637,1.52030072449534,1.27431280059402,1.1696998274217
-0.221094217310515,-0.354698195078689,-0.499353156135069,-0.569975884829541
0.918634021014822,0.522286328291888,0.126110255326149,0.0845186796731049
0.541218410349494,0.197897124070866,0.117261230256701,-0.0482102704843377
0.321883086073862,0.597208150972046,0.530034146589322,0.363901971224985
1.80919687211853,1.68869676911909,1.4566086426922,1.49445511613401
1.8581931773757,1.28784615798618,0.926607506793252,0.96176531740727
0.257091101623297,-0.31049507569068,-0.693012598592695,-0.920905221941965
1.26512957981105,1.08539016527084,0.808412610762021,0.863998400207646
0.992199782643373,0.709475029053222,0.30155240907432,-0.0407470693964677
0.692128788784426,0.381011972955552,0.246541629523824,0.0622838753227292
0.275112195532568,-0.203832536546488,-0.293431151309054,-0.476080195510763
0.973538938119021,0.675063960831339,0.409737196892695,0.212467537072822
1.44249648583282,0.96407046912,0.531126764544136,0.461555343603734
-0.121794426636733,-0.0977134957485774,-0.157189751401608,-0.210176719471173
1.33932783294157,0.87114631735029,0.495603938056009,0.270995448223147
-0.908830513456417,-0.969222925767298,-0.894649749394325,-0.945131210873834
1.31793311962831,1.15744916733509,0.961315575864906,0.867419728302538
0.295140588858986,0.547117717897918,0.635886086782528,0.728503219277937
0.775405313500611,0.330126302626187,0.0456299596916117,0.0191576707746101
0.196791656003222,0.0394368423557377,-0.118273190730663,-0.246491412487836
-0.00364336849207333,0.122268527914089,0.217735045180344,0.459744935070551
1.27704065267979,1.09218331138958,0.960327668925942,1.03870005560387
0.584005637380367,0.415537611144491,0.239256792548695,0.102345027024103
0.400382351443523,0.463899527889492,0.252684079612229,-0.00261082901289658
2.01469805224619,1.92381773044442,1.76648876568492,1.68260920139193
0.617229622063443,0.234228797316562,0.0316232579978517,0.157500249475243
0.955090844351467,0.667582422093678,0.479095320670353,0.518314276009959
0.224450267980821,0.421788418661246,0.267655943322928,0.0417286099644977
1.38170590710192,1.21093140592087,0.909907681363047,0.97033383844827
0.814181026283247,0.619384181654041,0.417676896682319,0.300788775647122
1.92161184094164,1.29153410202394,0.810682863308293,0.471929412352129
0.398028895714466,0.351079060694125,0.161219283776803,0.0906315000979679
0.260785471977724,-0.082228287599235,-0.31069946986466,-0.321436190293136
0.403774567655487,0.278218344182292,0.0425043988524675,0.109130218532518
1.1576056273764,0.700302080544488,0.454692036503534,0.188113939419803
1.49302744764484,1.48832655430095,1.35980966650575,1.28612164804051
1.53024098717623,1.57511103678958,1.51324794789651,1.48057540074304
0.490805816183283,0.429988281577206,0.389459193433158,0.549584275813449
0.526788463131425,0.257649800292928,0.219826268613284,0.0798457571978163
0.340967111971852,0.285814864244012,0.116823531323737,0.0263334484136704
0.760879829625986,0.870498806927089,0.657958381967466,0.388961898662512
0.75034410441337,0.725292137511535,0.55721944632846,0.474431785999718
1.08882162118609,0.730108928322636,0.319656445837289,-0.00725214240070235
-0.265894738084239,-0.472060770856364,-0.524047877988878,-0.623110502639157
1.42040479809465,1.09733190255716,0.743657878554937,0.753535522026563
0.0391877001442803,-0.0459957909426055,-0.29862430537979,-0.54423012143087
0.968739876639967,0.277361545624815,-0.130006788950035,-0.355732794778866
1.00119416689242,0.62113751437522,0.292821179923545,0.246162120211334
0.961470440386401,0.585141692227462,0.24150467202399,0.15007859872517
1.74405849750931,2.00701406567563,1.7359778510971,1.38070802590628
0.960502367982695,0.582017810170274,0.367377595504192,0.467644426998758
0.919697630969679,1.13824224134296,1.08981120479488,1.09552569272229
0.955061589676244,0.613023765050575,0.405475799399392,0.447312192078116
1.67850420397267,1.40458084327173,1.03414954917492,1.04262264267625
0.868423930841645,0.491460266560488,0.159683026601298,0.0173116334517794
0.772252026781868,0.637665575483215,0.49709740382943,0.387308961956344
0.917460741304044,0.605422445041767,0.309742955605107,0.180600517835697
1.59774936289633,1.16336936196493,0.798209268149872,0.529056069735292
1.25423250281919,1.22169302271075,1.19548969211906,1.32419187990453
0.405900078159549,0.130314892503097,-0.119726065743324,-0.268019172232543
0.969008556248167,0.537286967255961,0.255607720129952,0.220009033904554
0.824991079349691,0.575404098082679,0.306593941010299,0.189171881620804
1.45972510512616,1.32885514329615,0.878624748165063,0.451854934711727
-0.185162298706766,-0.449284480920532,-0.652752131286119,-0.756175695025585
0.839794916771812,0.521155097415941,0.175100158217755,-0.113439907010013
-0.0825537626985773,-0.11309441419126,-0.133777277800273,0.0509424106986339
0.372867411627779,0.456249653800437,0.383834043097533,0.360660275104891
-0.683080342517199,-0.557702591396645,-0.537361548844061,-0.536938729588454
0.0556883400770096,0.122634125730716,0.167955482661111,0.396113969511657
1.9140451742369,1.67688548404639,1.31733728014227,1.39406806433722
0.764525260952154,0.812863003488947,0.750459060285255,0.722375638142184
0.870598911062949,1.00247994679406,0.977996128144297,1.019294242327
0.855490390127123,0.704311300209868,0.432835907251881,0.535319590430866
0.109667657402087,-0.115037594191788,-0.258170108345303,-0.368938703689753
1.75099156439224,1.23710233599537,0.804147043074455,0.562598467489529
0.577392568151616,0.46736521286684,0.270961007873757,0.350886206669029
0.702286645248745,0.58589540861298,0.503500089632058,0.622736079883919
0.552654177122801,0.64526519385766,0.632574532776797,0.608051910014614
0.644528146663069,0.534099607118758,0.329432199614563,0.216355086669407
1.2759975750679,0.981937832436091,0.651472005809903,0.464086934281624
0.764374339719539,0.828431602496861,0.876080515762894,1.04608314405511
1.49278386110357,1.30639121952324,1.00962818608238,0.869694302412181
-0.196179201994061,-0.277147015909993,-0.187293108986133,-0.254455445617799
0.594969355314642,0.36171810111749,0.197360284035299,0.189611685608434
1.21278474905486,1.11035025337769,0.944635108499564,0.836188301892363
0.195044483450045,0.0352193310262062,-0.0680995744140621,0.0202890991034213
0.4623425089415,0.37747282164886,0.181427460898998,0.260786234772745
0.736385004485318,0.405655149910552,0.315230400458044,0.131082808334476
0.623124430678508,0.469925265980899,0.389644822192537,0.291088652156452
0.922882091063959,0.327320858808246,0.00342491784747007,-0.267396037152425
0.195394569860535,0.282452617136071,0.111968601511246,-0.0935183852407092
0.147805866242623,-0.101260116892551,-0.26822611689865,-0.268406330066903
0.84083973923421,0.689563321701871,0.418727161974092,0.507343944757806
0.885022751638789,0.566326417921758,0.296260629309793,0.106799580123601
0.227851802222875,-0.0768766793571449,-0.105865562181422,-0.253745660215957
0.0467495400863471,-0.191904734517277,-0.344562197387761,-0.294896006854264
1.20239711360534,0.490133399000929,0.00569453005595116,-0.245133983463455
0.00862463033762845,0.0854491839470677,-0.000644286842839903,0.152872160848228
-0.46258027024822,-0.514741673026191,-0.463078586341232,-0.503921075504924
1.17267709028471,0.904047195931648,0.560543129663067,0.430410405639067
0.369234657492327,0.329503517473474,0.157209044820557,0.0834352509238177
0.500875818465968,0.142325615656919,-0.218879036981393,-0.240069282695658
0.533529061714184,0.148157854294387,-0.104935295834963,-0.113170709625252
1.24571077520426,0.749463258059089,0.358043879326153,0.122883206457237
0.917818059432882,0.62686665082391,0.349740489972843,0.198173513342745
0.352825523224864,0.4796540520977,0.428894662226576,0.421944943013899
0.996584986221644,0.938783334753254,0.610076591503554,0.28659665317093
1.31700233217602,0.620391426460281,0.203174419399597,-0.138055448023304
0.418678486595543,0.170976784993288,-0.0612018478780313,-0.175140738690205
1.43056423114381,1.22075606729467,1.17768415386768,1.0487005009266
1.67070169548208,1.40891710302331,1.07389842633644,1.07941560464361
1.29244682411918,0.935293359353542,0.397529322155977,-0.051890143398814
1.03375319544074,0.778073433967389,0.341893972647228,0.00464668894877499
1.17761546285561,1.07188501534066,0.75495708797113,0.427861085050096
0.42560579758207,0.411074382200502,0.286457094375579,0.230139607412326
0.968670133043593,0.988623338386626,0.854395765753936,0.986422079051603
1.16803402652358,0.613950009743136,0.200958490420232,-0.0671927885853509
1.30497816937494,0.872559905451062,0.595212773156629,0.565060864782108
0.857046855188764,0.672148895561034,0.552343308650513,0.685782364357563
1.96468440768666,1.48883062173616,1.1555566763568,1.07161905535568
0.727462772911674,0.439650231407916,0.174201663945307,-0.00644102668819208
0.0394762194568003,-0.0622830516730291,-0.26551673287878,-0.180742765699801
0.497712809688319,0.682158764810698,0.345483049654744,-0.0351554047711717
0.668217118875238,0.359454858504668,0.261489054020942,0.0905221276964644
0.463565057808151,0.312266751573834,0.201554799205603,0.259230486950207
0.687058688774918,0.24734664202224,-0.0933223246868756,-0.320767675406254
0.532608287133698,0.610201044640551,0.496406285388663,0.458237740333675
0.904658464263449,0.600121649164646,0.334196055665067,0.161163459714061
-0.135526409587604,-0.0333355798577933,-0.00404426069752611,0.00836557773486404
0.640593367683501,0.490241387578379,0.399477193022891,0.601237994173207
0.900966101091546,0.785713769932082,0.550137090724037,0.436728981450893
1.46242721025011,1.1296546117056,0.895924518342528,0.853383419043527
1.88060573802288,1.12075917425688,0.593440643825007,0.378338604447101
0.999889479463049,0.812960352218815,0.603226429311112,0.489737588640183
-0.0757071344777088,0.152533998730013,0.226408295462067,0.326347366649059
0.24857367627414,-0.0775899570852831,-0.146420689001982,-0.286569712761613
-0.367978213007649,-0.49061384896623,-0.444048014092457,-0.522781859892095
0.727882445406496,0.58600955304132,0.377530128653097,0.270754271622955
0.18557425453826,0.230282767619056,0.124225078709508,0.0829473609625934
1.20319278210017,1.12660300597197,0.888686699535552,0.781813186035881
0.00124136597535876,-0.342898870942078,-0.427082441240452,-0.59551827371944
0.845938119989443,0.756507955930478,0.696000168414507,0.855267096598956
1.90138738530411,1.56937267978426,1.26242819579671,1.01472770260773
0.2199091082653,0.351092776570855,0.162230498513451,-0.0709058733126773
0.636177348783102,0.362271404061948,0.124897825834367,-0.0357343237264532
-0.196656767289541,-0.550230368470543,-0.710537902886553,-0.864625229646727
0.215468963782593,0.0593514137262317,0.0830062707820146,-0.0174078432588974
0.981865910025522,0.662341012090101,0.480941540686849,0.599903706680424
0.218641018471987,0.212294639675193,0.126509860790191,0.0519536203987861
-0.0813836725594518,-0.0534630452825891,-0.12076582546718,-0.151257370349209
2.31273557541851,1.7030815493582,1.21556131395569,0.860564992059926
1.75601177298625,1.41300889720401,1.03191852446309,0.834393099198255
0.865927717101166,0.347983244179013,0.0134259010064311,-0.0723505672018241
1.11638923182187,0.830212005990751,0.707058719266222,0.536853078086683
1.35736663714494,1.10769936942411,0.657457563103618,0.252905442999686
1.73029182838649,1.38447837605159,0.855870809746606,0.393787177103722
1.13882287956015,0.964890321221646,0.764324881606994,0.663395403141545
-0.454107229634509,-0.659371419535519,-0.597370849830382,-0.708892324328593
1.57149825102024,1.20382518086544,0.849760144510795,0.62320610579827
0.826670038669694,0.536662762294911,0.177174121349119,0.353086574904643
0.811533285492416,0.784948071059756,0.472122899091316,0.141606385936093
1.06199120029442,0.510726879540639,0.336036461226899,0.0830856494284216
-0.0501873443422869,-0.730411271828404,-0.889749407617699,-1.09060598847828
-0.0241718529685623,-0.0566178837052185,-0.207076870045027,-0.108188470927571
1.17329052056529,0.751302512072825,0.396171079136117,0.241384929752155
0.803405100923171,0.733662629020824,0.512541126496328,0.393409475354348
1.41186973557077,0.946648829437429,0.354962134956683,-0.102194996872554
0.499278798856597,0.40908076192743,0.278995653799124,0.229564523423894
0.267090672588929,0.37699864171628,0.284271679583198,0.25309617101573
0.71392993664026,1.09023689819254,1.17977823608096,1.27275474789946
1.22157970581673,0.861001536685233,0.566157617951985,0.346411820158685
0.396081571342428,0.094595003390372,-0.0127234163981926,-0.152840103912184
0.435602528568014,0.499016188822015,0.405519443118104,0.370958419297954
0.0907483742804161,0.103452475546351,0.00195215353887149,0.0986591560980307
0.318416986416703,0.0341536899308935,-0.203713659157203,-0.352191482310786
0.515433006452565,-0.0298969995736539,-0.40351000256422,-0.602099553468368
0.709662528947814,0.546322715189867,0.346816052496476,0.242272007239867
1.4404431470408,1.13538872396636,0.73208458559398,0.378080887146957
2.31500664097838,2.10608630669493,1.82312063795862,1.67884812389196
0.984514853357284,0.856370051470493,0.769193720878416,0.889783992056153
0.185604760644367,0.0064789710819132,-0.179248446541605,-0.313592038028052
1.18216915584239,1.21612506410805,1.01120254657147,0.758634764829142
1.0153244312725,0.989165889312657,0.812847241370462,0.926633855299958
1.80667346233288,1.65120493348276,1.40341378382001,1.24131239979166
0.916499415222633,1.05938340579526,1.08158634232713,1.25472789341029
1.55440595339967,1.15082103375914,0.753870599844167,0.589185040516971
1.39675388308765,1.22117461968611,0.938788567676031,0.974726996230442
0.994783215301568,0.797560539716266,0.527417930783301,0.573903659307503
1.12928043895758,0.796935358789165,0.340442060739343,-0.0603616686722466
-0.231786635839155,-0.310378443069603,-0.425080528504882,-0.478863497950851
1.43401069804486,0.806785150358298,0.258158345584225,0.140357026920794
1.37693431063135,0.960430137951258,0.443450747454985,0.0290505356465135
0.898587270187642,0.854680234007501,0.748982592352583,0.662540480637285
1.35059384825855,1.17693353346194,0.891436474865084,0.748504830416587
1.0070854099151,0.807857875639687,0.61198932571815,0.494105070053242
1.29943911908742,0.877778720326338,0.297289926040566,-0.17667808365911
0.900147775491257,0.750408612585625,0.523615868475885,0.569195694853936
0.232433554260029,0.324155811407183,0.307939223717242,0.279779677030108
0.48421767149755,0.286450937247145,0.0409551169233641,-0.0770885566100405
1.98446671452448,1.6942479017858,1.35944448848923,1.28364101572847
0.846604451990234,1.10598334014852,1.06918073191188,1.08539980768833
1.88782904710963,1.44234864040357,1.09231872715397,0.846218154717567
1.24958264207015,0.903864704164707,0.574155605167895,0.41381668534439
1.21534572358552,0.812231860929328,0.546450555377983,0.522016800698475
0.504490688192711,0.352706051241051,0.236677592932065,0.256082982991265
1.38034903745235,1.00903887220991,0.537595034185424,0.126859034091979
0.673368478578862,0.469041579686645,0.275423943888659,0.122573862705132
1.89712937847643,1.81043855606916,1.58199973017889,1.33113634876984
0.577133089385731,0.261130021295842,0.0963856844986372,-0.0827859794769112
2.28747715870105,1.9911614661726,1.44432939423651,0.937693652596043
0.250112806641577,0.458285916381036,0.41720218135392,0.424934060164181
0.455368395267881,0.0989930822623987,-0.0170037149076246,-0.190970238318208
0.016398647616556,0.127421097939774,0.0853664986684106,0.0789342165825483
0.352884386787586,0.0270427165638528,-0.103251857807133,-0.245403430786204
1.29423855811315,1.21242471455064,1.00324358429487,0.886604220001051
1.17498707580723,0.885533642839383,0.593599311802206,0.458169689900626
0.231375677063045,-0.126758260574484,-0.365529658227108,-0.454515242770922
-0.304085510101698,-0.485634535323367,-0.523182225189161,-0.611448481116306
-0.0766001285539185,-0.333886206002907,-0.389498259783735,-0.52097810178346
1.53068156230007,0.873240908692991,0.398936940831465,0.093406567297477
0.56314486683026,0.517246285642758,0.486594209671744,0.641096671451928
0.231146886885151,0.066331756046916,-0.0156347581156973,-0.115341734489626
0.955893939945788,0.349653270947131,-0.078144087536404,-0.355423939908659
0.44597215269067,0.251675289752582,0.147327260726393,0.0362893200976747
0.681923637794846,0.412258038165715,0.176346558933256,0.0150750330729482
0.224187206416528,0.528784841008156,0.655721331423952,0.777614261928471
1.6836518507769,1.50974465553757,1.19028129339633,0.876685540593798
1.49218429135485,1.43484776589303,1.27702445534233,1.23666734830187
0.304799443942803,0.0663302099969974,-0.0798889423773606,-0.00720723754520025
1.0562046842885,0.628686807783147,0.282963731522201,0.161360729806247
1.34440327327583,0.756497869513975,0.327837475142492,0.0875864730572153
1.46805693453099,1.23473364965857,1.07976412444009,1.16403640483484
0.502530391008515,0.285591687291458,0.054540725781084,-0.051962939826925
1.33360664097569,1.02047053345769,0.745669700747041,0.536792260265406
1.04843798384164,0.714923476061101,0.388929263402875,0.256036899935646
0.144639702700233,0.1068733162087,0.199929568764997,0.158494564647092
0.482489185478634,0.259489510643903,0.112319821814657,0.141718383758044
0.112909111957855,-0.268582027107445,-0.425192526638996,-0.595275476830375
-0.533935041181639,-0.325011622583318,-0.181620617008652,0.0658794900644163
0.79373477299394,0.599077827164926,0.41111479894777,0.341357461280237
0.273842658680483,0.409680142741023,0.20015672057208,-0.0564195775301033
-0.534027055944568,-0.541647082137387,-0.591390317542483,-0.604935838634985
0.894778017790636,0.523087631309505,0.222107850406951,0.0107495897628302
0.811918444240782,0.45749326301147,0.146630979544372,-0.0427465250747154
1.23714770274475,0.927910662752996,0.596763162482538,0.409738797828796
0.327926021195653,-0.00451194710038616,-0.189029800383723,-0.116671122309503
0.458501494270463,0.333052622110372,0.126635352176846,0.166810868132955
0.302784667749032,0.209357308871454,0.145513250980208,0.211888558831201
0.551433059295374,0.240015711692575,0.0386683311392249,0.115592778841514
0.692278425950957,0.223230392606618,-0.104042348626097,-0.282534831813917
0.572102276090209,0.806339066408878,0.739437927741715,0.591596188745545
1.98916521741318,1.65564699822806,1.26510561427245,1.29969534930184
1.84909548394594,1.3537887695471,0.732560427092715,0.211930194310326
0.0980779388310723,0.0478536758647996,-0.0835496657671905,-0.160225046779994
0.761216551672073,0.652842759846278,0.430538014449461,0.502903072909478
1.32623422052091,1.0049705704389,0.800467859874632,0.871742988143439
0.518052639214176,0.547488724582863,0.451245391160944,0.403687881906263
1.21425488406304,0.892988123871999,0.612942479555368,0.408320165139297
0.503859568482583,0.477177792028694,0.377536574071362,0.344205218245857
1.14061686801132,0.825949283886476,0.575095754989552,0.40699383947069
-0.0583293289423925,0.0154274507459731,-0.00160316195810054,-0.000321990350504869
-0.0571669496314481,-0.0304370500315458,-0.0745335796974235,-0.115574153500028
0.0537530924597691,-0.100632135412177,-0.0839218772392402,-0.180103059819122
0.298195345292367,0.186169487681878,0.0398871341931472,-0.0693077655125049
1.84019372675205,1.49238053063443,1.1596363790317,0.931291947120871
1.10888498731799,0.843712068562263,0.486997846612649,0.55997563822237
0.402698219366407,0.51613997640721,0.164351313130311,-0.193959499653443
0.803924549391905,0.208760807416363,-0.101889374874516,-0.0410095208107607
0.570594210762496,0.506036431711753,0.25030579051273,0.400785331732045
2.35061120042332,1.86462355222542,1.33979344811693,0.878889525640856
1.6304948042629,1.20702383784761,0.792034981351352,0.5413825825786
0.822369637107957,0.596701964639996,0.239387073368267,0.389050921976059
1.75655051518823,1.63669093530337,1.46173672597184,1.37773997176069
1.1051834990988,0.757624990449523,0.399500846561944,0.117885237107296
0.0855830209544743,-0.399474590725584,-0.556110038952199,-0.701475012227778
1.10373549780266,0.82045638586355,0.489253183744803,0.319339467135144
0.624407818185413,0.385019073490213,0.238451750845736,0.325457621805161
1.09084910158531,0.826702247676834,0.619424535442335,0.487155594201723
1.29275718314666,1.15724335721859,0.982499562684091,0.882046801112341
1.04199757295944,0.567486620056477,0.218633382993318,0.00373942680854711
0.164835625417627,-0.318642473379839,-0.465219191609259,-0.652946348302962
1.90008481911489,1.37810240400648,0.96405302817977,0.70010206304147
0.42167346623324,0.227775369401549,0.107526684012043,0.218313648142116
0.707950666255986,0.551478386089129,0.332700245323435,0.203509706680606
1.94983753114575,1.57077361859647,1.25045593405401,1.06402393504729
1.01212608737267,0.872695536364918,0.52834528295547,0.197074079837541
0.981911783053065,0.455662169450464,0.0637957485746404,-0.193661928828984
0.0958417739020304,0.00371079323892998,-0.0572664123861266,0.0371313089556676
0.911928137814686,0.687244448192019,0.365155870393923,0.396584889685355
1.10345622561763,0.962952698194761,0.806174437244916,0.679436043535444
0.363915639793254,0.400103626428553,0.390675709841019,0.376347286670057
0.342391832924574,0.203374309287535,0.0257514155566317,-0.0795966345771532
0.31081281652383,0.0253179981241175,-0.124668592835844,0.000886131826264513
0.901180620049279,0.515674857325805,0.209892320599391,0.012486122651071
0.154697962942283,0.0668357389330453,0.0150565357548214,0.210583037761285
0.647481776391651,0.152586067091426,-0.0384344241841715,-0.245567599774225
0.962874283026736,1.08556712908038,0.992695203068596,0.840959545740807
0.526487441527707,-0.170541326464938,-0.505869522830799,-0.776362927218728
-0.382405386978977,-0.578369445535921,-0.58968326303421,-0.684775002667652
1.75973406976313,1.54078482628866,1.13746599569547,1.29391687125339
0.261636831995936,0.0179734904097088,0.0625024575276182,-0.0762045089468961
0.921992732781174,0.581416094040666,0.462483321272401,0.275123272568814
1.07747245860248,0.735831415191279,0.527514616206237,0.660101468134809
0.216866967502756,0.351058077691574,0.363644239641882,0.390465415669447
0.731671130974235,0.458181179112814,0.409560594071917,0.267802985569435
0.225202131591642,0.161398984110742,0.0786818387712827,0.0414065707666975
0.720235657761606,0.301446125054481,0.17257986233971,-0.0126330534736732
1.25894500436398,1.00791382542345,0.710879247708559,0.5365951430241
0.181974292605694,0.216072897613218,0.191985069406752,0.164074058064681
1.00127187372871,0.877066073377634,0.691687285897165,0.582424765037342
0.656926206553848,0.251819866226495,-0.0629565882390003,-0.277914332415936
0.46069060205075,-0.0421839944839299,-0.392023359688114,-0.624256480311195
-0.287968448231363,-0.310511018343891,-0.323662005502424,-0.149586859520881
0.906761513922316,0.71087865651618,0.354705073876292,0.0391144485283478
0.474003505706747,0.32631022771335,0.170293419645166,0.0456269996255307
1.19110423624546,0.920224012907247,0.514631963481585,0.620715360988189
0.473741508169132,0.263244799837738,0.0177447401786591,-0.105436055532994
1.47834338286431,0.673073637030609,0.0821777296105884,-0.043539895497178
1.51817700401415,1.30979549228457,0.947952242347589,1.06002070355733
0.825658349654665,0.698107678895831,0.621046491139943,0.800954933288634
1.5165893128215,1.05103785307806,0.571452330267504,0.528399552998801
1.37705701689515,0.899129712547695,0.719046883482407,0.481228795331583
1.46060437095278,1.2463531061375,0.946766374019774,0.964650671974366
0.238129366734277,0.171561025945219,0.132881381922805,0.324774572583066
1.36557200103628,1.30642005826321,1.11209699919364,1.02188337012921
1.07702785429865,0.835263063722705,0.570357554928652,0.448481852983877
1.30893753864225,1.04326278482032,0.781631861915996,0.588437432466901
0.723298878580512,0.509316257661665,0.367466728468207,0.48629894807374
0.497623341461491,0.435240897291339,0.258343996594919,0.333805691584784
0.572978837317614,0.18351024581448,-0.128759323462808,-0.314679206535756
1.39022054825177,0.96766014039734,0.548799193374425,0.491743446452256
0.851429921258298,0.628402036535564,0.505761997874919,0.673955509177394
0.391200747298454,0.473518051304218,0.26004705859086,0.00653574111515223
0.117696564428861,-0.116610023059502,-0.334035414371528,-0.50873822933085
1.69206454897887,1.34422506893267,0.715922783780767,0.160948438507152
-0.0992476647586409,-0.306796684577845,-0.33815630364699,-0.450245160683062
0.0404923914243911,-0.159773073311647,-0.176061138910534,-0.280259192209867
0.911845804430112,0.470320178105981,0.117495675139348,-0.0986145313861706
1.36539377836574,0.964160125786427,0.483528293670547,0.0889819271388383
1.78754932007287,1.3168018577309,0.919261914533703,0.605648948988525
0.673122531234427,0.510764219061272,0.412633674278406,0.519456123412701
1.09350885001595,0.928346847071999,0.673684665854031,0.541161486363608
1.28544376500052,1.12725817073875,0.90149969372482,0.912237990879266
1.66204117765448,1.37288745962031,0.931585840074643,0.508601184399154
-0.17164013315078,-0.387063733858449,-0.533778356053719,-0.539571716112412
-0.0198971037202333,-0.215762967836394,-0.269396649722115,-0.373033810840545
0.753737773389984,0.275175163117733,0.000209857583865936,0.0954640783828141
1.52882267382035,0.927279079843618,0.340636651082997,-0.0973771280130203
0.684103135540653,0.571987757276995,0.315895768865254,0.0750895080069185
2.06807988584551,1.83415921286911,1.1581490054761,0.555652440732928
1.32246081200269,0.974758165635446,0.607984729059115,0.397046828511247
1.57114283337596,1.39687194242969,0.93227790580442,0.497445251453983
0.629025300226848,0.234516444329257,0.0251388184902064,0.12728182390871
-0.389414436328239,-0.74702757325155,-0.901619251514044,-1.05419381666832
0.780348007295239,0.319190108011568,0.135748304339052,-0.0679334582426862
1.02485764268071,0.675875399655896,0.459848895752737,0.265825858197866
0.271442303762203,0.223260320887661,0.132521523498001,0.0589487409690955
0.848572633962843,0.763495659966259,0.376654949363522,0.0145170246786443
1.33357767763873,1.44706833450823,0.97712939047359,0.499143313027152
1.34578629490768,1.10051305050031,0.71734761696584,0.375338379347764
1.92590580612496,1.33325412785529,0.792509594600803,0.655135345787731
1.05965358922975,0.980933653817022,0.760560912566282,0.646463744224788
0.953336230916533,0.759742960663019,0.469381138305318,0.525787559785965
1.00670609650735,0.715675395882768,0.40007045094183,0.229939745835278
0.0157156408167745,-0.236776283661446,-0.361156358688698,-0.481470184394369
0.546834775489735,0.364946585209123,0.118462481327303,0.0133016120971964
0.703088200382208,0.157086586199201,-0.0662125214220526,-0.317380921577725
0.396958060529876,0.565636437034292,0.458747127910166,0.718637961325835
0.351950853320233,0.374418256345481,0.317274819539157,0.291825863913309
0.944174521703137,0.624866896059937,0.434228123005672,0.502726148176826
0.590211187141874,0.399715105610609,0.212152234777631,0.141689031513336
-0.11798081364964,-0.10291445281376,-0.0932767843877898,0.117879081179328
2.07203453052237,1.55207680735846,1.10372384786333,0.890838682256499
1.43619499607826,0.968468499493328,0.575768274920774,0.321272029673934
0.206645863349928,-0.0409359857397109,-0.199860473816111,-0.153544432121885
2.09357396938719,1.85241923697855,1.59278573127428,1.3839597458132
1.33333335942271,1.31786416545753,1.21826551346336,1.19067747555634
1.60782656345179,1.40151764515054,1.14804691912174,0.991316268976677
1.80828589656091,1.34938529636161,1.05956636536398,1.04281532918989
1.32287442545072,0.851316239932779,0.355897015469904,-0.0529336720600485
0.418809266194135,0.105735174993621,-0.105014372716121,-0.125983409827742
1.32807272856579,1.12738751914698,0.978635941283628,1.02931352896096
0.585522730647669,0.347933645107239,0.0454489397739073,0.101858294702681
0.388508512805744,0.25568687715624,0.10434383303314,0.0379108263802631
0.411424400438379,0.531500049592858,0.608407005233417,0.881595226671379
2.03550312794634,1.5291265839341,1.16901350783977,1.02495292078287
1.32954426013926,1.24595586411176,0.957690362484226,1.14744768313502
0.839863298230373,0.542198908042326,0.480136505282406,0.321287600644983
1.55348995821946,1.07041564790078,0.625745986741426,0.281950477464476
0.323380348025444,0.42019654229236,0.394272971906283,0.422628606710772
0.913531372045708,0.940674591763461,0.486446345053721,0.0337655348589575
0.304241772742115,-0.00620882056017708,-0.110143465898439,-0.255048723049377
1.50917875740227,1.36996707920388,0.940675086056318,0.532641778176925
1.28554463827135,1.01524848883253,0.771134129505394,0.582530855495159
1.70429944251602,1.32228819177292,0.949150379207681,0.823516236580205
0.770391921229493,0.288383943653074,0.00897357264231363,-0.00151858477996308
0.802727822391483,0.588106177318337,0.369964641116945,0.283991627776995
0.908997124492693,0.59688946127532,0.392993775031076,0.392042844185866
0.25595930067085,0.0368901210792497,-0.00102207721484249,-0.132546898686676
1.14679487436195,0.762594354735864,0.511869194490387,0.558529633253457
1.52634475945965,1.19836700600871,0.842956246306425,0.640803203093322
1.38459277731913,1.35919085782212,1.09552008274064,0.798638446294996
1.79147386494157,1.46261137322472,0.983385902803025,1.16571255753351
1.48709040855917,1.12402384729443,0.778602589653922,0.526650790626528
0.675851555443048,0.673090348018393,0.672009575371749,0.873574131169026
0.523413571195387,0.232203855886663,-0.0213840561523632,-0.183820182080374
0.396265879861621,0.333807397363239,0.220741748001148,0.129097138367286
0.640843102632695,0.365304333607654,0.177992845729863,0.192631927686401
0.822299549669453,0.49585809358774,0.118386957473576,0.190288358886647
1.1566633058037,0.973548957095166,0.685779191709776,0.74655772773639
0.698522581800412,0.468730312120687,0.217770185098122,0.0887208241714244
-0.50876514494025,-0.479146113466025,-0.485261108216864,-0.495142884256809
0.971862380855979,0.816512886926371,0.546114281253311,0.602574431871005
0.42477219151831,0.184745875702128,-0.0322540626432899,-0.121540699811828
1.20179700898741,0.901993463869823,0.55180559863263,0.534970371273067
1.07396306677157,0.792793035142497,0.507913694296793,0.269207388865133
0.763939880266523,0.466302663576281,0.256988593975473,0.234973744131852
-0.138856204280325,-0.0988507710059902,-0.112838006941492,-0.131736321412742
1.31070250858131,0.913352505281572,0.373102265537806,-0.0615466505142574
1.36835102956278,0.706108578313477,0.377112328786373,0.0700702399971546
1.12355792624103,0.855202001184783,0.593316572083581,0.462034346912122
0.360081697616575,0.0972499988049207,-0.0508573032607638,0.036051832071207
-0.151728025688063,-0.133158805253804,-0.208153425411801,-0.243132192099544
0.391740500660078,0.475877347327424,0.205236792747119,-0.0903712563354002
0.800921757908532,0.378614853527476,-0.0817565481788223,0.146654486373725
0.538208411399095,0.198969279670121,-0.0704127089444059,-0.247091166305508
0.711313966109713,0.477443137571611,0.263066721134692,0.115970249753694
2.03460818043097,1.58412041505785,1.17773317349506,0.93733686099605
0.510507054789832,0.379892017257125,0.196946750910607,0.134501420394787
1.0329816370959,0.745119419683481,0.543782703007581,0.495825900643018
-0.108810608696038,-0.0489973743439948,-0.00718039347631877,0.156495686621304
1.34333162384299,0.741898536511566,0.256973291672999,0.132961247300417
0.471878161356486,0.449542532059249,0.376917353255897,0.350759919013144
-0.385198182221393,-0.467296598039268,-0.40567147508017,-0.465022874606161
1.09862864611458,0.706130249143802,0.353133706416662,0.159612535692466
0.679363545022478,0.434086518758472,0.206127203330487,0.0497103751702712
0.725419367798957,0.678039280769778,0.643724349782337,0.726334727065962
0.615672895138604,0.155170299985397,-0.030889709018044,-0.231509176238015
1.00768831519093,0.817577967271356,0.56295461191454,0.563578599263251
0.365194836171366,0.434048970300653,0.371699580697583,0.315992944359402
1.01298940307771,0.533519083646861,0.336435864472399,0.101490459046773
-0.261572914752718,-0.153958091937194,-0.129284598039724,-0.122307542418032
0.591193972835331,0.492950444890755,0.283393530097556,0.369065279757209
1.17436030740586,0.795424086097317,0.466315844669753,0.296248069041662
0.738814439627586,0.713956275186795,0.484735766733024,0.680189539897654
0.295178780298352,0.359346523715594,0.255736965263965,0.222232291169099
1.53816003474185,0.962768444102034,0.561322484895612,0.336051905010016
0.993500812757042,0.511502887037566,0.14013151201694,-0.110138006988924
1.85751008295965,1.26813123979913,0.793027921678857,0.480454264997731
0.754247669483516,0.445005793809798,0.341027839448031,0.177931143886164
0.545055647152821,0.39017427030932,0.11151974632757,0.24012484749083
0.909132655243551,0.844507675506298,0.715546636599484,0.633544676345244
1.14758378376298,0.549272831532099,0.0875384674970516,-0.154994357680478
0.69593635068443,0.65965777119705,0.452789367890039,0.612907015520941
1.41235916743131,1.30702451961265,0.84343792910135,0.392502055681152
0.0664614018529368,-0.213766664788696,-0.372364880740902,-0.322387061366238
0.885217716133385,0.736994582307562,0.561814477880815,0.473105019378546
0.82884275234367,0.763475181356729,0.572590435512411,0.479042616526401
0.844796655972612,0.544455975171132,0.32737020309865,0.283007450906856
1.42481345106078,1.23496443972162,0.927334354660149,0.967798106068886
0.0505342393239602,-0.140950756182162,-0.481662186957308,-0.772138319258658
0.700834328125394,0.56312407148197,0.197794087796845,-0.148964931995669
0.531112674483918,0.338904824054639,0.138386888581397,0.00936073672211873
1.68355687788128,0.779210506471839,0.173453608239451,-0.214357638184784
0.783104639392856,0.847312614570565,0.712740425933851,0.665489811370161
0.445225070633043,-0.109407955450497,-0.15916702059213,-0.338888060468956
0.32542825521954,-0.0336594871664578,-0.311452166075011,-0.492391312415534
0.806587852472765,0.627194756277709,0.505207810314484,0.567080719834735
0.788887952028533,0.850648244217065,0.534193629565756,0.189472986780664
1.28144928846917,1.34222523466705,1.2761404695795,1.28142479567506
0.926121908575257,0.675083256803526,0.427864524606763,0.251552766776984
0.451365767925092,0.203183849170699,0.137838555225641,0.0138122107726993
1.27922852079653,0.735427288884541,0.298811025861565,-0.0171439856045861
0.974280806653798,0.931196944556366,0.804421048138518,0.6967464346201
1.56320543060065,0.869165318776697,0.336713980640623,0.118362553161921
1.0398455275147,0.731013981103233,0.424891933438094,0.249962134313442
1.15954120198021,0.681962299365963,0.438748916765838,0.192691008320416
1.71200236975863,1.36854633236687,1.03981140262719,0.882417382587813
-0.271320969724437,-0.450335271577892,-0.482743313306839,-0.584713587163705
0.672600769747803,0.223773139948089,0.161988296542191,-0.00634093448723272
0.342979712248951,0.141609881649494,-0.236171771990771,-0.540078571403544
-0.314646272445311,-0.233237712135292,-0.185758963422741,0.0727783120882017
0.549630897982027,0.530660926400599,0.443401408353102,0.418938291276296
0.285513929015077,0.126878441372835,0.10541936453855,0.0113837852733413
1.42456834652318,1.31062345573454,1.05019903235645,1.12887832832578
0.912474853609136,0.63499943418318,0.348492813822339,0.0999095756086225
0.870315996985822,0.650987553525022,0.430429944890861,0.269323353108521
0.275997562040106,0.173641921140281,0.112236811435886,0.226551539249925
0.521937196039775,0.365801067188207,0.115277153726106,-0.00350957132323959
1.0951681096936,1.22088958529367,1.00630045930231,0.949149958977989
1.68214858581939,1.4687551360007,0.983661127494037,0.538702762744366
1.49004617341096,1.17292846490255,0.88867690073422,0.703555819482943
2.39547724103936,2.00661887823801,1.62021216218418,1.31711861257644
0.79205957134786,0.57488116559739,0.230307802464483,-0.0553760549667439
1.02645135530406,1.04129507481358,0.964048886927766,0.950487174527885
1.45035328831489,1.02721306140919,0.490841370276296,0.0559198109503609
1.03928877067548,0.724657910744156,0.416931207474308,0.16691099295751
0.641203233215034,0.440361732205291,0.192113237366409,0.0670111493272891
0.307380726962799,0.310662171755966,0.0177480717246707,-0.292781895646916
0.397989887451257,0.263641155536082,0.0510654622535254,0.0851637470423002
0.123037503286412,0.271516361026721,0.187038946744696,0.4094636398531
0.5063258625283,0.392917789743737,0.191541123205335,0.122321040929151
0.678912390771274,0.41100441617007,0.137047747721301,-0.013130102938988
1.11993885896944,0.557208408479876,0.153285126909665,-0.109771351062395
0.660913611305799,0.315012810592526,0.0268404242313106,-0.193760782052403
0.21866558396079,0.255118164052535,0.123924868064872,0.0807371951437684
1.64716303453815,1.208897992688,0.825597797361162,0.592090716051807
0.494721311294385,0.348971237582617,0.119447797503133,0.0405484045852653
1.32532320076646,0.59028676388235,0.0916335260254178,-0.215309191818108
0.972529664497543,0.738724562567252,0.58413895354025,0.666722769501185
0.773785342741088,0.436017656536818,0.157210134077269,-0.0204856671351254
0.492500926269419,0.144928110740237,0.0147174495190446,-0.136158269204362
1.11019337104149,0.167766241310103,-0.268507204835873,-0.586194387838722
0.339160315429695,0.430386035078236,0.273934278115509,0.225697342018324
0.844811130601984,0.492896755186887,0.0909561452980497,-0.239601347703004
0.920113658602723,0.773403488751435,0.595919404375665,0.459707426766882
-0.0476043738613381,-0.151844640519122,-0.278976053797463,-0.329658910105094
0.682027999847623,0.294491750697191,0.0500861334634629,0.0386372183682588
0.740231541215204,0.415487352158364,0.289119448737681,0.129469866071521
0.00698274435521851,-0.0815698110124277,-0.0107153268765676,-0.0759939768151591
0.595597238841794,0.796495359855451,0.625656640034974,0.378895401461269
0.277193200974124,0.0316943987725179,-0.0464669829980065,-0.179556916735868
0.149319191634697,-0.210216969742909,-0.488700204052022,-0.655287949894656
1.26022724070628,0.537140075987652,0.0553851955395886,-0.217903523179863
1.50521005451978,1.61571087565872,1.61650580708155,1.66043103502337
0.783490396828223,0.844209293564159,0.779096492236247,0.752426758893969
0.122971834905599,0.0428210131295817,-0.156916377204987,-0.362422000857286
0.841834444802085,0.486132469258352,0.26167123551051,0.224584288167635
-0.677276110847969,-0.611401852190238,-0.511066368447579,-0.48019446005546
-0.144073665354124,-0.302958642790713,-0.447586917511948,-0.550318535785817
0.46182891633034,0.394761207506919,0.248806610135086,0.292390858808953
0.929694741468892,0.747056797833885,0.322287933081149,-0.0560259298022742
2.21104443225792,1.76469623497421,1.35812992357188,1.12241012190401
1.48530086991761,1.12943297328195,0.720172282318696,0.738722990503769
1.58158107642963,1.12562785536623,0.756965354293808,0.475084836079067
0.406797169701271,0.116824553639262,-0.244126636642311,-0.538612310572291
1.06848134068577,0.754432944996343,0.249948634657079,-0.175466652163931
0.847830679174244,0.555848956366881,0.381582781728533,0.462555970658993
2.23251783289089,1.49063482884045,0.944130824493169,0.567061877121803
1.1912156790483,1.07302829223178,0.901085984311076,0.759140750321168
0.219930542848707,-0.0840209978234274,-0.344152273680079,-0.544230080736077
0.829501894822495,0.566856098658508,0.211238203693855,-0.104132688063047
1.06419122273714,0.840576285138196,0.574985009634805,0.491781747910299
0.79702005867732,0.914435099444338,0.575744713083248,0.204688662096154
1.05288461277076,0.994924682160213,0.817202500631,0.727935948002156
0.978780096575643,0.687724947311255,0.442540234856482,0.265722991018656
0.705207295248832,0.591732281753029,0.399289073642923,0.303227583689591
0.676582728598109,0.810607053723033,0.726494651105676,0.939985784971866
1.95807670681747,1.35916227763061,0.781658593427077,0.325841095608661
1.4385273152641,0.93791498561102,0.551445819263237,0.362846033853974
0.792057213203538,0.740495887839619,0.528194645742268,0.664954430404368
0.652151631430535,0.570682076268615,0.456214015520513,0.357741054458407
0.728162823532057,0.435571229316404,0.161709090469147,-0.00648453292969822
0.895612407032602,0.671184861248281,0.380806180519422,0.461521286545099
1.66783484972869,1.5029853962372,1.28587276139852,1.18691050138519
1.0493734625105,0.996140861843118,0.760089601493635,0.499626967361155
0.822487559209618,0.287050766795506,0.0316484020353796,0.106750143614298
0.523538092913616,0.235011950615371,-0.0296705481651718,-0.232853832094735
0.61973734698964,0.657515054561988,0.435699459241961,0.684086578432364
0.469216192995845,0.257663531859957,0.0405973861812968,-0.0970862059551366
1.09865692434752,0.632709704342549,0.275785073254899,0.081902366413817
1.02850099028672,0.921400892106486,0.686978258042188,0.790202522807284
0.548147083353767,0.352340281190752,0.220340927196,0.290190083128361
0.626226561741098,0.221861877207172,0.0976669061065274,-0.0955838911783181
1.51106066104311,1.42211704676254,0.950635110659463,0.475801175877823
0.670823999726997,0.286029224066423,-0.0310635958415383,-0.248385525364001
0.692181219211608,0.214527213312286,-0.0621227383117209,-0.0572678744829269
0.866071025525317,0.47179134682979,0.2778083596047,0.0862583273219225
0.528311125820812,0.184871894982587,-0.146706769268308,-0.288196268714048
1.50963369741779,1.25945852158644,0.926642194293232,0.754490040348516
1.84267819586193,1.32448205645684,0.647545854821668,0.101334302700166
1.58986705076532,1.36144570896545,1.07118460612874,0.955391700020001
0.945520670549861,0.687886903280159,0.548858728358797,0.703180041583892
0.771205406574241,0.565667734644974,0.476811728645187,0.351261571250884
0.84303759488841,0.661341242912834,0.461616199149156,0.302368573970693
1.53159489594185,1.2203287701214,0.814882825511307,0.447900229769457
1.03376580867306,0.892663037220329,0.468500096646011,0.0800657545995709
0.441996228761302,0.318889776573717,0.0770719908662163,0.189348834445285
1.7244654806388,1.47122367758783,1.20149907891279,1.06905197749599
1.0978683830849,1.14798176472452,1.02061918220739,0.969676632634659
1.04919393628745,0.91451836685279,0.773207470857276,0.694653478932695
1.13659844079142,0.635414343195657,0.250205686323925,-0.00405739052129234
0.16433098104938,0.0467286046104635,-0.0329866849971348,0.0852944688087472
-0.453877792309448,-0.716723622131085,-0.751335066508326,-0.871707982464241
1.08382228431585,0.669536859704338,0.32407668743711,0.129782950520985
0.675953794215348,0.736731307842882,0.634589365493716,0.592882002133957
1.06865581980399,0.786851316253603,0.545037651780849,0.368569889716296
0.405204848328955,0.16545363757006,0.0948339209389381,-0.0447510844880141
0.614366277822059,0.440723981036071,0.245515650203111,0.149973229903023
0.939738832143771,0.68097575408493,0.576314498327389,0.427947655574397
0.840093318978111,0.465014571147643,0.179562103575573,0.0343416195128527
1.68908978324907,1.46763429506154,1.24732262908194,1.06900157874835
1.45729580609642,1.46123737724983,1.21922213249507,1.12918792600208
0.982854349969789,0.788629765800348,0.505987833609763,0.373113687085123
1.06239239520141,0.900522435316812,0.449240632081265,0.0467716996602189
1.23036473972803,0.605182726900963,0.238608649825924,0.174919200323528
0.904065098473938,0.756120282402762,0.523177012092652,0.56672406715979
0.551918506725575,0.330354540177107,0.21399451612972,0.404585963118495
1.03207244158986,0.83080273775773,0.616576059501701,0.462817127796721
0.692867399215885,0.322804314381351,0.00460203862477121,-0.149558405494126
0.919020130260296,0.698256952196566,0.468695544904555,0.370986773497399
1.28620771831791,0.968575632337448,0.522433946358477,0.12948697825171
1.04195394473598,0.970041718968813,0.774376734993997,0.859708937521322
1.23105121965408,0.586492564905656,0.132659012883615,-0.0229253770451867
0.561730167808131,0.641734649720358,0.595734985405855,0.543251966840091
0.682361562481572,0.665229964273088,0.421352264198325,0.146762991850458
1.22517737548621,1.25805773564723,1.07019382112806,0.995113896166162
-0.750488092161174,-0.772475888708051,-0.706833130246032,-0.733915182536045
1.31057736077519,0.887149639247395,0.478353871157292,0.416106934416884
0.873478009186295,0.399259557066044,0.192300246407965,-0.0292237193501702
1.24019063028166,1.00915424305132,0.538236613515289,0.112171308187592
0.71093907766774,0.688120062685607,0.565203917037919,0.636912156809755
1.29764843447468,0.951490266914042,0.605573916071201,0.446780160849645
1.25685301190996,0.894120449527059,0.476500196056522,0.503593859390135
0.744023847048601,0.431175983863489,0.121602715644046,-0.0250210737738158
-0.0518658712457951,-0.44464919299968,-0.516283147422765,-0.693812027695641
0.480028420507598,0.152402860103629,-0.0407392302095588,0.0363395861207582
0.429572191246719,0.349921037007902,0.163144140539233,0.251408706644872
1.37540988332503,1.18407428182257,0.93201371065271,0.817333410976356
0.0984981046590299,0.00964044380977991,-0.129881868029719,-0.228999450568961
1.08266261065105,0.62618394373733,0.27103400453613,0.0884000039235202
1.65201372651192,1.36747543689208,0.832863380584181,0.35752951047678
0.554828534341885,0.498421342888315,0.372648810335689,0.33081601508379
0.842848535752892,0.888612843046828,0.505610027539042,0.138936502886697
1.41005821670807,0.814973809970797,0.372577811106279,0.068980123377038
0.469151932533781,0.449766442909647,0.197066720518467,0.450926447368016
0.980568045571736,0.634615586563664,0.398112494619098,0.365791682299194
0.698372409179448,0.524601006154585,0.411447690461345,0.545190084219135
0.502085885121047,0.424888341642398,0.230855689454457,0.0275312416474566
-0.00995607306730324,-0.453586418921917,-0.595336802105546,-0.749559922125674
0.639680067313797,0.472461600343805,0.309846016072966,0.181207793974956
-0.101019207626083,-0.00477266785670527,0.0652461849011825,0.221028098575552
1.5026521300576,1.04983482611698,0.671440993031746,0.489112845350472
1.39225481971054,1.28394935275473,0.985921126240525,1.12642068260824
1.21369605289591,0.929530260316666,0.621308122295348,0.461495447564646
0.626523859540174,0.10430683791818,-0.0053319734425436,-0.203051015092425
1.97698385077356,1.6997689154723,1.1392656545488,0.618245339477646
0.136658522047387,-0.0588610817090642,0.0198782988509505,-0.0937201185777836
0.771767388201973,0.436903635809837,0.0659119041633066,0.0598307533742831
1.30671997423897,1.21661363465641,0.823684999669402,0.444690699448913
0.144852541656324,0.0172500686459388,-0.242925902328082,-0.0933448279572667
0.63474740131335,0.116669213292519,-0.127518763965756,-0.355376305083003
1.9064036341419,1.69410841938075,1.46504826478672,1.27220334366867
0.333936348145657,0.0792550875866027,0.0415949821842287,-0.102776488153229
1.00995470546657,0.990063488276023,0.97679177782236,1.1530556990272
0.851974370245878,0.543931364049578,0.331640327109255,0.325598097010223
0.312059098769404,0.0639863331410882,-0.171654451900233,-0.348870265417502
0.92752482285202,0.646207025336291,0.439660747442105,0.408059746183932
1.35193294576473,1.06565204864548,0.774546869597239,0.640416812007759
0.373836445467871,0.515628752049929,0.446531867203168,0.435313259820924
0.723816291577401,0.55935625989794,0.320457314930826,0.212200563106457
1.19602544661718,0.90254488962954,0.529328577912344,0.199249474687689
2.68750363197516,2.34158583575406,1.98366703887594,1.76860774714815
-0.0409034817531113,-0.148320574476114,-0.211744157064991,-0.0724506193618346
0.523044518945115,0.447120888654212,0.220943512403259,0.344611692089785
1.45510971650725,0.93620237725288,0.496754756287685,0.335381787958495
1.01169709263636,0.743231476821296,0.402069678412523,0.446650733588725
0.340216756368315,0.234643392875256,0.159740861662103,0.198166556671451
0.653825424739389,0.922032031139929,1.03064312504776,1.13403731692137
0.891226074860018,0.548508868874881,0.322805888059471,0.307499173183334
0.801654270899171,0.561728778788408,0.157754783143759,-0.212603121657613
0.843064475225398,0.897566941775082,0.817205618199485,0.780718391931636
2.08299572631057,1.61312749239901,1.19651248844248,0.917416836990952
1.45158817740983,0.904636715672489,0.527597614348437,0.396855753949594
0.632530728457273,0.455197800856279,0.247458806319239,0.0889035354746184
0.476234254188572,-0.00333576298316551,-0.306370675192259,-0.401592864500415
1.11290845352393,0.901993608005432,0.619447369808495,0.456271818413405
-0.278535614403304,-0.446643937711531,-0.458342642497682,-0.549608004083254
0.753559667513549,0.599460046723491,0.452023846775603,0.338909623452705
0.697488664655149,0.142850931309048,-0.218632726151844,-0.42679203350841
0.490240731799286,0.214381100940145,0.0748215826364101,-0.0736168500667373
0.994404571994457,0.560290597548034,0.194928809589246,0.0934562684501329
1.91935146668036,1.24181358404926,0.74787221888187,0.513678189878732
0.941987208324907,0.485329126490532,0.302964697861975,0.0930820409381033
0.770099531253695,0.461870561599049,0.258961619222187,0.293386459546792
1.6384421891416,1.44170381355826,1.18438551384935,1.07251954008869
1.00898207361325,0.692964500125024,0.516694193360946,0.320908644892055
0.0547924670533953,-0.227331075691891,-0.3370759095079,-0.494116318226001
1.32692379619214,0.92837329384431,0.480800557975786,0.520923131147138
0.484808305380248,0.151691853024595,0.0319841075791494,-0.131916648077427
0.609696396967839,0.315433578203388,-0.115241274749309,-0.443624728998574
1.05174286237822,0.958725634841295,0.591606174543763,0.228261697082472
1.15633889726886,0.568626029980474,0.322141760742239,0.0509197699762418
-0.122267253074248,0.0570671655831343,0.0786719609022599,0.136332010066825
1.50635658805825,1.0296041864447,0.628037627824427,0.328710166099394
1.85906349129953,1.96965573784178,1.88900513556039,2.08414919720479
1.69857575396166,0.787380610746371,0.160722593657605,-0.247358900006293
0.634926347477603,0.535504673383785,0.399449519947218,0.290070737430413
1.86430847236535,1.39547835817389,0.977257475565889,0.773356894581912
1.46381731791096,0.900095666575548,0.455845564304924,0.151450184565831
0.796090033656414,0.35615598207728,0.172505617480481,-0.0239839637844147
0.921139654644518,1.03082018778862,0.872169737121486,0.821391389605107
0.65401745539623,0.435171118000915,0.0938645392520022,-0.207319659301903
1.32525640931474,0.75193651272661,0.268803778738269,0.0202763891808883
0.171643432497886,0.287059129172721,0.189771863460932,0.0465469238165142
1.4813154985817,1.40507856477574,1.226527328695,1.11893908260143
1.33861270516728,1.21994916173038,0.982129234595189,0.855005697652896
1.03503876198372,0.509784715678152,0.117333605658378,-0.0912158169397128
1.90977540887444,1.59585083581991,1.25382625991667,1.06837525342934
0.807786647233059,0.545789996770906,0.298916814017403,0.12661534030345
-0.395702071171133,-0.471739060110343,-0.555525001831654,-0.569053882552973
0.0153108774361225,0.456061669385386,0.541599118371595,0.631800906555654
0.660102153107475,0.158748744202445,-0.0440243568270781,-0.258653304572703
0.290190375328931,-0.176019314640725,-0.271988873753268,-0.456296183200414
1.29445246338761,0.973384975690821,0.698779798849034,0.497828933276139
1.06097510376526,0.946667631788086,0.724061797812876,0.616918051414867
0.676232298283926,0.316103881611253,0.0427508373470042,-0.118796780953181
1.18565134373108,1.06038416372329,0.808354874069618,0.690279677954509
1.34968922925098,1.41854173293899,1.16882211818264,0.873039649467717
0.739296535340304,0.244629260344204,-0.117052564087305,-0.371772744278191
1.27152838805027,0.947593998458966,0.542252953738995,0.176926167611705
1.01503902129168,0.997186915833225,0.748064305636779,0.942137444881474
0.70609783588546,0.534815595694864,0.211588869144628,-0.0917560639834842
0.491843202308725,0.554176090659886,0.369227510006169,0.13714520503581
1.53933366175171,1.15016792278071,0.58499095894923,0.124135889230698
0.773790735035638,0.274818672397291,0.087920710775651,-0.136077757599415
1.29152132527716,0.786221582208032,0.391909078787256,0.153267950104216
1.42663669733873,1.34241751364694,1.1379630116508,1.03464108694103
0.89712217461245,0.585123512600995,0.294592508525641,0.176816549129677
1.10811802766085,1.28431323021377,1.14020766050545,0.918992134717541
0.0133385961331093,-0.0128759418201605,-0.0883156690319782,-0.145180843271364
0.475354805887645,0.534699961155498,0.41295928584217,0.578361621498646
0.919073525346462,0.750329075951289,0.546753603289694,0.388671291863497
0.583406093315238,0.48107359626286,0.285613694392947,0.348281579547552
0.447282581924488,0.147374589315768,-0.106819923785462,-0.272374334576091
0.909643345258691,0.622833767268768,0.359058594044817,0.257638554094978
0.925604303182866,0.45049473237484,0.145137589209651,0.13141083137089
0.957194401616768,0.643986481371311,0.327476028656352,0.272882835645833
0.759692483760315,0.630746077206297,0.290228208834085,-0.0201547643115476
0.868561136766188,0.396615500412995,0.0128546758300834,-0.237659870169858
1.43504252689504,1.01919438694877,0.746120427012332,0.707912036529748
0.741182720947472,0.453141798371465,0.278103821801257,0.36525564588973
1.52454294662988,0.962270490285974,0.53157326998105,0.277233735251332
0.750389653434958,0.354587801314565,0.208446935554041,0.0135394158264576
1.61453965495199,1.55319654057859,1.12091354231963,0.69159853624821
0.667265427814175,0.391769892084357,0.145843171147439,-0.0118540206705093
0.424000049108904,0.121114906330311,-0.17440828933288,-0.371070087981993
0.288818214555668,-0.00540125259967797,-0.230728172236503,-0.375594505537876
-0.33552817594948,-0.464942413447502,-0.344778343445529,-0.444746569395702
0.637793145251492,0.530345570617413,0.221307473594263,-0.0725184276417483
0.779179185115122,0.495901551737959,0.169581591648018,0.224702782314168
1.17373072806641,1.16120234781777,0.954389874586064,0.862250342469439
0.895392285288856,0.729632180027874,0.344543000511973,0.585546638160623
0.573207369970917,0.225518440007518,-0.0302032146879185,-0.167224444769095
1.28995776246901,0.808950396686941,0.602873487461105,0.355453295262354
0.883665529418564,0.580451844649786,0.263894551635894,0.0920971178429122
0.9487202221839,0.890631664436826,0.67704754984306,0.791501562285372
0.887929361533623,0.638783770840137,0.388381043428565,0.291410980891869
0.509092271858474,0.27733059490515,0.229327338070748,0.109450963308585
0.881755945905838,0.782641160768455,0.583010651406681,0.377727459740826
0.79923404626167,0.268726231240658,-0.0883864113269795,-0.239666299270102
1.29920468802024,0.694879320356694,0.362218070609976,0.0741688497924701
0.719215825701797,0.310987187373887,-0.0640776610012493,-0.26420383478642
0.323938318779502,0.295267037282939,0.0947310703999487,-0.119508955871808
0.431191410442022,0.207703406758419,-0.1891178445331,-0.526342454065765
0.379028624910745,0.139966249731463,-0.0340164738427096,-0.0777224488279593
-0.649574766098684,-0.68850148491141,-0.619694132432747,-0.656808321019219
0.160172851242743,0.105535191634298,0.0731769302839146,0.185603669787363
1.30101773807449,1.02239674823154,0.785010419347794,0.608440833263609
0.983493648755467,0.527853321689723,0.243663605802798,0.222861346600613
0.929097331334516,0.911913643603199,0.689741946015245,0.609426261845568
0.279995599133875,0.554385983209179,0.48623465991096,0.491360454981351
0.259923957102471,0.149774436049395,0.022594628565374,-0.0687133740541008
-0.477515539960371,-0.470530639152668,-0.33911316906499,-0.363369129545121
1.08502931974303,0.65682649532104,0.382163884844474,0.36139634310103
1.30782737371961,0.782762351107548,0.574808712816164,0.338625790675308
0.448341154811333,0.319498725783741,0.129531698350941,0.194961419765944
0.484587195138959,0.423707866102782,0.326249867072729,0.280689597766797
1.28633230156024,0.923347147587603,0.558853384484532,0.447673516068539
1.10040392520175,0.826537336620207,0.556911833720306,0.43061949125737
1.24955631418208,0.925244700969827,0.571937453701536,0.370510152565791
-0.0713263201154919,-0.00763589653719776,0.0368433917428112,0.222270538271074
0.439633281937572,0.358971869417825,0.0933115380327241,0.285074663232633
-0.298224255253377,-0.381578572194881,-0.436229964103134,-0.329463157444783
1.07130613379488,0.675243546074551,0.41082184038378,0.352927719057504
0.494662156716552,0.327524139317861,0.12535615965477,-0.00434205748277472
0.635585018859875,0.429835478159619,0.285281084452407,0.264065393452878
1.14485226471238,0.791421394762151,0.406335980024945,0.400391246913343
0.808985232738471,0.524973918043802,0.228485237408516,0.0628899507873499
0.102675371353114,-0.220194282759846,-0.253078835116131,-0.400333858785239
0.0662596792970254,-0.047575153382542,-0.214249983801378,-0.274662801015835
2.13147029661861,1.55519375945831,1.1268840013554,0.914784781328036
0.985157816960649,0.663116550916787,0.396222239913342,0.229981439239631
0.401498111369593,0.418877207523404,0.326377169161098,0.28673224454934
1.50877407929153,1.15531927500529,0.744343353634103,0.56252859955643
1.59040497243914,1.45816056550706,1.0677574786874,0.684680782547209
0.203487454412176,0.202862235878735,0.144628278389811,0.0982235332249277
0.456207778749801,0.18692917122889,-0.0381060695499435,-0.19440352158267
0.499178363392599,0.457044498954377,0.430083485754456,0.57705034827307
-0.570137834688021,-0.449903812979592,-0.368315849225254,-0.212258816662257
0.759016912553028,0.663583448227493,0.598173420848189,0.723367731105708
0.714562087536653,0.676618675110497,0.571817329901905,0.487110402171329
0.480731448094975,0.398527999379943,0.278578607240571,0.186123869503487
1.11347942893786,1.02732392714611,0.613165000392443,0.204919567032457
1.07703765317876,0.537407942900167,0.0553816071281983,0.0925812008941995
0.988120771491914,0.564442778291324,0.211773432847125,0.0595499793956042
1.76711986109755,1.1648593166199,0.650955373891025,0.53770702483032
0.688105988687548,0.485779749271687,0.326845655145184,0.260356527123172
0.475913207509382,0.179943056420445,-0.0570685960086185,-0.219447802042173
0.242776016556842,0.108854747071489,-0.0952318132783825,-0.198715396763692
0.926722346788187,0.688119456664271,0.383247133987266,0.386165689791634
1.55224054882207,1.17586309781845,0.819563185560769,0.728063776005881
0.745998698200002,0.563677741450409,0.311322727535922,0.16838825710125
0.654848168664421,0.294074566342703,0.0564634896259215,0.0260421155111942
0.762362186213298,0.844755481041778,0.776343886911753,0.664222033382801
0.177993827548474,-0.300387654499395,-0.459146782972798,-0.625581976330925
1.37871709493812,1.11464119652289,0.824822532729265,0.645398297677956
0.542540261519782,0.232973130225052,0.084186318221865,-0.0788966357835682
0.720703145359323,0.401426571915047,0.147029582903554,-0.0122660068866621
1.56345058730678,1.29436366965714,1.00742713909824,0.868954241120008
0.241817834435128,0.11500895955922,0.124383219681614,0.0465437401856607
1.39989770491301,1.1071651042768,0.786355670177751,0.780326512202525
1.14309245974508,0.799847571706941,0.491893580005322,0.298445594981038
1.85197925808618,1.57261060928718,1.30208654879231,1.08682091918213
0.527921677301516,0.447810871095687,0.303950330918013,0.194400323442159
0.313745542787751,0.0132090469684809,-0.175419571786586,-0.166930229930693
0.841878725371271,0.66643104375486,0.459118544656198,0.333634736212005
0.522116607069455,0.173424888911949,0.0235125242254028,-0.169182427439423
0.654208598927234,0.52295508768405,0.308651251143347,0.261160568752999
0.0801759006878995,-0.0991348953024641,-0.281566543871305,-0.379651383661546
0.814740318222239,0.51611750018942,0.251334893765105,0.137000484876419
1.49297862161326,0.965358799784475,0.517352099417963,0.307384167171999
1.42519902869392,1.05425754719805,0.721824875580076,0.530689901938408
0.865124303812077,0.646098748805253,0.489395945466158,0.530171119604596
1.13693176376119,0.751677256861335,0.393203362438901,0.303238060335704
1.0517813950542,0.893586141691074,0.68411934096114,0.608701362924603
0.673723733243043,0.483174278544716,0.176752378862665,0.300010500257889
0.903321682770732,0.661789545913574,0.42949820066072,0.26009163301818
0.423818161365651,0.498637064772933,0.454589137023834,0.471533534747138
0.937951081388216,0.687300596664277,0.586156709560182,0.446820334647838
0.160116421008027,-0.117330703475784,-0.203154792970655,-0.348848176949169
1.492972917362,1.23266703414355,1.0486249994225,1.08250562373584
0.955530585497744,0.557314433393185,0.303883732007249,0.34211734340547
1.06417162517263,0.6352377490634,0.268523829870946,0.0501840644188676
1.09271527440408,0.776741136568778,0.265218862493283,-0.146383865719945
0.853234065241038,0.603460759102326,0.409183121041274,0.30017462765268
0.819546299121209,0.501220162843052,0.38146200707926,0.215949272343158
1.14767562776868,0.933599216224013,0.654398051529049,0.608346462647724
0.669712173785111,0.436836544655562,0.220673361222141,0.165082295292962
1.53213026057448,1.13459592443506,0.786089070369379,0.538544774729612
0.497899682661926,0.151454778625957,-0.133398535188376,-0.287799097641951
0.993611997404679,1.18060502604247,0.983507584105842,0.706112407891152
0.987989154856109,0.566135662509702,0.251837836297614,0.0344222473408632
1.87835832573589,1.77265869893571,1.53792137768614,1.61720775151582
1.19234493019939,0.892443232472953,0.586046939465086,0.419455752962218
1.35150520133497,0.88565807671341,0.52866010766042,0.288502447220781
1.6530543999594,1.61974318046375,1.59328143790276,1.66854429187731
1.25485650134144,0.930736950530033,0.608519802652585,0.426431181868075
0.468130944177058,0.165159898816732,-0.160023821423191,-0.0828746071187229
0.698055254637076,0.440025741098472,0.193438934205305,0.0395841534188489
0.394643232878225,0.284158986418175,0.148464325090329,0.035594278284164
2.31721860258531,1.78405651855925,1.09335773909019,0.509050141119433
1.03013505916946,0.532885036217843,0.29815728090357,0.0493705712469984
0.85010550982138,0.683261022261001,0.249542972289417,-0.112774098397066
1.75848190449865,1.41508371332169,0.99417159802163,1.01828289777215
-0.672713497653103,-0.44290384131043,-0.384609568407988,-0.177037660616488
0.564634864799177,0.333796422264768,0.101785930997954,0.00430777783677072
0.0780027360038677,-0.377274858635775,-0.676136794943418,-0.775943482764051
2.01585575631842,1.67831317402203,1.34941037442955,1.14972013696756
1.19518475821604,0.799821773473415,0.463989497608967,0.233532457656311
1.86956170991192,1.41463219306148,0.975732267751804,0.779678343525581
1.62302184043884,1.36553663755061,0.965800616701792,0.568459530869231
1.15124521729489,1.17490834179819,0.990240397865988,0.911132561196959
1.07422376499639,1.05410593509364,0.939004826943942,0.87303386889172
1.4039538327695,1.44545246959468,1.36622328646191,1.35913056040194
0.616301054219107,0.610401206874382,0.460190045267674,0.388417748141266
0.427266561148708,0.454925741138357,0.476579734646711,0.609173308063603
0.43689433691317,-0.067881713871809,-0.256763094871952,-0.474718395860355
1.13762345674808,0.637907526594339,0.419123836170937,0.192636064036075
0.350136711668839,0.227572827527791,0.22499475291733,0.147379432777346
1.0753555815789,0.648044940212535,0.504056557755853,0.288376604865319
0.794295955240866,0.761543733998277,0.640943314681393,0.606011704906673
0.655607675629771,0.428053558809791,0.144142448114103,0.00909105762964468
0.965214667609991,0.730075461146158,0.292878902774954,-0.111434588515534
0.22807506704496,0.119457285765263,-0.0272696101523355,-0.129146940970374
1.10380714639844,1.02962547514998,0.839940397080013,0.791422875190225
1.23042437551059,1.03021060167842,0.76425360296505,0.591873926143665
0.792607313335392,0.37988273985597,0.0611776432914027,-0.150724648071016
1.56585161023463,1.32996382278437,1.0646726881458,0.938640841610424
1.42854320236243,1.04492936095065,0.716454771126682,0.484539298914908
1.11178348546707,0.870852561895284,0.565761321134519,0.571069383631493
0.511953299998096,0.461121186767014,0.345787323752934,0.277719928282409
0.679287702387216,0.485791026252587,0.353472533505985,0.437536728535118
0.89411988548883,0.658301355973881,0.425225098108252,0.26475193793385
-0.239023161282446,-0.295853151818514,-0.375352774549682,-0.430092826898226
0.0158071784362262,-0.00183148333851982,-0.0464077863612407,-0.0871673756509902
0.993625029389964,0.659610296960588,0.36183047381031,0.261229786482642
0.215820408810576,0.359702338508654,0.371535850431011,0.40067686358926
1.24172769078108,0.897182841540294,0.596317100041967,0.41193757014954
1.05100203942151,0.870575005696904,0.423643261787391,0.0297588614632199
0.519714417710035,0.111882945058161,-0.0841101720562699,-0.268988487273446
1.22506516987627,0.893682088579927,0.599470441620347,0.39022775473307
0.803068513482091,0.688059782443705,0.548507797723043,0.442537334951149
1.0262338421834,0.655538537125152,0.487671374692185,0.283659760065576
1.20235400788755,1.1620066063886,0.836210961484676,0.51039922332508
1.10167731518452,0.943934734797799,0.636102801869204,0.342151632012884
0.394998209603507,0.251165285013859,-0.0702690526014541,0.199644229157031
1.91251004029751,1.88569770450507,1.75575347658627,1.67662564697151
1.8504090151069,1.70219606388312,1.43696727822155,1.48340017637867
0.690490463424644,0.138313856011815,-0.169892984699158,-0.410951506868295
0.94666420871137,0.716276187507814,0.467265826517088,0.34044425428476
0.669032183449001,0.682324741516293,0.531194738637915,0.46679693083903
0.954285160829985,0.740411479008265,0.458729642623008,0.46331329805495
1.24842691929608,0.799178008284105,0.365758986276977,0.358574261729767
1.03410044621506,0.964404341400034,0.713140286584433,0.619844668291641
0.197790819790111,0.0716783578741935,-0.0157525893747896,0.059343058948903
0.536597812905823,0.206058260375118,-0.1550476162929,-0.0450771549336856
0.291620701213849,-0.268473816841317,-0.579215391650653,-0.819983153571252
0.429524817606301,0.306582532976638,-0.0158729376753315,-0.319045024323992
2.03653840224054,1.59757964584947,1.23019220047826,0.961748537563853
0.61756999895752,0.0972148891148534,-0.261462076479286,-0.475371563344477
0.611917591904312,0.192204837743138,-0.146900733826664,-0.409069267961959
0.666998161428739,0.453242145837336,0.20961869877104,0.0986517264889852
0.754930141769777,0.64910621380467,0.309999822982249,-0.0107285421349174
0.773396226456909,0.403776530496317,0.182813227079291,0.213824284841047
1.54566357845042,1.24674517919794,0.962087812909993,0.806260641781065
0.390584545266551,0.339817057786268,0.117671427947219,0.26501379488968
0.01550184321495,-0.0926672289314464,-0.294877931436685,-0.490778243082981
0.731251328842561,0.382053268318609,0.146479256800746,0.0991291212931858
0.642301116411371,0.681108128200926,0.528422819624876,0.471146979335311
1.12679668793156,0.85493602533215,0.536791048657548,0.575281182859056
1.4822024803435,1.19274714508913,0.917284128527264,0.72971428741087
1.17918786242823,0.816303365602777,0.507880882662848,0.302700335355439
0.820898352347052,0.425831275853665,0.0918453295029231,-0.0826773198469699
0.791865922418633,0.488210082811666,0.227442065540125,0.125205958371055
0.913649160110199,0.616242842881756,0.517326243822573,0.344925820647312
1.61306431051809,1.1854330037261,0.624164234427592,0.166510024913342
1.27268870271722,0.868622771831152,0.448629448472269,0.345435223116938
0.776726533916462,0.44844097502709,0.0739647863976045,0.107835428972483
0.360202288904777,0.208637011049164,0.0968021100971479,0.150037085803275
0.219993017034879,0.236454120847998,0.157198315221151,0.120328345407314
1.35287064575516,0.880765608751132,0.434810170129967,0.396889446624419
1.02706669920499,0.920554433784694,0.711477577213978,0.60819971531931
0.828439242793819,0.302820106033195,-0.0680104532438836,-0.222018519832284
0.723310947072496,0.487120350523002,0.326113321135438,0.349364658824392
0.267834219192714,-0.0337182190272115,-0.063208386441685,-0.203142992499819
1.29997949528112,1.0727579944886,0.591047318304958,0.182313661738716
1.17603978405965,1.34073137866561,1.05703884804576,0.711410571933382
1.22794582817866,0.646147333919187,0.203381200707108,-0.0703263110790883
0.739438530410474,0.371670035687219,0.0580001914037967,-0.15438311755392
0.100331641745077,-0.0203997619169815,-0.242827529043846,-0.131686596461443
1.42746658345735,1.11511230966988,0.742122158016721,0.724831523206926
0.527971947207726,0.586160508965767,0.264638633397262,-0.0824603104523026
0.591799966819692,0.399352984695108,0.382282637647507,0.272726199894766
1.35819342886318,0.795902492378168,0.299485427814894,0.321754304885924
2.15269057542045,1.44789642389864,0.894599771462202,0.540344003192473
0.68722003336332,0.507002561139313,0.33969021262864,0.211720368525917
0.741331257413184,0.350890645005458,0.0330894674283056,-0.143620202039329
0.0279264233114327,0.0164493073438328,0.00926571300422202,0.144907158438468
-0.213002730181874,-0.255585856333128,-0.276325336344781,-0.0415657826199047
0.789663802701353,0.484831028134862,0.144314913005993,-0.0490607307188447
0.646523787304109,0.556884431586224,0.284178229509068,0.0118265843917422
1.11463562079161,0.701221203770039,0.401650829867912,0.329172137784816
1.3207030318752,1.18958706752787,0.987571613373872,1.01070838367239
0.840507795847171,0.581693719171826,0.34860544081546,0.177835902330568
1.00909249780316,0.610080621456648,0.290512508555652,0.0901631107823582
1.22547860825968,0.906010143880457,0.602303233716727,0.447002461680973
0.039042891224914,-0.189773501407857,-0.141577884515437,-0.258668280112254
0.593773088338923,0.404963439705053,0.198527662522672,0.111161887101436
0.999083417025327,0.619388416851854,0.269684395594506,0.0971844070645757
1.35309002973167,0.741858533580954,0.293617027170315,0.00633162891835753
0.885441636979462,0.567803179363539,0.254573546871962,0.0978502111219092
1.11216801846779,0.844036424815283,0.575943862914008,0.437486336693853
2.21548173092099,1.65865612273122,1.1822562224172,0.862097821502141
0.576257861941629,0.417872562298678,0.248671629883523,0.152871852047437
1.53148334400867,0.652634717377019,0.224472010148526,-0.126095006369691
0.98798816580793,0.850900033524546,0.650009205182106,0.577313957652137
1.16430837372568,1.05882363333815,0.922952887994278,0.810980422762124
0.400326035700362,0.280673507546854,0.245778061872629,0.171262092916028
0.574409790875483,0.385682962908264,0.265267776173261,0.3570431713731
0.586503268176389,0.744761764517843,0.479954382250629,0.152220949114308
1.21868354833835,0.709788999561583,0.42847255157303,0.187558453144508
1.33608383212799,0.904713137195962,0.555162302141494,0.304367319880875
1.17140034420615,0.704186472846479,0.285194591032362,0.219435601994902
0.417467470943135,0.388023788295573,0.297815676708825,0.266706623700249
0.460453442166786,0.220818249358238,0.134013025974732,-0.00145221565338124
1.25103285620919,0.876306540765475,0.541885288719734,0.354445876936161
0.834026283547549,0.247869701753004,-0.145428777638286,-0.326641441803782
1.4458774134389,1.19745424028754,1.0267705821559,1.08976747833539
0.561908303566841,0.200577337304517,-0.0318362605611757,-0.0692849456857645
1.35057196008553,1.01630295028732,0.677244180378619,0.620477212055555
-0.279843396729118,-0.237859622442263,-0.341789475660184,-0.375140258753994
0.725771672946681,0.613231713773617,0.416448830887407,0.295208495950501
1.54505563193518,1.04497025484664,0.647429547071576,0.420385655912025
-0.111042312546905,0.018060847033227,-0.0297272775048049,-0.0355274387099437
1.17892987645812,0.541586165591713,0.308164755880112,0.0351865937412127
1.01770554564593,0.857865687749497,0.575780683092028,0.66343587866269
0.671340452128769,0.223043550947054,-0.0593543744338457,-0.141032060703179
1.64764919789212,1.46367469513169,1.11004489836149,1.2141108603226
1.13530484399276,0.93514113856995,0.626747972586653,0.705966383679593
-0.00387805820634829,-0.323057166339779,-0.493158824289668,-0.493498836683966
0.368276872382149,0.654849889864254,0.758858248469685,0.86235105202971
1.36193820495584,1.18796280616149,0.883997172977219,0.590185328182748
2.00034466839514,1.90366227391071,1.74181910218664,1.66789672944357
0.342507235300967,-0.0935014408831966,-0.264077793995398,-0.449638319822955
0.648180688942602,0.557516499553003,0.433379792483296,0.334732666793217
1.04251424425168,0.713437031457997,0.33679054685268,0.352399420454732
0.512689809473434,0.249526246837097,0.0758318628512199,0.0988064344388596
1.12314106445966,0.912270824244308,0.657396419814464,0.560056752601987
0.207800450981492,0.0629367468325734,-0.190148536462141,-0.0555907365034956
0.238269575910465,0.0783350338696205,0.0919703291754282,-0.00616303244983896
0.414578877610549,0.454753051297816,0.334901065200014,0.479009240641491
0.726669734330065,0.611144828982641,0.525364601233613,0.608063713262502
0.753764402099195,0.421841792004134,0.308873403559943,0.136006868414467
1.04603371575523,1.01589016876575,0.900934990233642,0.862711179189406
0.954165708605983,0.878806501575569,0.82295601587483,0.964443362364801
1.02462924006114,0.733914621712664,0.472286750327693,0.281674204222306
1.28468036482346,1.29621412494081,1.13111138808218,1.06004418439369
0.781232790095266,0.579733838869497,0.213626839776943,-0.110232593722772
0.997456261096243,0.933391636209429,0.742606325908139,0.646066692620076
1.94321168876863,1.8435793807458,1.60783042522129,1.67682732573486
0.605009010964515,0.462894568785698,0.311993832450884,0.192663003645014
0.959108189336144,0.775417483938143,0.508782876728824,0.556694508886868
0.708577496258804,0.340957742491826,0.113652415145262,0.115780884095024
0.160045074321472,0.0861308277452902,0.0493465742943787,0.301258146166522
1.3027136249919,0.835928266830615,0.471300131485393,0.406185619460109
1.86019306347963,1.63564043653252,1.39781861946148,1.20791566392531
1.70457588054886,1.28173777312714,0.810678630771497,0.838453258611724
1.33673445687565,1.10518349080031,1.01105253113266,0.868219398387729
0.171815784429758,0.0597064103377974,-0.165639804021898,-0.0769211928444051
0.598213455468656,0.338060901759853,0.081727575660628,-0.0272875638231847
0.510731748354117,0.266332845477403,0.12304389797966,-0.0358802463468822
1.17756622534851,1.20737910535885,0.956630137738542,1.22160253495724
1.58701642154279,0.934877147716327,0.452253230929593,0.136601063150242
0.777645003141463,0.75173492255248,0.561387443381518,0.703958834031754
1.03643637380599,0.697945426120902,0.259906666646739,-0.11458343596279
2.04496610709042,1.38273851842392,1.0314520716161,0.710192533522967
0.730174108250149,0.648387907164979,0.349864750834634,0.0468142673023733
0.809074324501125,0.0243942572904938,-0.374867930454021,-0.409687791360847
1.23989725050189,1.07825977748301,0.867801591033427,0.783974682685858
1.02171835750842,0.810664555512032,0.669204381420189,0.760175123411289
1.9639049741063,1.43225174198018,0.866911684537689,0.420226119918207
0.208188121452072,0.189034135227609,0.04756899920161,-0.0188212313985385
0.983980065566823,0.560574699684618,0.308686620020893,0.323686849778571
0.731952852122189,0.777218163557732,0.704796644031735,0.670821843917881
0.477339087519855,0.203073926994031,0.0564761543190608,-0.0956559976051522
0.931571404791916,0.477130697044025,0.130496767224325,-0.0392267784070452
1.07792493526968,0.641891389502112,0.295996463254338,0.0597993834559599
0.726825037581022,0.244986610643804,0.0360491989263421,-0.188618112505621
1.57442809879668,1.48841066953777,1.3446820378232,1.33180456426781
0.880964669346964,0.897193532008793,0.71137329518693,0.634562363709579
1.06485809550553,0.9148044378303,0.720824609529813,0.644068255970764
0.637424946127035,0.243852788756012,0.118063501487056,-0.0504559373044961
0.983352098734841,0.625818425755575,0.316901509737143,0.17176747813325
0.927051129039396,0.719559356929166,0.444613649430952,0.193901799629826
0.622891083966155,0.940237966188697,0.8543036144804,0.857940869550291
0.976189576437908,0.72014823405912,0.491107262781604,0.318439780076131
0.895483064261698,0.746442725098043,0.552083556387527,0.432594435355738
1.16425524013639,1.16713984896871,1.02822068384353,0.954045455997201
0.980782084322542,0.623795700123279,0.446932648880163,0.263133171591384
-0.0255078752968412,0.0343938029026032,-0.0679231124489432,-0.200239128046232
1.23734658087235,1.00038178857658,0.564310433167175,0.153628922237891
1.12225383817565,0.597080439142726,0.260083467592818,0.233386514714131
0.286290731422174,0.260602888659884,0.133743372983721,0.0714919353365256
1.59987985011895,1.18761062145343,0.755855370937134,0.719088882387057
0.228619862546254,0.24770733316497,0.153010166143282,0.115397415515289
0.587512662006188,0.500921158008322,0.136636564027173,0.462590927566519
0.667067291338127,0.564887324950395,0.403391031341938,0.434303431327632
1.13587150932385,1.30924553259627,1.13345017807529,0.87579994434968
1.44987601402538,1.14096156480304,0.827102731881664,0.644888639738797
1.50782165877174,1.14382471888114,0.811805705498533,0.608647513662467
0.198008154919798,0.0953651227796143,0.0284076017716256,0.160319614658889
1.16140551377916,0.820285116392137,0.724982085236206,0.522067174519814
1.51139727764959,1.31927782556932,1.24664306118501,1.12698072335953
1.08805568778839,0.779654028143301,0.462066447925308,0.273551667524792
1.64491199871549,1.5106947033832,1.31888876446242,1.23430257423518
0.718251655094647,0.600115499490254,0.495728382532281,0.414855701410411
0.745929128696125,0.809513417640129,0.598452973693505,0.343880925548523
1.04115980152718,0.936745086684309,0.783851607440753,0.708037609012404
0.828929730563972,0.342215611895223,-0.0301683599454209,-0.272479316302151
0.740304673014645,0.634758822309185,0.403152550349708,0.510846832636819
0.392656004600028,0.687170403823277,0.621630531077568,0.461755169173429
0.271557032580789,0.335188298546877,0.384258681056283,0.617048014867878
0.509163524198202,0.515823932055933,0.318847822126833,0.102824616031802
0.393233444401277,0.449384923923383,0.312204191490513,0.258969608193302
0.798406805003656,0.618340146849239,0.372093890350844,0.251449048624546
-0.214316193408973,-0.577303511186434,-0.840663156412472,-1.01006420317227
-0.234673509622792,-0.368038809835707,-0.445082256282344,-0.365261274881172
0.830969607562564,0.561333393316397,0.404224064079765,0.561483017744573
1.44463902621115,1.18140597864277,0.918259503176432,0.76726910762584
0.502300609608362,0.15558073845828,-0.0185936568778261,-0.214372778255862
0.500217559450291,0.328096315255038,0.0841224635921222,0.123030442977826
-0.689382544367897,-0.764941029089544,-0.706158800286063,-0.761467450860182
-0.0591932670663821,0.0384301834059161,0.111898299964741,0.306124428347798
0.83782417294801,0.966723519884721,0.926943173976808,1.10601394653502
0.0345647837343461,-0.390312006659572,-0.684840604542921,-0.860255216579851
0.814096171933829,0.401651738835986,0.144177885688582,0.162565986662332
0.984152818793956,0.882738335747596,0.509956479361297,0.163701376457463
0.527268368631032,0.555173341470459,0.4765656628315,0.469299801758845
1.00628115589877,0.647650902633331,0.304386292303854,0.194306917530782
0.972450791380155,0.811564629421074,0.55932412913572,0.434694357568224
2.13061709626016,1.82174925852392,1.73107539800352,1.55149641793783
0.560337656716172,0.358612246745146,0.236862607950494,0.303317543382524
0.576321028915422,0.48936850797211,0.258718661458314,0.377922575531437
1.20255511920185,0.716857473534797,0.492056942079575,0.2475688733194
-0.0659405456889215,-0.304684696824909,-0.458737877941603,-0.44199769682485
0.921982779546918,0.651554483408937,0.289336829194983,0.383048030001318
1.10635219005492,0.750305729654065,0.408321425224748,0.376667284231671
0.334573772215483,0.248738031646757,0.0533469915411294,-0.0426671219450531
1.19980700468824,0.900188289815136,0.587092917195953,0.404187707629181
0.851923385324854,0.67444486430738,0.41680548690467,0.171816895254814
0.943863690741491,0.934514203047138,0.579646108399994,0.238124934732767
0.879779881938118,0.675560625818287,0.521127332892669,0.483395016645562
1.43996038597623,1.35696698497623,0.897847587266756,0.448364487924577
0.617590463187883,0.389869879710575,0.137920658583528,0.0356559373221356
1.04386407071045,0.725108699661088,0.440708876775527,0.247798413348322
0.167504726480999,-0.0613234284099835,-0.0952486893681349,-0.204616150336717
0.215120524703218,0.106492685641009,-0.0525139503554805,-0.161169714131596
0.974597775530395,0.518654498572711,0.359124779945003,0.137235807940819
1.3067087230783,0.832125672353227,0.394263364530113,0.154649591363143
0.979866983610367,0.466385997823297,0.0727690816515554,-0.179279546248814
0.339330026125499,0.0427773247655368,-0.132445711916635,-0.0568988339186438
0.613863490200807,0.742062650972385,0.674787335682578,0.657780407592721
0.241962329651506,0.446132834965738,0.295539668061416,0.0749207294043769
-0.0950881225962285,-0.453033867940931,-0.636470219209972,-0.604228381129515
0.909902315003508,0.746108858501141,0.544127705111993,0.395804211131961
0.389904512622308,0.0465084288188795,0.02566087448535,-0.1346243789125
0.566688029323747,0.301591321973142,0.0719938157546448,-0.0826884406093866
-0.0454110016735435,-0.24394190606427,-0.275257064949365,-0.380272658131341
1.61277804403537,1.02636841829796,0.586956973856138,0.315766485148703
1.64428420435068,1.51757511379746,0.999346337719752,0.4855968461919
-0.488548604534092,-0.1650243613703,-0.128929826253747,0.149830749976102
0.101479797847138,0.00708579059401532,-0.0519439016892756,0.0889110735923622
0.950803382069049,0.668294465371706,0.378695248525034,0.249502591511845
0.661157734615423,0.359456734500204,0.19461800497484,0.0170358741513986
1.23056675956327,0.770949513914911,0.408033306439486,0.139018448084486
0.560809502468034,0.441973503936404,0.267783729298466,0.205694092832806
0.10452111291945,0.107792372626747,0.0282722750248975,0.013811671369089
0.437372318116505,0.441749590296338,0.325119113189603,0.281451585689169
-0.572450859082646,-0.532478802783872,-0.402176340233597,-0.413388819692801
0.501899810119722,0.457375969727432,0.435272460677481,0.700740505691044
1.87909957742043,1.47983633930215,1.0408237722475,0.808934287650631
0.816371166199966,0.482092134207112,0.172266841509919,-0.0724246250427918
1.17258028166769,0.650167923588203,0.24926741584036,-0.0312009123884472
0.329575724849499,0.326364475359454,0.429714257497689,0.411962514773744
0.423934799100875,0.100987694014291,-0.163800965322547,-0.345707469896038
-0.378583353944412,-0.703992458678708,-0.743751437890225,-0.87981690166545
1.19192147735448,0.862833417505613,0.526882887507225,0.459852075960436
1.014111428056,0.660867798746222,0.310255757072698,0.23470278955458
0.57142481466545,0.125884410720522,-0.0548123459376284,-0.226362311534707
0.610328730363664,0.360658528586291,0.140171463639376,-0.0129425916515557
0.472414858203876,0.429425386736402,0.326272341491429,0.261012952373428
0.598655595335378,0.368413738350521,0.0932047669510309,-0.0340350330500019
0.660732240842683,0.50873162369333,0.347750942161195,0.241206096427124
0.29509590998566,0.549699503625083,0.588635048706825,0.639809831629757
1.28686172800508,0.789043686038323,0.347967776625587,0.416395491426641
0.288800710116554,0.311735540125928,0.168925255728372,0.11994409587698
0.192999326844348,-0.0681513113628033,-0.227803694288029,-0.142193803523753
0.104724046311208,-0.0411723099876081,-0.148934977220214,-0.124389457341711
0.513663571322275,0.404857899278951,0.264282973918809,0.144607243283421
1.84271631209239,1.80120428886178,1.58479918974885,1.71448804012825
0.455567327316882,0.170448925507941,0.109619793265312,-0.0251182831284608
1.26026131492447,1.07019610949977,0.849030632811865,0.754043882803331
0.507092785215373,0.737697615919675,0.727889985658425,0.752805867133126
0.0405923908098242,-0.219853002901999,-0.36209223198009,-0.267979166532487
-0.368718979040817,-0.555312276003053,-0.59044895034813,-0.678683108053209
1.16112628369331,0.543584575746558,0.111648533464494,-0.119426925954697
1.42242817582761,1.48386751964352,1.39819606959592,1.36123719239387
1.09125162910767,0.830822689611924,0.544534491173734,0.371836850527834
1.04891686950894,0.989613300020473,0.688472221802158,0.362026547158129
1.55692162296389,1.16608937703668,0.800044517582761,0.599760034123669
1.13312387107646,1.01006558681297,0.803087747923894,0.693759666115146
1.00757513982911,0.810046769369381,0.614054850070379,0.467743620345469
1.46550042670271,0.895100013625634,0.328041861444504,-0.0833920117471247
1.14257147753673,1.16843546226168,1.03477715843981,0.973588519549665
0.992011152474619,0.963147545464817,0.775392592721403,0.69056053171927
1.2336848055875,0.754412487037087,0.515996382820241,0.282933644987882
0.392739468859316,0.293615483181142,0.136328861190968,0.0782798487710826
1.08535507639374,0.866012286747742,0.597562758594626,0.45173602897521
0.10654443352394,0.116759447405183,-0.0130810961950239,-0.166313736458507
1.26831516454084,1.25826534262013,1.10179917642032,1.02433418037496
0.408432432380263,0.060673431357342,-0.183646860192376,-0.333684338719546
0.513162832453697,0.466105275216882,0.360923494766757,0.294408542669992
0.232519934878519,0.00454933083840842,-0.148330992670136,-0.104736867305395
0.954432541422557,0.690643276588805,0.472785563727853,0.320976781952943
0.407331193321075,0.303472035048939,0.188850988197473,0.130788956071539
0.0987599995104524,0.163919134869604,0.0968120374165038,0.0726576782886851
1.31931326786205,0.907400325215252,0.524873878773936,0.234216410687079
1.10169056313314,0.683797046708925,0.549894867959789,0.330688531879949
1.38970762198547,1.10350594333335,0.70949545759469,0.366750151952276
1.16883830671416,0.77027997244149,0.62453861810176,0.428148494542396
1.71709725536301,0.895711309997572,0.299254160066023,-0.114283810911638
0.534206813740062,0.466754662981391,0.417318181211498,0.503263290669587
0.373085796317792,0.463221815871465,0.363873014149875,0.329729373736824
0.614683982317717,0.528866359481591,0.284952713480899,0.412127007392566
1.59813048097711,1.37077326360489,0.85554573013956,0.402274151932478
1.46458432777265,1.24468035287077,0.922523836368784,0.785425147266273
1.25833567435224,0.792069677370512,0.406109091288873,0.20034048786835
0.603088896420392,0.432723874493316,0.194585538413218,0.212416189082441
0.769764233809602,0.459574474078412,0.186995102607824,-0.0233109148278955
1.23318362082545,0.994034144093877,0.854331240533412,0.701335246174409
0.29052619973194,0.0947646931448428,0.0639055807899904,-0.0427006285428466
1.20044092787939,0.837256558940116,0.423694494089241,0.474195967702071
0.548516612584142,0.283896907541835,-0.0103864242804574,-0.272009488614648
1.15697073669445,0.750684968590828,0.256712648097093,-0.133966422178082
1.08127604038355,0.650209713629069,0.297566041554933,0.0618828825670723
1.34905910739039,1.01590538110473,0.650039607514899,0.48315422763005
0.721428362533723,0.332430449177076,-0.0428177501205451,-0.2903757204933
0.351760670666962,0.772487949984981,0.786719980163812,0.677021589759344
1.13175790898239,0.386105922454768,0.00492923837052925,-0.299073852705943
0.750355708738926,0.538595244888736,0.308034507969274,0.100112755735821
0.859319415259242,0.702878400626145,0.495410403291891,0.384284306211339
1.16554931963627,0.692787418994551,0.329993354231563,0.0529134954006263
0.472711667008018,0.435361540209081,0.344581144860382,0.270016663765474
1.18460333937372,0.934289360489367,0.748200586976901,0.677037858423435
1.28475642708874,1.50342671274908,1.35637505085236,1.10951862800182
1.48166150629374,1.05701402405525,0.715251444141896,0.533398472419344
0.365627256832575,0.150072131398726,-0.049623689245696,-0.206225870901627
1.46843818815394,1.2319056670068,0.926630175611117,0.7559963956285
0.78355165865246,0.464824533709039,0.190616777326672,-0.0174605976773213
1.10947190378198,1.00989771759311,0.61207355175438,0.226005977848637
0.667992164537012,0.554431389404341,0.307155977554774,0.410415743533049
0.540943204928042,0.312821748563678,0.0790002278307709,-0.0711158191879721
0.855277248537199,0.513476314638115,0.239668565537589,0.0325125386560728
0.852037367001255,0.738536634456979,0.586897207590147,0.527054401250428
0.77578066557551,0.709757479120229,0.368738715346553,0.0170763979805033
0.667812727752957,0.499594585293585,0.269951433018215,0.297871780250226
0.673400427123455,0.831043925389148,0.632464010652993,0.386114451080483
0.304789382633976,-0.157804584281869,-0.38839212272587,-0.603560544417264
-0.195311707960805,-0.262510836696521,-0.375255329832202,-0.461032923568804
1.24011754308572,0.897302927369431,0.522310612061386,0.532788711510272
1.00301403256165,0.719384410212771,0.570627924511005,0.400291332752609
1.54648713442936,1.31659010165104,1.10216330983083,0.93530231573022
0.364497451434582,0.676515691943987,0.5663000138168,0.360507558734476
0.821859130756583,0.961411840309666,0.838386023896617,0.647234531537963
0.634619971645517,0.187654207437092,-0.0875804443049396,-0.142515687411188
0.010088082361403,0.157265303464591,0.0167523328643763,-0.17996277619533
1.16671911015663,0.528969223302277,0.0766439890206291,-0.221009487250575
0.574268258487664,0.541066052155441,0.41894885006669,0.481718764288966
0.294404560977876,0.0177233536602188,-0.171603081872098,-0.13562689039879
0.72155133835018,0.720821688022133,0.50969397736382,0.271839143777173
0.53703447559343,0.0576470662593112,-0.269530701601837,-0.377889210322077
0.725641844538713,0.574182739160653,0.17249653500812,-0.20803789388407
0.985509805525584,0.808148546119447,0.621211957325032,0.484136084172834
1.42639575872858,1.27515809216755,0.851416173794558,0.457406665971788
1.54097009897166,1.12520458740984,0.714950622768535,0.493625795477321
1.4989954897928,1.77664176856491,1.82162134187616,1.88772499647859
1.82322719192863,1.53455777657287,1.20980015741895,1.04507586050173
0.503085626954355,0.183144055337556,0.134711982169816,-0.0196846589273831
1.10155531075052,0.839637207888396,0.515791024260493,0.506889505438447
0.544218094894914,0.0240993794502999,-0.344504512237716,-0.55495708467648
1.50786848890372,1.633111211908,1.38633271412521,1.06819085001574
1.05599774905926,0.558243442056737,0.177547048362109,-0.0699462064359571
1.04993302805883,0.689357556728093,0.358666492276614,0.178712507885986
0.566971099968175,0.239446768608019,-0.0246853413137993,-0.193863670322556
1.10538387284204,0.718465599662285,0.445800634727755,0.350752067537239
0.352585752936623,0.150869566337117,0.131344715340222,0.0287314060831223
0.239144608050398,0.0474425858664685,0.0282403070244232,-0.081411067200068
1.18484371220827,0.853287844125066,0.547330878443255,0.320534263935762
-0.150266449017946,-0.0384170635640538,0.172368566511674,0.217907544957362
0.963593574278305,1.05592688005117,0.935175130312632,1.13570611545099
0.370459510175576,0.450017784769642,0.388052892763254,0.369637353723699
0.311868356963573,-0.0633271308672406,-0.245062880204725,-0.433235736454228
1.68161453552534,1.29162268880757,0.845709899270903,0.46063547171601
0.799274164211381,0.692496637377023,0.416694144524597,0.309899399281466
0.64925399961835,0.617493215170797,0.45445993172386,0.559626904090136
2.29362910865051,1.80368430248131,1.33471005255059,1.07145041645019
-0.357210555387121,-0.538970896537242,-0.520188339399563,-0.613749078765738
0.204911174632213,0.0632578683660553,-0.168084329276571,-0.103844280233282
0.576980223088452,0.131759978592568,-0.016655084061606,-0.210384378839939
0.72297910780885,0.494078512202018,0.286615658660596,0.156066285051645
1.45425646016686,1.26372505424444,1.04683713105262,0.879507618545424
1.29163190527813,0.902413872187245,0.519971312654856,0.453354641157595
1.25110232466691,0.903022911460715,0.572116938683349,0.364334898417024
0.770152987254628,0.351399161832902,-0.00901089141512601,-0.185904783882202
1.22166221111017,0.936321760832189,0.58354453947712,0.576811735325119
0.477709612732341,0.0519455267348746,-0.216154872629959,-0.236120448201013
-0.215593007444328,0.110879431757232,0.136297464005427,0.0714470484299318
0.646536065780624,0.483051495797768,0.300015563251263,0.200202610207424
1.58697674543331,1.19798684935325,0.654765185922232,0.201307920332785
0.958381766912406,0.302745341180519,-0.115254105983011,-0.337559589333639
1.22221653842618,1.11692975561555,0.96870105698205,0.870909505499801
1.15754480067068,0.873734884635853,0.670136073589013,0.629805052415573
1.58980686491283,1.09271438065686,0.699727203611886,0.454854294697628
1.01748503927087,0.591533743586144,0.395412414493202,0.159258103716672
0.273086058811064,0.355201830349522,0.273978543174964,0.250505720020642
0.238411745879351,0.0289595330750719,-0.0814011092858897,0.0762581785337922
1.04058764822378,0.282430428809823,-0.0367102655566398,-0.310341845771216
1.37462039962073,1.24389143017235,0.865557542106269,0.504688869228442
1.50130884770725,1.05985146865486,0.517601101521904,0.0824321317620418
0.674558572927296,0.348522393690838,0.225651183531832,0.0512804334141355
0.704260387150737,0.621437240318039,0.56859651681921,0.73021851606654
-0.0880505330225332,0.0375677924479503,0.256744875774743,0.299057162497249
0.793539228500771,0.380959063385413,0.0532480400125156,-0.193978121210885
0.921187352145704,0.714795412335327,0.481781935442946,0.309425688042912
0.746094185793508,0.45271790102529,0.144761029117983,-0.0290660014137628
1.06305301956003,0.799235911103932,0.598425115689364,0.540400213853188
0.0770604297903662,-0.189671638830595,-0.259594400270136,-0.384029384171518
0.925933778426678,0.695884696687898,0.545747137224353,0.622243478890104
0.317515902460962,-0.0548699100710133,-0.153671226371225,-0.319954471590973
0.802763477647925,0.676805493439275,0.397579513353541,0.527977722014566
1.22741575263034,1.00611349357313,0.590786318796991,0.214739796329726
-0.17912743527737,-0.170387549123666,-0.290292869332347,-0.333315586679903
1.20840283426103,0.905351289169628,0.609362669038443,0.431812212467465
2.04261226854207,1.90641848045504,1.64019510076647,1.70585644889708
-0.0827150189856797,-0.338409167414067,-0.419060186953654,-0.546874709471592
0.253545987799533,-0.0163023903542522,-0.0235711506126561,-0.160133302540264
0.489676341587549,0.4351451196883,0.247222170498952,0.378664032804851
1.64938037151894,1.575175243808,1.18290108698194,0.774366310009281
0.457512475280866,0.346059015919833,0.120839767050574,0.212475343176431
-0.417429486026984,-0.544483926433553,-0.6224899340853,-0.556637995166051
0.320025627353146,-0.055625695112801,-0.276893678573332,-0.214040685994698
0.992873279394709,0.752157189326385,0.329308549139208,-0.0420144504203378
0.608934226731899,0.396449030983619,0.157558959933765,0.145378903489002
0.869146909753656,0.472724749207456,0.155304961122311,-0.0655582803350357
1.04789634934196,0.938928473660244,0.441419145198664,-0.0182013377015958
0.5727898997056,0.508581303813219,0.365111408948423,0.255753027603005
0.464122421981987,0.394229351302956,0.184198841914182,0.338085714038745
0.912034385105542,0.62063976015838,0.361016090200492,0.238286904786739
0.5192763526822,0.466373382528788,0.271900122548582,0.189088214250431
1.04930715934573,0.598295481041174,0.367308573140137,0.120324001018058
1.38896125361283,0.943605219259978,0.631707731231563,0.558979043975873
0.449666853163597,0.0304389123442144,-0.255809348174619,-0.431538325224274
-0.129706858294725,-0.229721631717381,-0.416493987278661,-0.344782759386766
1.09501491324129,0.615717330527714,0.311748742454321,0.24770298045295
0.8124594474964,0.772772087434777,0.566022866867747,0.707133794960973
-0.0740488520713426,-0.247851808098151,-0.246276420925431,-0.349265264789423
0.359983357821156,0.209894249090103,0.0661214995037104,-0.0439942282770944
0.94030578448844,0.532480731157616,0.34242114352113,0.1454009138729
1.27751179436707,1.07311561835985,0.907185210761961,0.868461931950776
0.749258231475849,0.843157391369869,0.610597252538981,0.329051734943675
0.0428119550793972,-0.238980934634257,-0.32705139023489,-0.451712126795412
0.598243218109313,0.151143980826278,-0.0414705391153629,-0.256909069382102
1.36531333399177,1.3773112978891,1.07546761805157,0.737879938179981
1.2245109282434,0.814390988793088,0.533320718086399,0.467315366619678
0.889999758572404,0.513917050613193,0.148428050796713,0.093449847439326
1.54773527924698,1.17753753581433,0.914466191954305,0.890416912009463
0.262337712353793,0.156733926785533,0.0253058662916061,-0.074969857679744
1.0585106899433,1.03686587689572,0.838562490354186,0.982414415554297
-0.0138826662427787,-0.180438091714239,-0.278907901343522,-0.142276370928597
1.28669027964614,0.90243936039623,0.382615817794157,-0.0317985444841297
1.02817740466125,0.601844866442592,0.33598051809442,0.394640574684349
1.76973487982206,1.58756799346428,1.21944462733239,0.858472780868188
1.01507618740442,0.748464244187357,0.409293562825898,0.237365966720623
1.02193324194453,1.0383023638348,0.782516513979979,0.496068464397996
0.35172927219345,0.102334685358812,-0.11706096112521,-0.274178277153216
-0.418953080133791,-0.561899344374515,-0.493877016562055,-0.589506789916625
1.27174076902164,1.15813608968076,1.03037067261363,0.933329803315806
0.754998842880259,0.291874550820798,-0.0858008876766084,-0.208601168182372
0.976373973870051,0.776310472399674,0.500631150403531,0.35354164737043
0.774622889441855,1.06736952644565,1.11145817347828,1.17578981449203
1.17929325664887,1.05369052888446,0.798020379700071,0.686350894956357
2.29167666153192,2.13202316312508,1.81770526800699,1.89573583775066
1.75747364839785,0.986856304864564,0.439153531784529,0.148571715284467
1.22235284525013,1.09627365529197,0.747162795293148,0.993656508097029
0.232420059056268,0.0401962129856472,-0.188086748348765,-0.22265204155152
1.0180532882095,0.585292218531991,0.326918241067115,0.329175831466661
0.496835004207211,0.482026268462101,0.308245062463808,0.24208694051343
1.09329861144549,1.08921000293489,0.81491936402461,0.523623914575711
1.19196536698622,1.08260135677458,0.868880074005016,0.756090778203777
1.93428212265537,1.64800079628819,1.25489278660258,1.10310356819205
1.40707947385245,1.13224825752808,0.782384594962944,0.76722546939666
1.40970159980028,0.800623123649319,0.324665375914539,0.00362217640532481
0.235128857618858,-0.130127823356807,-0.298472313882036,-0.458283370056328
1.42779697805254,1.14447289661513,0.66355523756038,0.244719288249918
1.42745754068977,1.1460212978828,0.850803011107775,0.698447005450881
0.0181474644395987,-0.432436582968379,-0.522020149530335,-0.675704357287204
0.343091314503549,0.301728572012783,0.213237121924657,0.176674588482551
1.84393147084122,1.3309868367162,0.868388758522154,0.754065110974341
0.960204508721168,0.712738243305084,0.473339508212084,0.342642173792394
1.35747116321432,1.16801443160011,0.886353015591208,0.908403369001258
1.40443224650036,0.876937473869571,0.468581066008038,0.175883694026934
1.37690066743562,1.19137713191935,0.73485694896368,0.315544383909827
0.592239388988105,0.631338655203557,0.501049453008816,0.455011465834048
0.69958032611492,0.437971679234446,0.24340225366935,0.195326651912761
1.39283056083534,1.0906837898702,0.806047912688818,0.581550494153759
1.0378393959185,0.931097419720113,0.773408544785039,0.694163468324732
2.26205842608372,1.89384283833602,1.56934560107741,1.32381144037059
0.668810196455701,0.660225072916402,0.549120945045174,0.527925516010271
1.99209631361183,1.84004450183076,1.63395227021187,1.52233927972523
0.44686157625187,0.480808820467212,0.229562755370181,-0.0484875260149022
0.631310751369709,0.555078193746283,0.399586971800208,0.44696798365521
0.110883916762052,-0.138784194674189,-0.193445206857209,-0.304663743309355
0.474740845427752,0.492467739241105,0.304061161459013,0.0866537886006314
0.734396387225258,0.449945943642118,0.196105306403673,0.0654612824456408
1.41378533660848,1.11621314623202,0.651156756046386,0.218170813690144
0.0979733163419015,0.131393443708209,0.155499161967616,0.312091315408502
1.03984237153786,0.661371861120564,0.405245504258394,0.346341534531627
0.33592972789988,-0.0874239038062928,-0.302818310413502,-0.173338406677793
1.72596261553192,1.20535670873026,0.793380863311917,0.617795093282972
1.0158358726138,1.04393835951401,0.974152898343986,0.903424561161949
-0.239315072976644,-0.0635033798370147,-0.00489934120616825,0.0229514878344615
0.983827541317787,1.11189150605502,1.02731666111507,1.23948805721367
0.212149041874172,-0.0199777162292114,-0.239633309395566,-0.30448001492534
0.391017343263046,0.0828226815928904,-0.12811671382555,-0.111985472434315
1.12671734562312,0.935371234635652,0.655895731654315,0.658690941130216
0.420315200688789,-0.0768048973424948,-0.237382939167123,-0.419639594245616
0.993073548080561,0.923900134449009,0.719692794914717,0.819274543500609
1.36450613712127,1.15585640112202,0.875581474804915,0.890926580306964
0.574798620561016,0.415811162097881,0.424063752052312,0.325530719525202
0.73321577730297,0.478306195944718,0.199109919336058,0.159022841976817
0.779242612249844,0.90536858856829,0.821159569654148,0.798638588969589
0.7127604443709,0.315733779764935,0.175207600858643,0.0080092757342603
0.451289751836949,0.460609572228771,0.315728571031791,0.447434978873437
1.29436350526818,1.26378823557285,1.15486468806281,1.08316749418203
0.989182366051074,0.82928455881793,0.643881476178274,0.548303320847319
0.942258283800603,0.614525323332614,0.259301979837679,-0.0407794510561395
1.57327883865801,1.27944155904482,0.931454756576421,0.935995794150805
1.27120246822115,0.811621432265273,0.436701674080088,0.235282290877556
0.939974802338013,0.98546154293979,1.01799249792023,1.2760580751883
-0.24089843964195,-0.271309953624737,-0.42549283935865,-0.304591025407422
1.15512637348063,0.885006851093844,0.578819191100805,0.54140824540787
1.35406428387038,0.89445220144999,0.583515301675006,0.511250511004566
0.491226118159953,0.740136850453417,0.608743732510128,0.390869795501821
1.3368414272159,1.06593851933269,0.623305544401664,0.230447475071095
0.974971836594979,0.944051544814166,0.678510010495055,0.391697836180485
0.0605299858960344,0.0265405118979389,-0.0541197332624025,-0.119871774926891
0.37333820896935,0.55608088955068,0.481239014777544,0.472344342554028
1.05715087323926,1.04752962373153,0.883573600457974,0.804871603532767
1.10981769733374,0.939599139745016,0.64301344367033,0.360376161171362
1.00078877247095,0.64383023225157,0.241078551861135,0.317536126748302
1.47707953504303,1.24953636190148,0.945047604198033,0.788262035935763
0.917557490420049,0.453843902013041,0.103586048169337,-0.108756447299425
1.31225930124277,1.16699545212761,0.793196741653857,0.428135972656846
0.117875480729445,0.109176116491594,0.104427252437827,0.301630211385655
0.8516360143393,0.117206148712741,-0.176649375446852,-0.46279092445467
0.369910281822364,0.396977928783304,0.124336501309655,-0.178128045844355
0.417775047920524,0.256865730878797,0.0725448175329423,0.00812499257881577
0.578100534796535,0.6398931456314,0.292208550950122,-0.0627605187075169
0.634306529077946,0.50547363982145,0.327265753911824,0.205571130466952
0.699857939213472,0.484772194323653,0.184069704072634,0.241807900918297
0.0974990310393123,0.280584324334951,0.346423174691498,0.380862211559621
-0.0954985318692073,0.0840803827362194,-0.0310047619344717,-0.20872590919998
0.355062862897434,0.414481167790558,0.42944054811394,0.434828445992103
1.32284390974575,1.12359478669309,0.844758076817318,0.868575292040638
1.90642002175732,1.37641743756751,0.910302370152526,0.622366961420385
2.22927060364511,1.96599715277336,1.61951013026119,1.58122700544145
1.11406517800524,0.766435829574369,0.523619255399884,0.510376690281681
0.605407563116661,0.538046504153579,0.203760841755133,-0.112289732555954
0.51529355562582,0.367565290748441,0.096645648097402,0.217521812163364
1.75260303510778,1.17385900137143,0.826910087392289,0.894977950800427
0.853972583012469,0.807378737214387,0.562637395026787,0.75346305728595
1.15963757172779,0.682291049268096,0.23647943878803,0.106683517398196
1.56306510204033,1.31545362553887,0.981978875279726,1.00628154567627
0.862853608355884,0.624365801479768,0.463961225110092,0.506394641666477
0.64168633964887,0.475702716589733,0.295916264207345,0.167647967155853
1.02641014428269,0.633550189019714,0.510881682658078,0.315126409972653
1.10259340321695,0.906286124083283,0.787457992589925,0.998442624562628
0.880403701231915,0.725084027672672,0.521698479266846,0.433624358498263
1.42929205389142,1.26507826804032,0.871862295019917,0.488904921429005
0.912799375307835,0.71749645839638,0.514961373573955,0.349997439298378
0.985553445514366,0.724479137550489,0.478303142454623,0.299337643464686
-1.10083132540683,-0.909474284886409,-0.691338673945955,-0.622798366836383
0.690189361951572,0.285138139736561,-0.0191887139648907,-0.228301207305313
0.628588644796492,0.19874975109295,-0.125353065558698,-0.334596534463728
1.78935839159854,1.47367399737748,1.13254965510082,0.917725731530345
0.719278846391538,0.473974600577804,0.231137187563987,0.108999693838496
0.734248529234922,0.480770523033098,0.396113676703472,0.248178181139376
0.78486588595496,0.720674947363454,0.436453591216927,0.648263481212201
1.04921190022012,0.880862121294646,0.637151151421578,0.511571680001535
1.85298498667377,1.48180770985997,1.04234199210601,1.0325334720519
1.55388049511755,1.42184644961124,0.988130496818978,0.566147523631285
1.88693084971163,1.9683926850604,1.59146929551849,1.18058197758686
0.162715682632319,0.00193084790016543,-0.140841343781022,-0.246075936026804
1.19602933550431,0.91043279295341,0.594061258109211,0.413208288660042
0.21010072330103,0.311392656502177,0.217509962038154,0.402393235480177
0.743837013191822,0.518050585094238,0.485632724979654,0.351986821198059
0.501613622339981,0.418737183887789,0.300435348293255,0.202083606314379
0.611465262322048,0.418562942912264,0.198056835041784,0.0752734126453309
0.27680149961809,0.116291322652208,-0.10404868222578,-0.198207091588245
0.220772054161061,0.114722018680932,-0.0125162715328525,-0.106655329771165
0.124696877937984,0.028664150554408,-0.0280715116657145,0.173942750846989
-0.0604621766716787,-0.237316777844777,-0.400344235197394,-0.52831326438805
1.63529105909464,1.22113855479826,0.856270013972537,0.637221847431219
0.847746716734728,0.368624501945227,0.177294521896549,-0.0540835611368634
0.365407486137377,0.572164860797829,0.452564477673471,0.264541939977536
0.625004225050415,0.316440220018103,0.047317121176301,-0.139949727151168
0.227638320303308,-0.0156638141158951,-0.245087216529818,-0.337840537195704
0.351196806804831,0.268901040283774,0.143849980669943,0.072797525622705
0.255905864192232,0.377812215290448,0.307102509963832,0.184085682564676
0.41625027103278,0.36964483485483,0.16459521769709,-0.0592069384797934
0.774208449006668,0.403572018615701,0.109613420964533,-0.106520574020437
1.68404663362509,1.35454676226908,0.861055123581528,0.414585956619846
0.34193277021018,-0.243667072367529,-0.540852586701093,-0.755421368374759
1.58279136143182,1.42562490207359,1.04501816020082,0.653749611459026
0.802223144425238,0.13406424195669,-0.289789381920224,-0.449262373450785
0.939021633895079,0.81038517183674,0.480237942314813,0.712159805933214
-0.0918722724993001,-0.247257349066559,-0.223751978655287,-0.317934594073962
0.676288408321637,0.634821277831543,0.46567680480062,0.558784161544627
-0.0363820189023139,0.126565782906327,0.185795631312521,0.218693661106079
1.96895801428747,1.67920830828579,1.25732805290527,0.858321711033151
0.875871038698176,0.808411256321935,0.618671105345896,0.522371628341242
1.46483520382977,1.26560943832083,1.03233706543032,0.921279867096836
1.06983402223285,0.895435004918366,0.757894193808444,0.772750515293639
0.685436672991145,0.515037636433545,0.225899869097505,0.345362879694396
0.64453526770411,0.424039297412802,0.287325708610866,0.403106536939108
0.384685330537437,0.329830267245751,0.136542969611836,0.256029768932936
1.52050834367451,1.43461795288219,1.22174424080866,1.29852406815784
0.30187154036957,0.506811746021765,0.636948773443758,0.950365240173473
0.282973048379593,0.0536344467205638,-0.0285787555330246,-0.172754001696077
1.35947649640622,1.17716955770579,0.863670241751908,0.56295282546775
2.38766046003552,2.18159221119713,1.89520376173636,1.70232841745986
1.05607911821843,0.404143582120026,-0.0624201875013266,-0.349131341197174
0.213104787021775,-0.206503717033747,-0.367608209152821,-0.55500654225377
0.623050146654668,0.522149819851453,0.462797742030356,0.693915988056451
0.18624184045234,0.175425643459441,-0.0326395633828451,0.146845936923051
0.407463504417225,0.095237012687897,-0.258124827628192,-0.524575780014736
0.232834750861357,0.441855033595315,0.415369830572982,0.430171330677467
0.650858823194651,0.625151403353486,0.439272151640422,0.361810300257416
1.04408023734767,0.374421118611141,-0.0247272920497505,-0.350242927556321
0.604924778645137,0.358990272896484,0.095196396811787,-0.0326870233155652
0.920187630429462,0.443245020136719,0.179812433805095,-0.0713002603472014
-0.261952807858959,-0.452193268296846,-0.451049699990755,-0.550024044948019
0.274889365058626,-0.0901445382375574,-0.298510348106956,-0.497093993838451
0.274718749937462,0.0429515267434523,-0.0901412089735369,0.032502514548659
1.61764461770368,1.40887749583947,1.18844661980326,1.02128949252916
1.18602515591967,0.801247494259602,0.369629625149958,0.443647582457342
0.0881727496816416,0.014215340178691,0.059022977022005,0.00543188643136289
0.174803069948857,0.236981960143595,0.11039423136761,0.0725249803135527
0.945690118346159,0.879315434940731,0.454344911781549,0.0546530998726752
0.481926077220057,0.558174307570737,0.429602225503481,0.254724521237204
1.38936420212039,1.19106640458493,0.86724025985527,0.957945950212273
1.39970675388486,1.18722174696328,0.972702559435721,0.815094710433509
0.628792372631051,0.299108791376341,0.0192403487514248,-0.163569260819295
-0.169261635238542,-0.596923591105563,-0.817098227822894,-1.02008217296226
1.02470271573502,0.311296216080063,0.00140696104642646,-0.296577000820589
0.644692525757141,0.561811557447422,0.406998963592296,0.313348508131407
1.00572607313295,0.791193169892006,0.558867677171062,0.469541577672011
1.18767235670405,1.1605437989817,0.88348204902432,0.581909751166728
0.324632675348657,0.228135681843656,0.157118902011619,0.246131254637935
0.756173630276612,0.583402633919875,0.412048757157359,0.287771804549478
2.04899480957979,1.99933138737428,1.60582106647712,1.17018817604092
0.245991354507776,0.0639797773654123,-0.114113003927576,-0.221289875034079
1.48943938341016,1.21516296899493,0.861230718486203,0.905969242978191
0.474345362917672,0.216156057438703,-0.020270904169133,-0.0970487043545424
1.90687089316066,1.67688662473716,1.3853561015634,1.20687018962818
1.11898542464603,0.997134172251804,0.686494885333941,0.899248160233031
1.26357134866808,0.979283230761639,0.659922597817974,0.469318865864936
1.73407365573515,1.57719882152379,1.0696225980523,0.574568173889266
2.10438393660989,2.26271684844426,2.08703947133794,1.82220512016108
0.359982092894236,0.156938389998191,0.179812946371186,0.0610689706573108
0.256435819522278,-0.0230789831591852,-0.204993904484457,-0.170549449694159
1.24597127029449,0.869412826406679,0.623331669862597,0.628274084198661
2.27350006613288,1.90749716679112,1.58125715881129,1.3259201387027
0.945533886617654,0.866866160885301,0.635178619573822,0.533388205191169
-0.169255669401172,0.255046223330656,0.342457328740179,0.312855328743047
0.191776503235175,0.387989341729082,0.257901698891872,0.560328269095935
0.574639944556139,0.530293896191625,0.395691347236366,0.314728413005601
-0.262037395705131,-0.363187322188095,-0.464292534344344,-0.546142277999842
1.63300046386686,1.49497474876528,1.27239292152878,1.14901674643776
1.68161563953005,1.28894483837765,0.834968791332916,0.876425937636537
1.30631073041576,0.730297061041067,0.296225178800901,-0.000592741208713665
2.19839175347477,1.82488223301185,1.26704252917069,0.776399505751098
0.748355982215745,0.473932916483858,0.198907360404113,0.0937383857876987
1.27266315312226,1.13238435732343,0.883017044422349,0.765123165584092
0.629723619515585,0.327240049127872,0.147113277737911,0.222141766399532
-0.0404814852476169,-0.324219688367572,-0.443913869811514,-0.590400112425328
0.484806898663737,0.298855456219877,0.0646253568479697,-0.0424185935871905
1.77892188296803,1.00157767436767,0.431061006790652,0.202036502418604
1.09555430264431,1.02803075101799,0.830687520341138,0.922265004295019
1.25233912186045,1.02406023743622,0.736043718089804,0.588108442107085
0.403891527216747,0.254044941447658,0.156901416283275,0.261931775923831
1.82433437595473,1.51247350632062,1.145803834274,0.922413699333069
1.03402699252462,0.807416734361165,0.542047886782759,0.505881111560189
-0.160237958043279,0.00471015895734789,-0.00882286525490902,0.173735500217549
1.28016452571492,0.88462671465367,0.633465982927544,0.669094220318829
1.43054082403036,1.16981188834155,0.620047407187874,0.133024770898469
0.541729856178504,0.557758404530011,0.231747956387393,-0.116707126075117
1.10150590484977,0.729076447614693,0.366381755882659,0.195972800096815
-0.067617895745865,-0.388753861595978,-0.501147641449736,-0.637234680779403
1.01258791293462,0.841781129063172,0.650056386601923,0.489096337462992
1.06125100003046,0.559410797875907,0.16042885794022,-0.0442265783722589
1.55502295884901,1.06799810270062,0.672749603096955,0.420039057626375
1.50604221280153,1.51746890601307,1.3239124092136,1.09752683198758
0.645213040722898,0.458499723683967,0.240746607858144,0.139357528939946
0.849417934361068,1.12381170373932,0.888931732846312,0.572032581902372
0.958981991530083,0.797120406663376,0.488775910492392,0.184935437334165
0.849842040339557,0.610895299425617,0.200363963226048,-0.170560220649968
0.417441544649671,0.00394876363795033,-0.307318934400191,-0.460055951433333
0.599254618006971,-0.124600102363676,-0.39675002323861,-0.629850707054952
1.23504332995143,1.12764115128085,0.834013755688292,0.700347773935615
1.25977316323788,0.901088348869191,0.495765815992515,0.559217876601831
1.35143525845093,0.911145201240818,0.634872519234667,0.376182822433891
0.871076836857722,0.74949781833453,0.537706300633008,0.413684142960784
0.713004020021441,0.403357915793265,0.220783702053386,0.34613787597184
0.881231847327756,0.397318131103966,0.0172521168954642,-0.18117495112919
0.259474936492502,0.0875467512942329,-0.00202264623991244,0.214063924917197
1.19512078566229,1.05609895931109,0.828891088845221,0.697844390835058
1.20422583616553,0.863235460152243,0.534561555192475,0.497617182242696
1.226549322824,0.991008647758687,0.581883513879809,0.203155361855195
1.07478857663857,0.930050907045625,0.8143010149951,0.786636970141424
0.484933521224552,0.210898313798053,0.035375739771401,0.102200459995865
1.26093451363974,1.23708719436677,0.920441762756205,0.590450501507899
0.440716242966189,0.396784959917165,0.282263821975895,0.241995102794632
0.375022276778239,0.0814697863507381,-0.0904778387280053,-0.0351703551541786
0.433959807736451,0.346908729760571,0.286988806809888,0.408268020924217
0.608083257227934,0.398237578081868,0.242913912933048,0.239824815402895
1.36580282792413,0.6619787495327,0.143885917304332,-0.181502209772351
2.29767193843023,1.6254976723263,1.08732900347616,0.742707380248259
2.18271335232438,1.30443936739731,0.679981148600552,0.362198539893419
1.37403274471885,0.786993842040231,0.409642370960224,0.292556717421674
0.998574607183217,1.0237505796817,0.930284312870538,1.03342208105808
0.732201653286563,0.698755755754268,0.608865660653257,0.532665533516338
0.953305453646366,0.974225170796383,0.820585309003358,0.631200427505414
0.85924789888888,0.741149824069679,0.532100983599726,0.417634867721434
0.691050185545111,0.221133768904708,-0.208703424200126,-0.257479148989038
0.9798703706997,0.858077471104301,0.615935549146744,0.688813964956395
0.707430828653088,0.527751139341991,0.411376060383534,0.501910562132976
0.98055636326746,0.910764329543277,0.805614310343887,0.715647520756409
-0.123302944123038,-0.0406914799677862,-0.160066228505848,-0.317616768633692
1.90793555226691,1.77977379514373,1.3856862177256,0.984169591958118
0.341237261340738,-0.138585435155175,-0.305782389731545,-0.502903823627269
0.793214642922703,0.558288664470817,0.327010024391475,0.239346311095504
0.458719345186456,0.179334470390211,0.0549044661060923,-0.0924797150075765
1.22429146078812,0.817045502372208,0.468864602537079,0.259625948471057
0.912747027358022,0.616396622536281,0.321931680003628,0.190081507900474
0.881613479695816,0.65696602600719,0.4431840574502,0.315629425305945
0.818703739652712,0.528996959397701,0.266527286738458,0.0766756927375255
2.00773600662664,1.754080387755,1.47311349836771,1.26363821763443
0.329030468675227,0.0816608777640748,-0.255130787001708,-0.0557283954708958
1.47103083045804,1.27492787673662,1.02950396072656,0.87714331921405
1.15627039741521,0.771837096706131,0.450129494046012,0.216542120199253
1.03865124020211,0.789946314624767,0.553612736055678,0.403163583216767
1.7988061963864,1.38572393093239,0.996255629037668,0.768487252922643
0.938305757763607,0.548855878107336,0.314916384921323,0.365308720638131
0.988569681004217,0.760733035441374,0.536386955896103,0.4095068427526
0.847534634818073,0.585439839538024,0.341985496923906,0.173793815628509
1.905488331038,1.59925175122129,1.25779499966031,1.19970319634827
1.41974194919374,0.891934275472527,0.521848776273019,0.386203552427313
1.79250762077014,1.67168940529672,1.47185208753404,1.37711454987598
0.288467525450892,0.387602004868445,0.330790495217132,0.49061511210847
1.425916076819,1.21284913309445,0.909319055747118,0.951853139698261
2.02038076128174,1.6991449732059,1.37962465332559,1.20010785836785
0.543065286768678,0.721223160711358,0.669519994847801,0.90585003818904
0.712325670866798,0.395851806480096,0.146538670375697,-0.0228379681785069
0.677222359270354,0.242322332708248,-0.0379368677462127,-0.117990657148903
1.8755426558595,1.34517613858659,0.925619321158844,0.618005307589946
0.692467778137657,0.564136063782387,0.369758854526701,0.305774890762709
0.533346086000432,0.68484878411569,0.592109799172873,0.440587344991736
0.781682965753662,0.494725180237323,0.215866569372008,0.0560895022510778
0.35863111973763,-0.0131195843284833,-0.146539746764644,-0.31286525545859
-0.103011010009639,0.123383293365156,0.0980800704467867,0.114227938305032
1.82729549348368,1.60512308148803,1.27550727359629,1.09139416784015
0.767272113939972,0.738805769955522,0.60610478452639,0.539794369226351
0.776153326440119,0.545645787514712,0.278879950365368,0.276305199406912
1.17151662025934,0.800713278248403,0.482497496604469,0.318489933438802
0.706512436145165,0.478244630863896,0.334291003284586,0.454978745210762
0.259487584782478,0.345686615435189,0.25375666597694,0.226750540609327
0.640208053572623,0.429289782857035,0.151371775314458,0.00505404417086619
0.948442299388265,0.940548478235318,0.682480255608856,0.403162995249868
1.31202217452706,0.857911748257417,0.693815742528979,0.477715823893727
0.948056656506944,0.928564712466283,1.01781773907557,0.994894440992679
1.4869076654962,1.28471549254509,1.00629185407026,0.853467426390014
1.53340806953884,1.3801700445595,0.908237485664297,0.458579237599699
1.32035542666946,0.787497412978649,0.375561740284054,0.0958578263921532
1.41500251321969,1.30817125082983,1.07213233492719,1.14187527534948
1.25906107271789,1.29723559539453,1.23906444117466,1.23790723857172
-0.191124988940534,-0.0647506194528547,0.0222006325792847,0.206221649267753
1.15610729667583,1.12468609618013,1.03530852788638,1.0005687994479
1.32367831218557,0.910044471350928,0.472424466643814,0.454782544122252
1.0434471369057,0.747237492891802,0.473236424335983,0.269974803774012
0.5946572332485,0.25864520888124,-0.0158749847512854,-0.213492500954082
0.284965328632135,0.0911496486900328,-0.0227232730600528,0.0855599224186596
0.183019568208147,0.466056135090428,0.509844120704164,0.566226632727672
0.0823828125774662,-0.261562108638166,-0.340555658956226,-0.505764640619063
1.3686625126217,0.96378407676997,0.540240223511111,0.625154687517299
0.617691715548153,0.408562544678527,0.403411714264651,0.295106761944674
0.811787027248873,0.54164059387809,0.112481991672541,-0.251752645958011
1.31010481990837,1.16743127568243,0.991497687889505,0.857539141446841
0.0959673265300192,-0.115140545863063,-0.29901547655301,-0.419740682155474
0.223447353420553,-0.147833874107955,-0.270615290587897,-0.437486439662461
1.46092509012088,1.30794922448212,0.977836803890829,0.840476751734769
1.33194632440127,0.92153891736239,0.591601352051938,0.351814943042982
0.346183848428714,0.343694817299547,0.188836443019265,0.126009708297396
0.0448274783162836,-0.163938018171236,-0.37719148472392,-0.495001237046464
0.508657112386999,0.381382434266221,0.155707603414499,0.0723598678221106
1.51786466819295,1.1229565679842,0.783008732621572,0.55587611278058
0.138683114110239,-0.238724150240572,-0.512052816141216,-0.69544625339818
0.163953868135138,0.0605888810172143,0.121474883384592,0.0502951391160244
1.12019699194047,0.8082470900102,0.436311311635847,0.429846771593529
0.816637248540545,0.625108173525881,0.503371850080196,0.618165091288784
1.08076500461503,0.838676946306254,0.652263669070955,0.572768426677327
0.931895610858011,0.823448218859258,0.672258467827087,0.556851548446505
0.227502661456597,-0.0713131331291998,-0.229003821729677,-0.14451732982794
1.10161104301804,0.890992318424354,0.669051265360616,0.558299436944638
0.871837886303887,0.529086558786607,0.410750562271257,0.221971627518357
0.645636751772891,0.165169153393472,-0.183817109584899,-0.404933671775608
1.59504503466927,1.38522310520346,1.15082474883067,0.995821736864071
1.34308937987421,1.08835593853421,0.630723040564231,0.211745559932786
0.710157004915393,0.507732885385543,0.306066843808245,0.190144795961711
0.406111448156859,0.324194671713684,0.172471718481461,0.0869622235114366
0.498181386021208,0.748965717105057,0.555748738719806,0.293874250698706
1.04841428124707,0.635037130903691,0.299261610948577,0.0700445677727748
0.168901300103606,-0.0399028530600871,-0.169940725143495,-0.0801889675099594
0.256098676763075,0.305623164028206,0.226043178263856,0.158155032411836
0.65068890281689,0.612554817289274,0.650815802298921,0.62197416948893
1.73113042787515,1.13817595492346,0.674912423085235,0.488260675872221
1.10491986201964,0.961100985685369,0.577686772075564,0.202213345813845
0.935516845635676,0.686854297067543,0.439973849215196,0.252035828682737
0.743683018111698,0.588072880911575,0.410310662268952,0.276006699841075
-0.0989844630196976,-0.349222223676365,-0.394997289234773,-0.512327168047781
1.65590993780304,1.24709580941035,0.869499161296674,0.695612803981686
0.38502630240367,0.157668063732681,-0.0335329834652372,-0.174623232451928
0.83111319929042,0.371403155912643,0.0791535003566982,0.0461018953790042
0.279544895082058,0.378643205471112,0.251001947643024,0.0839363900501018
1.44906783163653,1.24700958627057,1.02459137826863,0.889923407142136
1.14367781057334,0.955669368613626,0.741185562427113,0.625281222854582
0.176664362951692,0.246875201617985,0.117055000230909,0.302311123396686
0.580917021993495,0.496069231511835,0.434686476907329,0.535759635821359
1.22910841026276,1.08754122061875,0.8874367502766,0.811102886063812
0.623708179085333,0.367092491175861,0.18758155868967,0.166979813451011
0.0911632927141054,-0.152883989218425,-0.265591792128555,-0.0442391294288146
0.743735964083811,0.280100534186997,0.0824828171585877,-0.134922600538685
1.33039064690888,1.07980356388692,0.590592721729411,0.176872076087769
0.507717829254511,0.204237334023351,-0.102043976422002,-0.0570236952624544
1.54592178232459,1.29221480765337,1.0350135026834,0.884907743651209
0.554272497259894,0.313149195539649,0.200508775234936,0.0664214046951067
0.388406165647386,-0.0665300030558526,-0.412145665065724,-0.653294245770148
0.931559570189197,0.961454522690855,0.769983406863096,0.545374189422305
0.197216684977236,0.292946629342635,0.206313773500267,0.377069764437735
0.818039511916069,0.738134218776596,0.39861952801955,0.0682086891902303
0.983737502139916,0.873189912010474,0.69575241520038,0.516289544201791
1.24467931162646,0.46003606332086,0.0603669111544932,0.0086403712005324
0.607209853630508,0.293189788101103,0.0907349721758966,0.103811473789917
-0.706815576657251,-0.499096841995618,-0.405236797691812,-0.321185365151058
0.397632266426738,-0.0963669683021334,-0.28445775359525,-0.47453808414658
1.10072698415718,0.758219206852616,0.345777949986633,0.505225988448633
1.46261264748911,0.961918953968583,0.528348281866559,0.315548606272401
0.612977745292677,0.205041870314811,-0.144011675822225,-0.269237280523081
1.31725821519286,0.853872851794347,0.662526181481963,0.431799692223997
1.4325181080073,0.985839325430864,0.631306462240481,0.394443609283703
1.42544212393905,0.905416445151455,0.472569132286053,0.223762069767206
0.267270409312075,-0.0493743286101211,-0.301580085329055,-0.478555511582228
1.2000914363662,0.872945630439461,0.390494512785495,-0.0407688304518617
0.706056930086339,0.359506719332024,0.202932296264351,0.0111646909931941
1.1860506873846,0.788699097886945,0.572194444785638,0.333861854083533
1.46929361491532,1.19660054466947,0.908623297172771,0.730544215575173
0.923877720278203,0.586254402818505,0.352419775817203,0.352335174031482
1.46313231715237,1.16955149494025,0.78193620287444,0.869111959462933
1.06300245838279,0.641877830549386,0.435900364100604,0.218396828682268
1.10542229058675,0.903645252529692,0.683229955321396,0.565509149268816
1.45273846668843,1.13658901665997,0.818368830900596,0.627031172402823
0.550271078728711,0.285611031851411,0.0611312162679287,-0.098381009590346
1.77386480384221,1.20234129018341,0.577110157511138,0.094043016533361
-0.321723640873687,-0.472944345922709,-0.462069899114187,-0.54114233186427
0.317136389945401,0.133526682875197,-0.0298781335261797,-0.151138914058323
0.29838197863923,0.116449390310496,-0.0776685562593765,-0.157329347213065
0.551607115254574,0.592409061414672,0.5154620300959,0.513924884834954
0.695713202220462,0.485710869252929,0.184026136638791,0.252427437750381
1.13318369431947,0.703451088984249,0.342312869047348,0.0595897554777483
0.544616893947007,0.625692243417614,0.536633661620921,0.508790072500801
0.534092275335937,0.477275629493057,0.438467731350232,0.557279095652795
0.323965088663524,0.20755941992056,0.282788555958806,0.199865555665166
0.852869823792172,0.814064336465399,0.655035161790703,0.580941940245774
1.33733403737986,1.18973719867945,0.948567192193072,0.811368276796981
-0.751821764161239,-0.36732090743828,-0.369709775531553,-0.473072786632627
0.717855347077937,0.853159977802478,0.851022359312869,0.896096728230662
1.08359703229374,0.527779162040156,0.130651831730909,-0.11521806735424
-0.156718124978334,0.151634035361455,0.0486520443305472,-0.135085244323915
1.65195076104941,1.54492002650667,1.24994652889995,1.40551574876958
0.683082323062448,0.370229172639423,0.300971081106288,0.134584604643472
1.15976295163504,1.29128517485448,1.03641268580209,0.720181653755559
0.353808358094011,0.527679925936655,0.444916527364043,0.432689511388639
2.07334790870098,1.63286397779256,1.25347572881242,0.971971370633149
1.52232449437284,0.982418057501573,0.567611075571276,0.399119458600499
0.994997079057545,0.819234590653951,0.581198688433256,0.436441969316342
1.67441272443746,1.45616298579262,1.10532945148694,1.19408515936165
0.920947551415804,0.774612774090522,0.546192659703178,0.423955007533713
1.83534485534512,1.2588693985382,0.735270133223807,0.571635029979203
1.13868477713119,0.997793927894237,0.76357175464057,0.631697894100768
0.97904160072064,0.840672771537029,0.732836263788283,0.761060690901392
1.84516859350628,1.69920872309507,1.31701974944441,0.944766240364994
0.142458781759543,-0.0471883058077027,-0.257367199175819,-0.364526423812471
0.369891999651041,0.147560045093859,-0.0769269099801591,-0.159285317535025
0.831796939446585,0.609501838346546,0.3532946246577,0.194097003126902
1.4586609674068,1.11984001375839,0.796984427571535,0.61892113886999
0.599552793178049,0.476276739665802,0.200242179859711,0.331196060167728
1.11939832232374,0.925618279414604,0.687118432239485,0.467680452280188
1.37040533551581,1.27784660796716,0.892392482291888,0.4952127814403
1.16588733081958,1.05343441670182,0.67328287364878,0.286392963741099
1.25703968757701,0.953234123122657,0.616190799497026,0.416206327136838
1.41623425228565,1.20907913705867,1.00480085554446,0.853650192782364
2.90762163876017,2.68520866783236,2.24679233182762,1.7868285673994
1.28967010290415,1.12853071627818,0.91791566462322,0.887286397563959
1.34924892377952,1.14807615060851,0.862099223171433,0.719162177691946
0.92511030451952,0.481290178570956,0.138846280044796,-0.0900427776446245
0.57967595257268,0.655495675806785,0.501723109488673,0.304899131452395
0.0745054640531104,0.0389172048316001,-0.0431443247813973,-0.10802784794086
1.52725173850744,1.12374574083353,0.79498600736015,0.576318574710663
0.967861365201098,0.820963235387487,0.731470813452561,0.628090603682383
0.559307363535542,0.263968338607277,-0.0358342733773004,-0.142508866815655
0.664597476758001,0.424004948629417,0.266202767389136,0.290744774004723
0.797640627098795,0.539975115267241,0.371605759804902,0.48520189008867
0.659962487158568,0.53366171875271,0.380312515831031,0.2604310969752
2.40283632511184,1.89323008287122,1.45246169153355,1.16623017440005
-0.199774925599079,-0.536234146288685,-0.634514961146416,-0.760172176897925
0.828914885535485,0.927185554571313,0.841112563931816,0.810636880236523
1.56491200629293,1.03977640902584,0.625367360043498,0.324834544681329
0.547705915719945,0.254594800997871,-0.0220228036046984,-0.197513169794087
0.127983669835429,-0.0422168848427833,-0.385521826232219,-0.672425483352369
1.42181613314544,1.06967181401632,0.641745358764077,0.781445225276627
0.349686671847715,0.181426055063763,-0.00713295102117467,-0.143327634758374
2.44209030454592,1.88477265119938,1.3552632456448,1.25352668948337
0.488167564982121,0.281007668525888,0.150245444822332,0.251233747237041
1.09412245871456,1.05692776979864,1.02891641959971,1.11178903779197
0.804077702178933,0.330717515538183,-0.0244931611296684,-0.215561962354877
0.358320800765105,-0.0675005638960939,-0.333579355889923,-0.406074863414683
0.751924107168377,0.797254555648002,0.705117684784773,0.663527671840258
0.729404369868581,0.393923807936702,0.261482208843774,0.079148316045191
0.41220797745809,0.437231238993125,0.215874400127026,-0.0246140278976943
1.96704857148875,1.36757660963308,0.896487625288398,0.593140079729241
0.11677871216799,-0.150040956903867,-0.379779871302135,-0.528626773105472
1.06317247854127,0.580422835744166,0.212749160716311,-0.0170019787786054
0.179341314023253,-0.0240081081706896,-0.068326069409548,-0.186922353965491
1.17214946438203,0.79606716896036,0.456180509568804,0.237486569646005
1.37437644927175,1.07068706874777,0.786857727306955,0.552545669712873
0.835353402096988,0.654162426450634,0.241288425805471,-0.1301658290958
0.767044450743189,0.620834456929369,0.371813673543563,0.262090247041158
0.791309188836859,0.194319549839008,-0.248915770134854,-0.462229935589859
0.857013370389352,0.667635671977489,0.534505033020832,0.600738544127969
1.46292898307878,0.962826695839235,0.548081084311556,0.375400094285735
1.60187830107716,0.985263867086587,0.485580410496829,0.198737356415971
0.724391293850337,0.544199043205309,0.437235087894365,0.527842816075135
0.688948994485918,0.297013416529016,0.163051413760821,-0.0198834992557209
1.01718311563022,1.21891027382082,1.20342198556267,1.223794703453
2.09781686690575,1.91601331574006,1.63510975460011,1.45421420273783
1.07963927644643,0.365726856419637,-0.103687968269199,-0.379171499903628
0.546331027453061,-0.0307660425155059,-0.420129167672068,-0.631643267800026
1.74283705576314,1.33230798919942,0.924290424398462,0.799867386769285
0.643942143457991,0.25719811193104,0.089085873201917,-0.101526249314287
2.09671307522185,2.04508641244116,1.8069362494748,1.93868163749777
0.071522333545686,0.0280243931638171,-0.145919201221136,-0.0304801983097818
0.104772287244271,0.0412329990250114,-0.109110029086823,-0.138786281383051
0.709540250981581,0.557460326099517,0.309572577165154,0.396620052099792
0.558875704980355,0.442202687530695,0.214738358744303,0.112761979425774
1.13825609757754,0.776770056211638,0.471739965563315,0.247952048268478
0.954927472922024,0.474030353254292,0.242818905608807,0.0210275130445095
-1.22101283538342,-1.05757395837809,-0.952019889355971,-0.758851988060889
0.79798563606087,0.42567706913215,0.31464695796392,0.126028167310864
0.466870490320523,0.0546273045181199,-0.0686095857533995,-0.23567876314015
0.736449940264378,0.435874265066968,0.152387388990564,0.0619413605397109
0.541618845438458,0.183088320075314,-0.108027169292324,-0.304358130181604
0.876452313531037,0.482680279668387,0.260692884444792,0.0300155926944927
0.983656475901547,1.06046951565632,0.776063231729974,0.455173860006957
1.76748694593698,1.20145397518633,0.739380117946942,0.509777274556741
0.484206144900994,0.0514235475920423,-0.0941130772962477,-0.281261181852105
0.0852901596302429,-0.102616143337825,-0.385843282901603,-0.239942440016312
0.688097530747293,0.371087401638507,0.0818991232774527,-0.121546853873111
1.05959866159363,0.710563744159947,0.401011985543318,0.250754528595727
0.61326230885419,0.074944740347522,-0.330145604927307,-0.592767282160652
0.195772712951698,0.0224493365585202,-0.0821354967990844,0.0914312114617581
-0.108063337098609,-0.168674191283213,-0.25840219948816,-0.330026371221376
0.129955987383152,-0.116197681996987,-0.242644673240746,-0.169261861385673
0.519256781465752,0.11547246381967,-0.135810823129964,-0.128525278035999
0.502237792733809,0.313310606692238,0.180616028902875,0.229732742619255
1.06157425704775,1.07585478774412,0.808308799359019,0.507882564907191
0.902749388245002,0.620887263334239,0.237344118917295,-0.0912829066228505
0.166371196235539,0.390822989475753,0.425387902663923,0.470326507935877
0.639473469883754,0.557155764910315,0.360800952173176,0.449976979238946
0.279600939274736,-0.161283844491361,-0.381841179281135,-0.602730922612161
1.49366284507648,1.32490279584205,1.1200061094208,1.01075997345989
0.903824969201577,0.864931152362887,0.617960912667991,0.354295226918187
1.25480626180658,0.928524107625001,0.607152557206427,0.439337418432877
0.661375089457425,0.568134347598019,0.435292677139295,0.329447221795933
0.559139158912973,0.279040224358508,0.0309779513116134,-0.0422831240632512
0.590301558081347,0.918500745223097,0.847752498094516,0.669510406699488
0.44297238307546,0.428476639157948,0.418279774612826,0.517051894000642
1.24067432766341,1.3046708882407,1.20350629441932,1.16111451136357
0.736433747524417,0.813196302475151,0.548335604292854,0.244288029261407
1.02684163459689,0.505289947828477,0.190138448750544,0.110472320926049
0.446377465251823,0.506041043685929,0.372086268812398,0.207461658364608
0.985222825543333,1.04501286837641,0.906629211939042,0.848174097148036
1.14769920033382,0.902594873225078,0.640881600452435,0.480378300623388
0.842507503806101,0.632084041712858,0.385230908073413,0.202563161017234
1.02830889686167,0.493620995320371,0.184954818182304,-0.0978517401646726
1.71319605945674,1.23181641745645,0.862923931883119,0.611903826610209
1.24441283448525,1.31085597398077,1.27928300890525,1.29572648270088
0.440455012438365,0.165050335170368,0.0550688775288576,-0.0907579114323143
0.536892085352619,0.773922739687441,0.746714631557158,0.763633959338071
0.523895295850284,0.156408544471503,0.0542365385915561,-0.125855348218094
0.603537645070001,0.394982520730932,0.265802772173713,0.405332955226195
0.744783444902288,0.679946823575272,0.636854427500303,0.778996466577208
0.872809286770767,0.636717050002104,0.280499613278454,0.42576472237938
0.395245749706159,0.28487755766791,0.0935049881515934,-0.0125874227475972
1.39745475991737,0.993819044714426,0.57715739956225,0.600861329255445
0.50383449543042,0.342423187132022,0.169567794073642,0.0389020332894151
1.22353599830506,1.25501330927628,0.973953663498253,0.669323022151588
0.781969754693031,0.585788920067207,0.342228754723683,0.213789903646941
1.16571301187092,0.789324792153506,0.377066173441623,0.392754550513484
0.11777154793609,-0.0370953400926847,-0.128759757125836,0.0014919433100079
1.80899159232133,1.58993116916558,1.28519961095472,1.12671514831561
0.285360188299851,-0.0614734156263979,-0.120979774201849,-0.24931298191676
0.672459412407461,0.576020370524581,0.512455642983412,0.70428684171098
1.1181738052529,1.09070051100648,0.675804812150923,0.264015230680494
0.60519246480931,0.450573905751988,0.305949834752616,0.219068717757948
0.330387371321718,0.00731829851807363,-0.16207905829331,-0.343134838040099
0.888809027883615,0.489006698871977,0.152866687920771,-0.079440615750037
0.805771912093729,0.654405381719187,0.475244456652059,0.326524447606463
-0.978527714075613,-0.840734409709626,-0.784517411543743,-0.753714222533211
1.21480980405742,1.30995547546843,1.20529262300625,1.16428117258854
-0.0890449254529497,-0.262512931409619,-0.428054702899826,-0.53238995480803
0.909715127522723,0.671351325585399,0.278114491948737,-0.0833814174453141
0.953633034309139,0.620718949778538,0.418213239908263,0.487010814009083
1.51181997629491,1.18769339361212,0.875699784043037,0.742260751596566
-0.309585516478384,-0.444008620964713,-0.532900430870179,-0.499304305503386
1.25302247701365,1.29410268667174,1.07152883026585,0.809555017642435
1.42249421269174,1.08711460175606,0.742667868897934,0.595505242413656
1.18171083649411,0.698023816725822,0.308517540425474,0.0204570699722381
0.286678574936619,0.287777090064533,0.155524882929091,0.262015121100921
1.49923006962799,1.2540788456261,0.884480087180276,1.00168024509477
1.65133784832568,0.907833874879597,0.385780339765325,0.0326338823861304
1.10565004603755,0.743352479547221,0.190729123030342,-0.236334195279788
1.02624001371323,0.753584387026517,0.572541435783889,0.625297853618304
1.19817855679177,0.949720003647837,0.724928343695994,0.564583804161361
0.845325861553694,0.715859622677835,0.46274391012658,0.335292639869366
1.18341633326295,0.634741653985678,0.212474417463914,0.00377600769806991
0.573674190079661,0.492047966124827,0.306724852629145,0.219263190122562
0.781246041149397,0.837462707110274,0.752261382337363,0.714509644213777
0.936714866594888,0.710455366208042,0.554497643922693,0.629637082705229
0.724402363054863,0.348774754764809,0.206204042594552,0.02823107925767
0.258834263507728,0.32394093297984,0.0772883266327117,-0.210366713744442
1.11220601639834,1.01335181331416,0.947696813109429,1.07497245231291
0.281771792188036,-0.209723777804174,-0.333121481675523,-0.531921443855143
1.28386427130635,0.654418498606575,0.15332636600658,-0.146203272764496
0.575921031558474,0.552897075975323,0.304266035636453,0.527922822258213
0.421030303582025,0.164362879990012,0.00194537638759679,0.046382865610643
0.610235328046191,0.531461856914073,0.362343886288312,0.306111834244127
0.763345211118674,0.572862474723361,0.250432655106674,-0.0602530560301421
0.679569265291452,0.431073647920397,0.231811104121954,0.0995823572443744
0.249962802443132,0.110532735977321,-0.0496917538856433,-0.167494286280878
1.10116933775068,0.783000828321026,0.358862225038304,-0.0054762070810461
1.81944932059753,1.50472711484339,1.0766022427628,0.680109414324593
0.382830763283158,0.0170113348258453,-0.142318946628231,-0.313847041184233
2.1190256841069,1.3636227425462,0.792305796498574,0.396311863028293
0.1741973238336,0.377652568183931,0.232569127134947,0.0216994426868392
0.38425324746156,0.0174272163588038,-0.0502030877990069,-0.222316373625939
1.21370140706904,0.779516531335345,0.507291709514638,0.4683000500013
1.09115024217894,0.751886525843733,0.38907033234246,0.177807411560897
0.826263579810034,0.650187512023005,0.337261351459179,0.440625336097148
0.13538666822969,-0.0260961645834931,-0.21600956647778,-0.337853771422101
-0.101066836620337,0.178869807869823,0.354288135854054,0.765686940580315
0.993343461688085,0.564369877623314,0.21006279865918,0.0493440674931192
-0.562888328181098,-0.442908781329716,-0.361970736225887,-0.161524828623169
0.383943223880271,0.389891083478735,0.158377254093684,-0.0969652928951628
0.877001791031686,0.715028835846578,0.525193662773837,0.432727872672661
0.0538977187773508,-0.192880414027049,-0.280201452418328,-0.408160499045163
0.0787553630831224,-0.129559391028703,-0.309890261996851,-0.425896879788316
0.947190739780875,0.939714794936907,0.752344379618691,0.671072755586312
0.698365297073544,0.428645969055739,0.1628908564165,0.0436003211969248
-0.0718566184043281,-0.0381324169963597,-0.0177107569099604,0.238606721928633
0.0453927764287235,-0.105883585715922,-0.200391212622006,-0.124444302854491
0.262541797283677,0.204192466333193,0.264587412739461,0.218338547799513
1.14920661977501,0.628268688926245,0.244415409146858,0.0739231262715396
0.817224907178957,0.931449155150649,0.834879720856408,0.806437644687984
-0.206869993152027,-0.5134249533845,-0.654321346385396,-0.783744441723901
1.06887773573399,0.763194590861087,0.478023656875736,0.328324999851038
1.2961708050316,1.03488233721763,0.796494221597717,0.643901462205477
0.450518860641557,-0.241266975428172,-0.441334793635952,-0.665357663684124
1.43207410805013,1.29011258939639,1.02455667249615,0.887723117199855
0.686707375292052,0.360872669206225,0.0612434625159425,-0.129765464646219
0.00169973823659098,-0.0508679332111566,-0.159417014699872,-0.216734259111768
0.823619255961832,0.257585938110057,-0.0846106043990206,-0.381972947724976
-0.377028682240012,-0.387503803915931,-0.256745244934453,-0.298694661786246
0.289858194026164,0.101796255667192,0.00851461349290095,0.204789057890324
1.60867251454049,1.33613738203094,0.785727858553482,0.313138512445681
-0.0866361407898857,-0.0821569953081168,-0.178657197666358,-0.252537262190977
1.51104044640817,1.07789013155777,0.650791002042762,0.542915565939711
0.462553310184376,0.248550721445411,-0.0520392992302192,-0.317156256249361
0.372036962365304,0.27793323397293,0.220869959986926,0.382375236408044
-0.213440218818998,0.0223173796607108,0.0818266540324755,0.31498589521907
0.807403361300636,0.991906930107972,0.694279424209694,0.348477790468863
0.974805755762096,0.63351862413133,0.320498250501625,0.119357888763422
0.518101713268537,0.0539594127649587,-0.128338060043704,-0.336388545962064
0.893241849825772,0.716144183049509,0.524209173157363,0.383695584232674
0.949426219200926,0.796277117134524,0.550072580789094,0.621838274543204
0.629402618268369,0.338885647702602,0.117623108178915,-0.0223839040012554
1.00203761396233,0.751961348057599,0.485446361301154,0.295921203832319
0.982688885896727,0.729566325543249,0.492523930111367,0.317350826036669
0.746082076640562,0.708855195156775,0.684521117125125,0.860583435700116
0.460457158345858,0.517708794029301,0.37095052006857,0.559542027806468
0.993488733550626,0.955097744637139,0.834365694628225,0.798736456973559
0.218635590757182,0.128553795686052,0.067679002016554,0.111642425560255
1.01092678745471,1.02565825885966,0.978329171273429,0.953391721904164
1.83061044756389,1.41761067640641,1.06292098279812,0.839020841877252
0.721273806581786,0.300632919089633,-0.035567695730269,-0.189863130839132
1.1178294903358,0.879641773234328,0.653311668398489,0.499026843102016
1.2555903813341,0.946263376507429,0.581269890571972,0.579297527586093
0.455192824374141,0.404216880857352,0.206151055993005,0.333637734409937
0.951255344817795,0.64908706722387,0.385284211147539,0.204947082390636
0.977807184629599,0.59817787399556,0.368537844934244,0.419583447729712
0.818482159922822,1.03571495125228,0.904966590227686,0.691642880003388
0.397477915126392,0.0965235333822146,-0.149561009042357,-0.239544964812947
1.16150849454964,0.944680092339255,0.663153776689807,0.514796046003307
0.313820579025919,0.359380935239273,0.300250449619129,0.303519708449865
-0.0233079601254107,0.34361006549244,0.16996472686054,-0.0875829362296756
0.979222048714584,0.792654230936667,0.496360731781329,0.569514888614619
-0.0615028863487241,0.311209036743407,0.39059765236445,0.473558212136067
1.141509298606,0.902075000148692,0.632453249857891,0.528484701068835
0.753098124539507,0.504330975500197,0.261898307202476,0.0993472693129818
0.833579584145061,0.750862321700742,0.387385050014939,0.0356903219629827
0.996504947748915,0.621575518777554,0.371953020063016,0.37954522478106
0.635056736907448,0.599144321814712,0.574058103690065,0.714108335290082
1.50029645758088,1.30368712300044,0.986161272070397,1.01268160325396
1.2127327425045,0.987660522031316,0.748675941241981,0.624419340301256
1.45506773853148,0.950008565512825,0.497474328836983,0.146311161229678
1.30344573993127,1.01037155338498,0.784730719135963,0.6736094140635
0.336095152939408,0.25635180656292,0.133537682753586,0.0802911943244507
0.747423998387633,0.816229198745454,0.695427759868534,0.870359763466683
1.52963332345719,1.1108734253304,0.7718719793101,0.568852829223363
1.14046633535814,0.775205962801528,0.449179267805539,0.225618739493775
0.75529645774932,0.345662153503288,0.160669837896772,-0.0496379588913413
2.08884623587912,1.91183090991691,1.63557606671537,1.47142787462705
1.73528335422493,1.55846597946121,1.31773045075457,1.19245647972094
0.694347435872409,0.449085096522668,0.183798411398435,0.0240258961373291
1.72207680733877,1.53389347945907,1.16755794841474,0.807541194880541
0.93291498729451,0.902530116355216,0.729466134630589,0.535313532788504
1.00940815710376,0.469872693481304,0.119289962440986,0.039582858457526
0.423893905171182,-0.212448439154872,-0.550005753067873,-0.82506947843662
1.50382948584107,1.42807445608786,1.23297883409693,1.30388714027658
-0.433546295809861,-0.361566195494272,-0.386725755722175,-0.389580371097672
0.892587394482272,1.02076701836951,0.679480670048301,0.307378031041571
0.724592248937417,0.37339932889728,0.0731346463791467,-0.0769202492126686
0.554623086919962,0.482589194252723,0.143687902342017,-0.192376666927303
0.536035050312506,0.247585926090565,0.172680448131375,0.0199702310653258
-0.251951061704061,-0.282673930038537,-0.301287249984344,-0.22167131273177
0.371197900795814,0.242995471730391,0.15218906766581,0.240268213203864
0.547538402825239,0.0800740714720507,-0.183557298163084,-0.400618561753089
0.368672357489188,0.251685643243212,0.10686396315754,0.00093602025830597
0.438523282058062,0.129640391455549,0.0429436431770654,-0.112310584940485
0.543181516904318,0.138795859536485,-0.0423215496198815,-0.227820268549595
0.687207804960709,0.552375385257708,0.366326018949091,0.370977936938472
1.22861754296098,0.482941499317766,0.124003704673888,-0.17664353521029
1.13388459194255,0.815563505381275,0.520689633942162,0.391669638641973
-0.20609548794708,-0.317713644046439,-0.197081700691512,-0.288764086893932
0.290416493845347,0.224093399909258,0.178700575788783,0.276858402427673
1.95321834767655,1.72107933527504,1.17854546013011,0.688123914621345
1.25668433371935,0.967554881006371,0.589012594766016,0.62856292019002
1.14440885921557,0.794550399148246,0.508498246399359,0.31217033288887
0.689983406863953,0.276508484384211,0.0150775337316137,0.00295845403929762
0.54886909154224,0.23538846681057,0.0303591966117512,0.0234885915146703
0.844003865938003,0.839848271529085,0.680663748379734,0.605337189305336
0.605391398687962,0.326955479119116,0.256915761346596,0.113230014799839
1.00184370147587,0.764089629567203,0.45706057779662,0.478983138955421
0.61679987524024,0.634716827640761,0.576385185270241,0.521855527935008
1.21911220919386,0.733229187321716,0.421940497189612,0.403017093109467
1.4173043827514,1.23280268642137,1.033392485259,0.924679306659002
0.899272275806329,1.09090195501985,0.991054818218608,0.971833671199008
1.59659891694122,1.57480985653658,1.55795075357612,1.69585576147346
0.361492172486105,0.155169792483513,-0.0451756728099948,-0.185595789358727
0.185721242529589,-0.156854011492384,-0.202540859549669,-0.349556029097191
0.695787222248821,0.502306791781145,0.310246408612705,0.203854792279385
1.41902483025476,1.38761426155994,1.15901393323683,1.05774381022441
0.377999900348402,0.11719887969001,0.135299320660696,0.00445766194066904
0.981951770241648,0.531309246005525,0.252384355382378,0.242932605379141
0.570412768184311,0.443031759054333,0.291579576431766,0.275678863229
1.60297778197378,1.39584352639886,1.06284384687128,0.91892684048026
1.21821331467015,0.665406493591148,0.30224345572434,0.21004507647181
1.11641340831053,0.947741637343382,0.723312366110435,0.643936250187808
0.731410238565399,0.439703367232909,0.172784594558899,0.0406805360097417
1.59676235301856,1.35358032208441,1.078792593973,0.918786123847481
-0.50562037590955,-0.424100291577697,-0.450363129705215,-0.481014670666574
0.354755177799413,0.20882740625599,0.0362696666291392,-0.0454988548830284
0.681341917441544,0.579708544725778,0.629466719319386,0.558134679705172
-0.176018794039416,-0.133702751343847,-0.157294356581218,-0.184120999718676
0.433522448670083,0.370501075496863,0.328315756190944,0.442256415551829
0.617929213222426,0.183966942851047,-0.0202796399333534,0.0950573646295823
0.0635968487254558,-0.201747127963142,-0.249817181083105,-0.36727826430804
0.634138340602442,0.216940375548117,-0.0284261323943433,-0.244519286056094
0.577978832348891,0.145380265033433,-0.0168979049703508,-0.20752597093196
1.40511338011636,1.23861961241062,1.02022125473704,0.89433047989144
1.38747375467824,0.731368572100665,0.515975103856413,0.243734182213665
0.106014260578904,-0.115512562821085,-0.260475231228418,-0.191610013939659
0.472145015507234,0.178135441222757,0.0663011285367603,-0.0920791526220738
0.531905685880662,0.354806100591112,0.0932982438383005,0.223937091853295
1.21072181425454,1.03145425445203,0.554190192316398,0.119534006197853
0.934219015388123,0.798917401549539,0.504609007900971,0.642540840130657
0.425689989904769,0.424471405504585,0.290295304976742,0.233423484670051
0.945340527389579,0.460459322201296,-0.00131571859914165,-0.0851784072272002
0.696564451033363,0.101656334804045,-0.117423750359544,-0.360074241840243
0.759904037275382,0.478307217483193,0.224897152339189,0.0792459209014396
1.46545299395973,0.691071573602508,0.154983464671089,0.0538974317910536
1.55168484355793,1.11868594539431,0.697002545620839,0.512739474954222
0.15265943525171,0.0677066462987865,0.00327944831491692,0.0396754168828087
0.559122430754141,0.0983192034555949,-0.182631415219472,-0.209360042864614
1.72939714651711,1.4517726490936,1.14036330487872,1.0006071991884
0.460788440674107,-0.0345943470979515,-0.377391950369412,-0.587259672648362
1.29310630362395,0.918541849072879,0.55897533799798,0.44910909222404
1.01880954168186,0.841720657288236,0.482046379837888,0.151092579468985
0.9993863010167,0.944756822075681,0.769587650187959,0.851321828898914
0.0787071232342076,0.193442378024955,0.187580346829399,0.222755208826625
1.70908751390614,1.20542333479704,0.78331588649012,0.460403725065218
0.791965842878605,0.66239239562148,0.444490641159304,0.314536187753333
1.60794993212589,1.28915242934035,1.06925179318883,0.850390521913462
0.26561321580909,0.0249478834576781,-0.131832987280664,-0.0899563456906721
0.88073883275508,0.859609338584799,0.845983155895395,1.04353594182037
0.397744359263203,0.126049359720082,0.0896962405846424,-0.0564685817533015
1.02836216530956,0.807387828562243,0.524505717273531,0.534545194012877
1.19275203751076,0.766900546334982,0.434801277932292,0.218295604034894
0.659417103703342,0.410733268736015,0.183218502963512,0.0276651271285961
1.29146911863624,0.861576712295455,0.493546260461315,0.308467160778691
-0.11889976685364,-0.272333130567538,-0.371306316864283,-0.357735083535098
1.21590911166463,0.714181713260602,0.479741768788777,0.204439238406875
1.68423336305697,1.36121737792437,0.9872436253853,0.936025528844427
0.592936993942767,0.270730578038907,-0.00488649218718185,-0.189517129545144
0.664254023842942,0.810238778103984,0.603524253369442,0.332605409058612
0.620595794180455,0.184980511654283,-0.153206514070337,-0.366864400315631
1.5670194545091,1.53740338625736,1.3279042143234,1.09373933594421
0.582873930173826,0.329714180412925,0.0373292839533679,-0.0878081859717948
0.994462386849164,0.95305829755826,0.705487937917625,0.626829819072844
0.536030007486495,0.159614287726948,-0.0836564743976564,-0.115193453753205
1.32579675582799,1.39183971595196,1.22239508566361,1.43770817029555
0.782642658156153,0.546862767109794,0.388113417766558,0.426059700254545
-0.163629535283645,-0.187256214992728,-0.199828141672956,-0.0163253071040906
0.342735563976069,0.331416744586458,0.0746503020885455,-0.187447584284065
1.01211885902357,0.867955082560338,0.713410578520525,0.595502034727582
0.565417452490637,0.658782305949547,0.593528347643916,0.573203137684543
0.909202077182046,0.976979651651966,0.577653544683696,0.191015539960944
0.665756180847575,0.466608650506749,0.421461405287795,0.300054329862346
2.07355897651823,1.70631507675207,1.25066374802247,1.29528961097243
1.41772228649194,0.924696151820917,0.483921265907917,0.376393305472145
0.694121011834813,0.613812468398573,0.46283010020368,0.348338449973968
1.33729440438808,1.32776873075565,1.01331090987269,0.665306194867627
0.156229321543607,-0.300413636750502,-0.498248351461937,-0.666634909402536
1.96499903896913,1.82575572024668,1.54726388181295,1.37752528593871
0.0480594895052394,0.179199287421373,0.10959081980938,0.0941137273223143
1.00920803965406,0.817803116134671,0.587442944133681,0.478582985964025
-0.130908384745825,-0.388598976795981,-0.611895548134115,-0.751943180219964
0.284373446196773,0.549468531672378,0.574966989587479,0.622370597131078
0.374514924309296,-0.0318956916075713,-0.329403160645662,-0.524206433460166
1.28702288497053,0.936236338188029,0.626586648204775,0.385915772280601
0.14176862186297,-0.0386915695900705,-0.154097987249724,-0.0720063271992893
1.30690079924027,0.944040572147305,0.626445728205663,0.398175212522371
0.851761002373881,0.788717452295118,0.469039462992816,0.134864109614852
1.03661694828852,0.783126971208051,0.448667230260508,0.531757129788701
0.626095337047025,0.222245361293471,-0.0651038197596739,-0.237472811093313
0.950747367543857,1.00335621179462,0.859346998793609,0.66771144034001
0.491270569787178,0.864649468175436,0.994988561591942,1.12520139603776
0.46217095234126,0.16189946413145,0.105714004919458,-0.0376250123192045
1.5425969208617,1.33634674621835,1.08991412869639,0.973934053130644
0.768371580743088,0.648059512263337,0.395268646524831,0.146147136782088
0.673969104096428,0.349024848081531,0.077930838988643,-0.0893259885820926
0.649435813325773,0.549604528449277,0.480299743730955,0.60396593603329
1.5575965005502,1.02467966193739,0.616529351997455,0.354278402441271
0.725333373511648,0.194835279024868,-0.0516277861922087,-0.291080309466582
0.551524424383239,0.190758035497477,-0.176186445928433,-0.0152303416877038
0.710157004915393,0.507732885385543,0.306066843808245,0.190144795961711
0.633880873216892,0.122715866873636,-0.232885043146637,-0.447564185779827
0.852752643195368,1.19048520711671,1.04065432449964,0.79118164382093
0.0534375324951458,-0.158824694921445,-0.285651192547639,-0.243757787631336
1.86366292628462,1.35645834336738,0.930297198708862,0.662791246322315
0.64941032814395,0.695666873438237,0.572893023056626,0.523013550297029
0.986152396536648,0.573608684066798,0.229385764947346,0.0355275684942908
0.253835788631102,0.00457874752440657,-0.1464148890415,-0.29466355559848
0.569333299862514,0.361977280533897,0.178681193056837,0.0502683908058521
0.0559656807306398,0.0724443103490509,0.0835316712648123,0.354271793033746
0.297219760970236,0.297111444990813,0.207721375762343,0.136110633353142
0.448596398531405,0.104283130797089,0.0114175126313386,-0.162915042051109
1.40605659629567,0.957936510057245,0.60571165245237,0.464748114361478
1.01681554446703,0.431708386555475,0.15427343590537,-0.0952918692890037
1.59139805285989,1.34833778865194,1.11518437003338,0.933301647839304
0.112894192264692,0.114848542716811,0.194640225186737,0.18927531313244
0.595010927925761,0.20262391707321,0.073414167730222,-0.109043101085258
0.574044742523423,0.631230021400226,0.38584683734189,0.104478580158855
1.2394647239761,1.12955368551611,0.914754019240365,0.957890440439354
0.920281013686386,0.968800046423874,0.89923682164515,0.900871210574839
0.213191841227095,0.179939547957277,0.100487063942139,0.0503577558302339
1.27142421051056,0.914783764471429,0.523493686529996,0.516582435507606
0.217079970686803,0.264126590772759,0.29517034533531,0.503999431352321
0.491777004198874,0.274001607909784,0.0273092527777916,-0.112668913312248
0.274643607129093,0.205954088607922,0.158786149530822,0.29790836057636
0.33267063014119,0.201460749758524,-0.0184353107849681,-0.139962475853636
1.07457730927137,0.874292944709281,0.63878903564903,0.507369345886465
0.700835874134459,0.62027222091362,0.261339919824954,-0.0669124585232281
0.691349862047214,0.40348477934516,0.239560723024885,0.363835336047846
0.567775762997848,0.201615306408227,-0.0863096415031989,-0.27820955445806
0.809033109750046,0.487498504336047,0.263387770271551,0.210031463467441
1.29724865038602,0.918856526553642,0.564429706120781,0.398442335900367
0.284152204638417,0.123225645923172,0.1135454194141,0.0185597468402781
0.0139841494806405,-0.206602338508465,-0.272762076113438,-0.384341807795439
1.55279935221595,1.15523436941684,0.807638282595368,0.651735798690235
0.314796976777292,0.0252199215547892,-0.184418937034581,-0.308030361869094
-0.462339336306245,-0.208039079356913,-0.20391357743785,-0.175561765906414
0.607341725746276,0.622674562709554,0.24991818985837,-0.110654542995703
1.7878262263037,1.21856402618012,0.768366137797028,0.541457727125153
0.442695316354968,0.284719178910133,0.079466742336026,-0.0214072664977399
1.07736586206725,0.83028924424964,0.60033795482063,0.440151642965702
-0.279648127748903,-0.167575813064587,-0.189488869372312,-0.248966189193571
0.570703875932283,0.252588092815967,-0.151108250307968,-0.4753386188321
1.07670813520342,0.907473697940691,0.707654006398725,0.596238642216192
0.769270015389749,0.272126087451674,0.100486665830455,-0.136927168051702
1.08368469786466,0.709448453187499,0.385827992856704,0.203488937809269
0.857953005323057,0.374560482906421,0.0299353962604746,-0.178128070797505
2.06571692288959,1.76833765131643,1.36303389086535,1.38925370458527
1.46338935461419,1.40970160182731,1.25287796802225,1.15275736339339
-0.114067060456574,-0.231425007455671,-0.215882648486912,-0.285803334854209
1.45510239972167,1.25775085686432,1.01821660165727,0.861241373048686
1.52684375597093,1.12673440556869,0.866510685007448,0.908975833482373
1.05000625194701,0.81791181401891,0.555493071004919,0.403778659142079
1.35113683669078,0.947978842484813,0.597279875760277,0.352551585642042
0.861600019499617,0.628179136509429,0.399389551355528,0.237811630808833
1.09358751673191,0.862867689745214,0.628159828342523,0.461525160042169
0.530412117807509,0.514614006676743,0.331685651951911,0.253077531881162
1.13560675191944,0.793258076121005,0.502612328993755,0.31568623883528
0.130259150703826,0.385756471169826,0.329314013807215,0.608488906378774
0.784154801424007,0.317628845358982,0.046011406232338,0.0817263513062514
1.63525177242229,1.12385666352671,0.707184389204118,0.42520945350257
0.859696773804289,0.975895698575527,0.933520488698796,0.927884856440831
2.04137278181592,1.56328260848524,1.1389495184132,0.864386152580492
1.53750551372274,1.10823790385831,0.642820258376168,0.701241943245632
1.42395668938329,1.49750629107222,1.30096551934873,1.05155022794264
1.06777280688359,0.528397925481038,0.361661647708478,0.130869958194104
0.60230694413891,0.350395309989188,0.00702125904092202,-0.306650806246349
1.23881987534324,1.16552597690269,0.89860297568442,0.778155925267469
0.494740665069811,0.345350471692065,0.311732299030284,0.223763997301353
1.03410467586946,0.753853756315472,0.496626483522271,0.300453039152782
1.56305928734497,1.10197799015422,0.716555481151484,0.469757395008131
0.933449974862738,0.419906730025564,0.147698404354225,-0.11376578497474
1.12153963783578,1.46377747127856,1.51614362145007,1.59046172104792
0.881678967366429,0.517158754854585,0.205180311826797,0.0412211839692875
1.1970856043123,0.753856390357042,0.41573957871455,0.193361980983445
0.792493273849769,0.610429750374512,0.481015310770388,0.524333866314339
1.01986729347246,0.52396559518123,0.278110562334545,0.430986953664213
0.794936782021819,0.546394095988616,0.294852963878249,0.119392774648834
1.12099046098902,1.20174351343208,1.06137233668992,1.01191896068027
1.67705274133084,1.52047752221881,1.2579323530788,1.1195914714198
1.3977979508934,0.948780904583802,0.561016499211982,0.277763811892237
0.949457407691677,0.736928735339335,0.542544430146976,0.388498762867562
0.717749212413795,0.577439892455956,0.370100700904717,0.403827602955245
0.459729068010851,0.480904440971122,0.309122980104604,0.123480911315214
0.511455691275262,0.45966483966966,0.273220528414146,0.0687097838863765
1.60807554552734,1.66277256899583,1.5271651739359,1.52332458609681
0.809152826056377,0.793342671150454,0.640337560793793,0.611934199563371
1.1120490876197,0.878558497827978,0.641282195556579,0.463625951638254
0.506323246446369,0.225865449776314,0.120550358316317,-0.0206779661003119
1.3262817320274,0.893755038145584,0.550936224805799,0.327784305832338
1.14895171422676,0.932539106622164,0.802035153973506,0.659289652785393
0.947555127680413,0.565586318361256,0.436710336916526,0.241386016854524
1.03206671090113,0.606847732771353,0.249833998425177,0.00214365922644705
1.17488298663586,0.579110742921885,0.128958531912071,-0.102985957630562
1.37628921732813,1.02044754819867,0.711455804161153,0.465859478844819
0.425485493621035,0.419011304320452,0.138940368256587,-0.15409331674184
0.516636734204445,0.357540622209862,0.123206710686179,-0.00393848679827857
0.00082635362835104,0.273645140764902,0.270625506542603,0.55360390676763
0.590720525232499,0.565502019114284,0.316413713452396,0.0430631694482332
1.57012846956142,1.17350182660497,0.81108607104974,0.623189455029847
0.994584628658779,0.408790622706488,0.0160064679195098,-0.171754591814236
0.153716763475599,0.0614522433183601,-0.0891239946652175,-0.18377936040323
1.68949179772658,1.38791152845886,1.07166003446718,0.913973968394336
1.03917524875006,0.648539369279345,0.262757240051647,0.246449634685069
1.35494719721211,0.977909483714654,0.839185641175175,0.637181936781002
0.48326917820331,0.234410532653108,0.176073443727382,0.0430880546147025
1.0750343392275,0.759867939494169,0.457471922235232,0.399123152874526
0.975541155207386,0.529843997905132,0.282765991228488,0.0331257097885734
0.145327657759865,-0.212958779419261,-0.328218427067325,-0.49722523082455
0.97029756458754,0.82068454362572,0.60856039590563,0.548876669728349
0.553189720842421,0.39011434111587,0.275781926486392,0.305405180458849
0.319919673320676,0.187126183315444,0.020295030218905,-0.0808032822104781
0.580610459719958,0.535157812071176,0.303432884684292,0.225292115324613
1.53924459390786,1.04537474447104,0.607316515991609,0.364288879630039
0.424801417410406,0.0439456269448111,-0.249571794280609,-0.459034142615788
1.3955598533881,1.12570795885956,0.537890894715174,0.0134044132915158
1.665438337551,1.00692502101023,0.590303369013673,0.56873959130327
1.24903559115831,1.27486282236375,1.10270318656653,1.04063370873587
0.84647919041137,0.712222584228185,0.547281936775314,0.421376348568247
0.921880492594658,0.719853110824381,0.216833968982739,-0.197736459834302
0.277399598130024,0.0405197217717629,-0.222561621209928,-0.181834937969273
1.32266902879572,0.60811931407959,0.13110185956808,-0.0758662045019992
0.869847823081003,0.317254718922341,0.0423084986148213,-0.172759030549865
-0.335382988078735,-0.4921249724605,-0.584898396546662,-0.451657472538781
1.20439682190018,1.18318898121246,1.00970066390569,0.931159728624369
-0.465626243409801,-0.471668982093415,-0.500280392895141,-0.525311425982953
0.853683089581091,0.677409193063286,0.484463443248246,0.390886991534068
1.01807528617218,1.02504025743642,0.642615373170528,0.265726815246583
0.124728591785497,0.123720934468557,0.123552236320828,0.24905008775036
0.154050311534507,-0.275804822977561,-0.402277862469114,-0.589822870378838
-0.189423487652824,-0.361443934463116,-0.462109131621589,-0.36576388680499
0.585482598282998,0.394928885236951,0.0846422558815842,-0.208952475168164
1.28982389868541,0.821642519867239,0.459952192966575,0.23834481502696
0.861282822244026,0.606003389260798,0.354961401389202,0.208013358028567
1.14063417933353,0.856969420616477,0.460605335861733,0.5328105750033
2.21939083206296,1.93708901542037,1.66475954368722,1.47550132329942
1.2481385576597,1.01565609473629,0.725255082273585,0.55435683908219
1.06947975854065,0.984726704465585,0.849620715548745,0.735947174542202
0.71558305430349,0.850560327166409,0.742979502456209,0.574871268388842
0.867794038298336,0.706702815133308,0.609220221169872,0.758334759366067
1.02823731840131,0.759331292200951,0.58745877069067,0.718181389339758
0.657133212820326,0.200309532987143,0.00308450581044747,-0.200644224772949
0.117452282078664,-0.301401022290055,-0.575043436678489,-0.719215260412971
0.893245246796218,0.8179717526584,0.655642668017817,0.600186473238824
0.698681661430488,0.726496481646997,0.544291898351716,0.327207901338944
1.04982443003996,0.850072210502563,0.623293112054498,0.455271620870235
1.51488409510827,1.1746812422617,0.777020430367244,0.754977098684418
1.75227817827771,1.61677820932756,1.26331614835394,0.907701235104219
0.313822513948931,0.271832854472429,0.0702553579908951,-0.134230036309425
1.62276741262055,1.27687005396538,0.931233528681044,0.767639508378025
1.71034640979745,1.1590143801027,0.718745570742743,0.514292390330068
1.08899703152412,0.390809259259674,0.0190189383157004,-0.303381112473517
1.24091643530082,0.787691396469085,0.408861982274138,0.178414494013664
1.66620888091337,1.47863044015775,1.24449473871885,1.12929530701003
1.10517636025771,1.13413441105349,0.921025295297528,0.666163697044465
0.355632860408169,0.431660311071448,0.363527085938774,0.502034990361574
0.889628232277563,0.456052740279915,0.247062082309779,0.0289814804050372
0.88711312349681,0.386473657694707,-0.0015874581277264,-0.279749669153385
1.60140163592705,1.06879466010248,0.532812604240331,0.681749692216753
1.86004850747171,1.4754263561927,1.09040703483621,0.911962634059361
0.844060491726568,0.621509449066106,0.200063260850646,-0.167286117362524
1.01661731413374,0.861706601365371,0.63605713220854,0.508667328724353
0.0945401632397162,-0.182009369660155,-0.239063907097613,-0.370819910076482
-0.176630311929944,-0.235559143035023,-0.459058368235988,-0.645050638557964
0.541482828775515,0.208168269719354,-0.1308892617703,-0.119420332164917
0.225206592560123,0.149685088088561,0.150184678779187,0.10488363475416
2.03430131727881,1.63580676696813,1.10152722072506,0.632924849798122
0.551772696802151,0.0301626671245885,-0.323171533979641,-0.419319652398698
1.23772005696263,0.864500111407566,0.466724860960695,0.480272324658933
0.808794822429442,0.903366756548823,0.674974212407849,0.400072750110806
1.79063908215585,1.669451041457,1.4242904988698,1.27680494960677
1.74134321429067,1.38131410058788,1.07175208314353,0.838296191531406
1.45132648340243,1.05508560955815,0.679843369824993,0.456976304000626
0.1790888624024,-0.143909885884161,-0.233124866349478,-0.390221298514407
0.630364630031555,0.10058109087031,-0.152480440545893,-0.400609395140507
0.912029115272581,0.648700512700076,0.465605206333075,0.460300316391673
0.507898850301137,0.160690847848377,-0.20869375480408,-0.0935577958966843
0.90161045430242,1.13643694000756,0.89903210983972,0.588008816237607
1.50123535831513,1.00827156671188,0.684647316889185,0.641725880802516
0.896160523568846,0.627369587147324,0.374394096403212,0.233994125380354
0.429279179648464,0.1503740326305,-0.0196743940981044,0.0624396365358607
0.719646592929805,0.346619277524788,0.0490876206645805,-0.0800055809399832
1.52803120880086,1.22878844803463,0.851492655658003,0.521437915699067
0.329711563661295,0.0641974986430688,-0.151633675494243,-0.29717756036499
1.1553772156181,1.02030404646905,0.597988723689771,0.189413265073886
1.29369763448664,0.902796057040683,0.570280446239976,0.393680868408961
1.26407601435288,1.05111049242545,0.596564667128022,0.189442157770059
1.07847498566276,0.641312303431481,0.286580386424963,0.156068571572466
1.42888197689692,0.968650335598786,0.52569805465652,0.565795436696835
0.807142978549918,0.423709069995978,0.129745790808962,-0.065191293804662
0.500236119049577,0.334047345675363,0.167211285138018,0.0392391371112098
0.553163454530397,0.703688687770571,0.743293529721324,0.810319355807941
1.8548532627145,1.64576581970653,1.24974581173545,0.85918873462451
1.01451744940568,0.607162972933649,0.357502213804891,0.37917297482935
0.545071653499117,0.670916260590725,0.40268326289048,0.0992465892364926
0.918461539009873,0.465773576910794,0.0152377103534206,0.00586771318859203
0.998762649850695,0.457430612868926,0.316114637235316,0.0708655579003268
0.0566288600279267,-0.348121918112628,-0.456352527525408,-0.641821405952808
0.505302585834856,0.487474847943836,0.349894545494593,0.279449960032781
0.786361579467727,0.719632231603949,0.544598051116753,0.45221761422977
0.675556845163035,0.639835232551929,0.562545350835966,0.501860466130984
0.57535349942421,0.450867584849526,0.271943511961011,0.158849758883608
0.544949114430771,0.224027031082219,0.0122945438080899,0.0155147857044423
0.751957888212523,0.351651583015309,0.198835122042232,-0.00917954792646541
-0.126613810218538,-0.111774450982436,-0.100718104230935,0.0406052995119421
1.4600914968344,1.2874715595519,0.933779564324551,0.576431888454566
1.19376272799247,0.957382766251111,0.662014812251164,0.480132638066432
0.591645888669374,0.162190813365525,-0.162953898307423,-0.377017839281369
1.20210873451944,0.25921280595697,-0.269297955087035,-0.684671187240343
0.669762076640738,-0.0816994573977386,-0.383407845494314,-0.616910446752128
0.170228136822272,-0.0330869388086872,-0.163632975552752,-0.0839326807661703
0.66295436031567,0.749382842579761,0.596116415896829,0.819596110709394
1.27443172364839,1.14373845876028,0.884035685668783,0.971729201066165
0.8945852818053,0.804187128897846,0.553847731959527,0.303915451224873
1.45835679642689,1.2882932180332,1.04109867249954,0.901484998704366
0.868536821533209,0.316401648252471,0.000162381551623375,-0.275724585492745
1.22869739443381,1.04773992790701,0.837254749757708,0.726401508317425
1.18245536450586,1.14391604608898,0.839711969563614,0.513699439426012
0.685786845679646,0.584444370899826,0.395625673885832,0.333455277782678
1.69117183872106,1.21006390344063,0.738312814715113,0.778977165239079
0.583535386173215,0.216968624116957,-0.0788465142716428,-0.275196142727749
0.224259896613612,-0.13663450044769,-0.420591009476281,-0.609446044346121
1.66479543083831,1.36396243651749,0.918773426032022,0.539700313630867
0.297825099453477,0.411398557840366,0.240239870081938,0.0301031290657958
1.0937006295048,0.731799984901415,0.573225910629598,0.379967138450746
0.724530542021543,0.893899588529058,0.794274783889457,0.773176106551481
-0.159434085574389,-0.380316468897823,-0.433552138643373,-0.545904584777307
0.938149877279052,0.876859891819151,0.63185657294182,0.782561619274908
0.423260389144923,0.317309222761344,0.176371229520731,0.0646272427845506
1.74488449728412,1.4131673731144,1.10692884061097,0.887597986545294
0.784130369745435,0.776674405621923,0.772173567653404,0.941637700801723
1.70626992927757,1.39254484803683,1.09820938475593,0.871757548315178
0.408468622587455,0.351119441125083,0.220638747252,0.127966508302379
0.600418733053805,0.484497058539419,0.304252032971965,0.334027935116182
0.866969054279099,0.636472235823541,0.467861762250233,0.445146923476969
1.31949646494784,1.10593438828062,0.884979993676252,0.69456211517622
0.883579323079303,0.97794816282212,0.743256481220258,0.46233840551686
0.560566783684482,0.645365881350297,0.395237949350131,0.104337130777323
0.897276590518108,0.546331529317705,0.200540320295166,0.288728916603048
1.28632994856119,1.13147141083203,1.01411507244013,1.07406731104947
0.769584076869992,0.48992062248203,0.247264298462245,0.0737262222791857
1.09988183949987,0.757264623410645,0.452083744972928,0.265074217695785
0.201712643260513,0.565356702795226,0.645848970209703,0.730071069564461
1.37738287734017,1.1887189341309,0.938509595868797,0.902567859712864
0.791975255637948,0.516240540027719,0.425752820774541,0.274065010816774
1.04778349130742,1.00285255218343,0.644734503746704,0.288410492802338
0.646683754099132,0.553186659065962,0.396890931947349,0.342057466231673
1.91228947693322,1.92843628044765,1.70738948397961,1.90222412253434
1.01202603876604,1.18313102018682,0.863530918711077,0.503210496738012
1.59307776890571,1.40681866301015,1.10912140445371,0.935947437550598
1.01470245087488,0.591958426577221,0.241252513593001,0.0637715700394086
0.170158919916825,0.208816237309205,0.236163700266949,0.448093233646327
1.15594859813464,0.839444697482296,0.562253244783673,0.36204366727573
0.414588193154867,-0.211410308755011,-0.428864308203247,-0.645906914004198
0.288960076080121,-0.0164076164063475,-0.257443026753202,-0.404816841464036
0.320198805213084,0.352785397100829,0.224265969842888,0.0692732870312562
0.350663331090714,-0.0181637965022835,-0.135565972123543,-0.307820726152043
0.900520677816749,0.524519612837314,0.20593274894337,-0.00262665862767697
0.23831317764376,-0.0968173121283812,-0.293526883209885,-0.226349298589806
0.137003031257353,0.0729803806096982,-0.0174600660318406,-0.0932287502341035
0.675694144764346,0.494995447237207,0.297362879851059,0.182076873744419
1.30553133444621,1.29393703779019,1.17627642445968,1.14615455441875
1.65941349756007,1.39428795629646,1.08202339684784,0.957785476151781
0.897630185237928,0.701927232554766,0.520854544595031,0.36930227169449
0.596739516837823,0.195091262388984,-0.137667873305958,-0.237942307091353
0.438295634495634,0.0444703200237147,-0.0947197089754147,-0.278357762735978
0.0398721357743679,-0.252056723572827,-0.418066506207501,-0.363550146306727
1.13937139863895,0.58359800741602,0.191610398265736,-0.0456786712525681
1.11590848244612,0.837276645861577,0.461561413418218,0.571136456251025
0.83730672113578,0.223714701517216,-0.204760729522991,-0.420838059078485
1.00341220166458,0.677553195256019,0.337904050175005,0.149582967230371
1.4956885318234,1.21796828822367,0.922877355390897,0.726636513341725
0.473079759326035,0.366720220672053,0.150066786121345,0.217718211045752
0.945617689314526,0.699027840753319,0.445917716246287,0.326930156238689
1.19407196496848,0.989496894779698,0.577527525469309,0.203660021841483
0.994724298333744,0.908385850504422,0.775298313498443,0.662921049420243
1.01756975350134,0.698722148642862,0.377919240720027,0.350360831107165
0.330074540691027,0.443266552869755,0.298619922330306,0.095574092092873
0.540290992029981,0.0802026796726264,-0.097347988355608,-0.321258242543539
0.624098839946855,0.250960578741326,-0.0693437767488684,-0.27123177804971
0.915589684484081,0.470845871614305,0.198115858074979,-0.0388511262666971
2.01860056607474,1.36251809434712,0.846417211432081,0.601862823645469
0.562875072922315,0.266612021252386,0.109460889103175,0.208564708180709
0.611461431117557,0.245374789163283,0.00643401284470141,-0.0288693420681224
2.52581509034146,2.0423003811804,1.60292092285778,1.29440584768055
0.476737724308414,0.250542737908527,0.263810161891234,0.138914360590269
0.873495389513151,0.594381014261026,0.512579661233883,0.362189567839105
0.554010867087543,0.279124879359177,0.0396479818205335,-0.118351931450256
0.0493381857778003,-0.131896211465142,-0.179171166493063,-0.288234006930211
0.890024581345944,0.727678908826266,0.72791905190149,0.627313099983739
2.37817785247245,2.26479864959879,2.07026393473948,2.07777759378414
0.630829335172479,0.448821795838108,0.236679466026549,0.0816702666573516
1.23661591133386,0.868532670885336,0.548195298518083,0.304383094657722
0.892704777083054,0.77566125448349,0.442129537291738,0.126101742387766
0.519122849487868,0.509035598009807,0.320466512657076,0.117540630739038
0.956093465776051,0.704358376607903,0.533264736581286,0.573950000536858
0.60836942706882,0.62750294056403,0.284118770571773,-0.0668520167959541
2.17709559242849,1.79398214779261,1.42737358993129,1.24273551363476
0.0806953133807287,0.0221031832118195,0.119743732350457,0.0642907331093521
1.32635892865238,0.925425006829451,0.521069180233905,0.562132208298199
1.17139458413626,1.00133097711612,0.610710830730885,0.245479675104989
0.932790902769542,0.811074032250938,0.536328806959236,0.675305207976859
0.0282193569230501,0.169003388141782,0.0429718777550957,0.0162655802135681
0.930045033918272,0.260185564376994,-0.230943493262533,-0.440642771494955
1.00785668813043,0.819565898087011,0.362095760435565,-0.0341989048561808
0.104815888399379,0.276156293771875,0.390739970205879,0.681724043660526
1.62447896300821,1.33672684482445,1.04584947523848,0.869591061274678
1.56393833352021,0.982808916804016,0.521627466333262,0.194304660500133
1.51757108048767,1.14355897651091,0.669743164925693,0.25214907653238
1.17579340618079,1.03012409317626,0.813127723659957,0.810082143584625
1.09655526623619,0.976460948496945,0.895114571851229,1.07821400965551
0.406524345908974,0.482341051219731,0.468213549618613,0.443648614741794
0.759256562515263,0.542122916931052,0.290926875027332,0.200291887364597
0.817290956997209,0.481242934364542,0.323918572274692,0.13693989614618
1.2781680658199,0.936756190418266,0.625267459011423,0.437386623848316
0.390373477344616,0.139454990494707,0.0839619759684134,-0.0541041512945314
-0.00947340070374947,-0.269115792591111,-0.469733416511365,-0.602839293111215
0.532803421191071,0.480101479006053,0.0756704432268149,-0.290786754576145
0.957220169550624,0.512694108196397,0.288994955009939,0.0536482259926406
0.180208183352775,0.197853696457912,0.210054215086873,0.412833512411379
0.56296719580643,0.525322546982894,0.501338861557673,0.684066553988316
1.05411972237208,0.846321895245645,0.620047197831357,0.450511450296093
0.98390585375959,0.651370351262299,0.456597931133928,0.254071735064904
0.39577654607589,0.0858451121330152,-0.0889346421849836,-0.0643503253648578
1.75767014573033,1.26110052503831,0.855190056416601,0.575841424264028
1.14777072144189,0.976761862863866,0.687530802587568,0.744401975483838
1.16872166401572,0.952397059824886,0.671159919774677,0.512090496043317
1.35793594542117,1.22664588555006,0.833998927801526,0.455226160988855
1.16413574945415,0.857227509505287,0.576461125501448,0.38108601979772
0.682373210934277,0.279980546232851,0.13331587158017,-0.0711300911577931
0.56049779975941,0.48420531594046,0.153195954868743,-0.169325077976482
0.224644933579489,-0.384673116938217,-0.753109662267925,-0.943069792127381
1.15495446173743,0.590845905398172,0.378026152446758,0.13720637034296
0.722587657798027,0.161046368356425,-0.2475597108994,-0.448682496275125
0.512608273049263,0.311754660429847,-0.00128885882107566,-0.286491149854276
0.195398671884777,-0.021295990515063,-0.0472763054219098,-0.153808350149205
0.5733312228878,0.54724540474582,0.292776365907315,0.0347670727999128
0.63041185096727,0.793566057094155,0.713980003765565,0.697602534569283
-0.014308213433067,0.109398627009149,0.133160039283735,0.137099592537669
1.23361875072712,1.20039757096315,0.962801125279974,0.877777694197143
1.04996502986356,0.760327563257078,0.334580045724006,0.479853800946882
1.49415840319919,1.02185732866223,0.590509542878995,0.556284012984183
0.526669125818015,0.235935100802218,0.0722039560028604,0.212427328283068
0.221834213795616,0.0326740331274298,-0.16510876284805,-0.301562223259506
1.09301261958872,0.921387193076157,0.670001610932936,0.52894818475468
1.1337326500334,0.929225862366574,0.641138685058126,0.521386557223782
1.4849366248429,1.47481562011686,1.33714784492146,1.25451614755098
0.217654484659999,-0.0634505093438816,-0.14083355544765,-0.274060614661872
1.37789679274403,1.07702210715457,0.798553154098727,0.624741215929469
0.723782368852755,0.397701218074734,0.115564930385869,-0.0403654669293756
1.06865371077355,0.91786631343446,0.671821805469552,0.427488806824035
1.03052857244749,0.844218659267637,0.618850770608522,0.504232103555586
1.304211128623,1.33298251435962,1.17078192487647,1.33853492635736
0.670839706378041,0.406193688190778,0.262812086011975,0.393233687743076
-0.128451415933356,-0.260451972991404,-0.446919447514379,-0.544506801343757
0.974331428829797,1.00321611521136,0.596600442689474,0.202470206954366
1.45670483142867,1.31715254286017,1.00880321488114,0.687694309105796
0.738203660372136,0.413818620430174,0.232593566994105,0.380095743016829
0.359941035123161,-0.134498599576803,-0.351764851392662,-0.576063267518746
0.166723725583765,0.0236777749884056,-0.047103586331571,0.188906165210389
0.70208664491916,0.466679231789279,0.229755635226737,0.0962081440768673
0.13113240521629,0.0383932175652153,-0.152433703026844,-0.240161389014025
0.526655742598859,0.261568130859795,0.0769623505630397,0.0498117291808929
2.14386707156075,1.49242283204002,0.90953671608818,0.721693503751247
0.557462522895269,0.148332782994092,-0.0711902066646087,-0.278455271603437
1.01990204550752,0.782499493269479,0.501019377737593,0.496932609781823
0.88547961889809,0.846192133149057,0.527227056908945,0.217521571886043
0.00365480939882022,-0.170369608626049,-0.228650463551425,-0.323409249450178
0.864807977433417,0.402746470825304,0.100117940758217,0.0464209422675542
2.02975144709661,1.68696433046185,1.42286263112665,1.32997800576148
0.89593220614321,0.841108738778281,0.662178950337242,0.472744521381073
1.0282268292705,0.963583758780838,0.759115081365588,0.665385882371452
-0.24227175788153,-0.260705487234937,-0.304476351290418,-0.290669584116096
0.00578962076996493,-0.304715866348817,-0.382803520318601,-0.52173966903377
1.21512814710185,1.16148129227652,0.954144794483279,0.862045305579369
1.20964247488868,0.801242703283511,0.412610663035857,0.35618018706707
0.129074630205345,-0.15605798297889,-0.430956943104926,-0.45611229542281
0.621414826771906,0.755540083125995,0.705720744529397,0.699104702854781
1.96306825954973,1.65920897870976,1.33909099242402,1.16364584593349
0.9668932274274,0.817727255842265,0.639621843585826,0.497822468061632
1.71399364939856,1.32284872760104,0.919505274559184,0.816416479203707
1.38201128758042,1.2060857983538,0.791190225137446,0.391793857607337
0.604629756343392,0.318363166942736,0.114353790837546,0.0357290065969689
0.641671231825392,0.224244180304588,-0.10650714853534,-0.253410081545984
1.14075657927444,0.94037873537405,0.67203871393545,0.661224474233245
1.73412146561272,1.52470843819709,1.31686675012449,1.15395976296976
0.611864753923429,0.795710656626574,0.515624760384237,0.168048274730972
-0.0943063370529402,-0.302350244337846,-0.355521830058516,-0.473900901053464
1.60401672702628,0.99326365599013,0.468944976868525,0.29614209041701
0.331177048869563,0.0413078166487064,-0.198409109707974,-0.359723635344198
0.890995842515918,0.628425220083817,0.381296475532236,0.208395775651921
0.478797898438253,0.33526299517079,0.152648696275066,0.0680076757685281
1.04032059481392,0.666691416890932,0.329997839972847,0.171683281655413
0.692476479175185,0.398490619755336,0.110084362292803,-0.0164267058221246
-0.294686865259059,-0.178231496699552,-0.107661318229545,0.140750886770301
0.429972699106869,0.473190467532249,0.503894903635871,0.6546575904037
1.39806462127412,1.48277092834557,1.3507606794358,1.29781661894211
1.3251040601277,0.956058481431688,0.539831587486358,0.586762660904755
0.955404005877396,0.697041913669565,0.468493993248855,0.330977384362106
1.31337576067766,1.37334639220827,1.02496241117008,0.634647752384499
-0.359303436681101,-0.334864251915349,-0.413030615988881,-0.445162844360161
0.587672699479269,0.629123017410421,0.411899610471359,0.154159611055155
0.619692891681935,0.808002594460041,0.670979084385969,0.648772546478234
1.64918333412191,1.63069039555868,1.47194606349055,1.37888199521359
-0.175674656669273,0.143729828528885,-0.016472281799924,-0.256510963554748
0.222431995680298,0.00903453991261599,-0.124512294244952,-0.0382324959928868
0.574936377611081,0.775514438879574,0.77478469840239,0.800429387452335
1.04822888453576,1.15735095946663,1.06205286092947,1.02876030298603
1.14681370314785,0.885075165101055,0.589961804469734,0.576129641660705
-0.0414857350586579,-0.138837992895316,-0.202919602050945,-0.0877055674848577
0.382750346234456,-0.0377825316230836,-0.209148910115298,-0.407015954634673
1.17828217242255,0.500646389481403,0.120638365830512,-0.228089351473507
0.381640076531329,-0.152205615305048,-0.37626668356256,-0.589691420197048
1.70961909164399,1.2409585721478,0.764297745441307,0.668161724123344
1.770593360468,1.47724170553934,1.06422476788987,0.683924743777605
0.260982469988435,0.170923745048319,0.116056824353238,0.282159581045056
0.574700352862587,0.183252540615165,-0.0375573709221241,0.0430250189819341
0.394155967469438,0.692214781887018,0.822945569515731,0.96905560904115
0.951238034789289,0.599484401544694,0.312370298714463,0.15805645251798
0.840857734426371,0.592521145629503,0.227596794451311,-0.0975032699800044
0.640783003401505,0.623131188503034,0.611439298373287,0.815641293385397
0.864628856480829,0.76941199647734,0.498523236958965,0.218015917494405
1.0437067469653,1.35890367075039,1.19995936888231,0.931615805150744
1.79510453727565,1.48267811227591,1.16973277440293,0.942977374208112
1.18832281985797,0.735462494716507,0.361374873104192,0.0906495233354641
0.63260022182516,0.537895402050723,0.398468316737771,0.350727976989696
0.309919696373092,0.0849570365954767,-0.132492904907477,-0.274282789824625
0.461430268394446,0.219647116322421,-0.00016874852826837,-0.144425966574416
1.42269905047899,1.28190123010453,0.888645340356925,0.502164189596903
0.580985906759449,0.391522092343023,0.121888149554313,0.173552739481201
0.445835989646011,0.255085653501297,0.150734602280866,0.313189531431623
0.680836856937153,0.159013501865447,-0.186819352976029,-0.382914208819039
0.751564942845511,0.485367303232265,0.302170277325852,0.294489322330227
0.730764784799143,0.56075607058336,0.336821147315975,0.196577414291108
0.961107285190158,0.890957433166751,0.679792690482372,0.580868551781926
1.26853802859528,0.818704353990029,0.442620186847747,0.242397384213451
1.1352478314922,0.76931138727339,0.354444627983545,0.350146102445358
0.792147317004615,0.821985813724345,0.629088155527196,0.837697787679738
1.13907468054459,1.16135734142165,0.998226291381576,0.922734147542808
1.67513211858618,1.57694611727618,1.30082064938042,1.44105814774034
1.03836063432737,0.503248769218889,0.29304859116964,0.0288133208053162
0.192077050559848,0.00721247049489876,-0.174953709618304,-0.31270068415779
1.81948921223591,1.25797407632197,0.788022062070377,0.536267746618625
1.17273647154834,1.10055956976235,0.832895606977194,0.724721704365864
0.771581339378493,0.521516477170618,0.211609500967918,-0.0502766885818953
0.873367622957757,0.518830158902031,0.291934709431442,0.340602987152193
0.83946723997675,0.672869849052945,0.479032085768468,0.404932549481329
0.911166570697579,0.493795583047612,0.163661899637802,-0.0461492289060147
0.638503751041245,0.37135553231541,0.0677821001118469,-0.0677516116588238
0.565083085858587,0.617161249866323,0.342932700009432,0.0475216982391648
1.61314294457622,1.38577729449115,0.967748420923784,0.559185271369413
1.63087885183037,1.18077733386721,0.666474064767362,0.727781422790022
0.278013609962135,-0.0292888143207023,-0.271004379832234,-0.439623867725773
0.484234499217646,0.295400947108808,0.0446129486087736,-0.175666536558621
1.22385093466082,1.13230482295654,0.797730440514842,0.451956086656223
1.00762311694779,0.694597460746837,0.4370264987726,0.273500786939182
0.520282136611868,0.430983094812736,0.220125547409088,0.146436973690437
0.921887716638883,0.500993713068666,0.0915905313131183,0.10871548417241
-0.411706735424848,-0.548571315709759,-0.51363795714122,-0.591214124864857
0.153083886282631,0.254195930856215,0.322457248527551,0.583743624910104
0.84826872681911,0.85664826817469,0.462991952604968,0.0493847544332586
-0.273319794548237,-0.434387283839533,-0.512488153628207,-0.341362198542299
-0.325143232377519,-0.352788359144817,-0.369915962645486,-0.200086065586119
0.536633542201302,0.436124706278535,0.360813826689657,0.425827400160255
1.54473975694163,0.867617110492045,0.339948534994306,0.169313183202806
0.394313610159841,0.29444750074595,0.133974530410397,0.0794722965218763
0.578049164935574,0.267854149863115,0.00327418100855031,-0.127680335186316
0.563291060609138,0.542979876609481,0.402626988208623,0.493404601748114
0.939863685763479,0.537269534221895,0.222650612549908,0.020855173134638
1.2045292896758,1.12733541383778,0.851624977889483,0.550692763492999
0.495876326681556,0.267605374915279,0.0209098549258792,-0.053984510039405
1.4233710770517,1.25311343047986,0.791922167653435,0.377309346874609
0.418887906997415,-0.0958349734301648,-0.417422628966191,-0.48544017847541
1.54424054501148,1.31604395523028,1.03775798930129,0.848387696359737
1.15854273260485,0.750827291417273,0.411370656222416,0.314507799639467
-0.0587942541767569,-0.188632709093152,-0.393986754964434,-0.481183697054515
1.21503362609231,0.821731785522471,0.4324535991411,0.180529670288618
0.324910623126988,0.0206679762650785,-0.229768388027331,-0.412455103310785
1.61727408524351,1.47409527759957,1.30075022433022,1.16041851265603
1.65113954157285,1.43895587134817,1.17556336006983,1.08514912387362
0.618756173994573,0.697050169327007,0.496283046304165,0.252585585097752
1.24737813593594,0.729807550081139,0.333816080646515,0.0993053506337792
0.380865067762024,0.375622571957733,0.0954631420550194,-0.19697694103698
0.236838012854845,0.282243166386982,0.125458633688924,0.312571372431819
0.347255424760559,0.309856712689319,0.10178481082203,0.277904593926118
0.609791955206842,0.600343111659042,0.555562379441858,0.514060863634991
0.467508796765786,0.629489425215147,0.643155617328309,0.674626327630099
0.663519326723923,0.635375300810347,0.357504920865649,0.059936362760854
0.735152148644045,0.657661433526208,0.273618452370382,-0.0814298223874118
0.524539002262534,0.24201466094743,0.013530004456165,-0.122998294490159
0.795780076153786,0.342660070088371,-0.0770095980795707,-0.0962702990530917
0.269441703956685,-0.0171622732499671,-0.0805465094066317,-0.228443091399155
0.596581030515102,0.259898703288065,0.0295609702108164,-0.0185354132710305
0.312681742890697,-0.123636930986576,-0.368499825289515,-0.591081003059405
0.785359167024142,0.403904284946814,0.0953530949768946,-0.12249840173922
0.846381596043001,0.407075048182802,0.0292864185331819,-0.158200416444787
0.373001046094425,0.0956381014120313,-0.196253356292062,-0.207810040426183
0.93344949244127,0.946995055557446,0.849183936756361,0.801254199384925
1.01985534589223,0.974225327096087,0.939643726323795,1.06760349288724
0.921999882589799,0.388069893547098,-0.0124711814621934,-0.261044850694619
-0.341176350781654,-0.218095120608423,-0.137728973635676,0.0301527564266837
-0.245155938080281,-0.210362144286719,-0.0983443006762466,-0.0893350944143758
-0.266567126398756,-0.385281408039872,-0.283164642436409,-0.372236806265401
1.50895685361261,1.22748236303686,0.869458834961822,0.851997710149416
2.14131245778565,1.78260434986366,1.4124459728397,1.23384980354514
0.313618048972899,0.774544054932135,0.64566820412345,0.38532853617342
0.859184378564612,0.589480880480511,0.158702955878957,-0.211067905164573
0.708547377756028,0.363005103205232,0.0803817886978195,-0.0533904105013375
0.962589005356209,1.0854676285931,1.03201779246092,1.02086612241083
1.20711083892123,0.861087709146092,0.497323003705103,0.482727763560512
0.344439152613088,0.356147529299436,0.364687153474535,0.585202845885296
-0.359406479528264,-0.456129620155764,-0.402721637032441,-0.470078703673562
0.884904864470958,0.314144519309848,0.0476873981363208,-0.195408236520459
1.26807678363092,1.23338430186427,1.09120412488452,1.00909538695765
1.33752986735428,1.15765134680555,0.925166006207682,0.787517465645291
0.839879696430763,0.807772684794655,0.579245742842849,0.325159532441091
0.965679473068173,0.582208908820372,0.438528335959284,0.260620465714967
0.275267698067828,0.351001909618122,0.21630311022587,0.410651095608788
0.619301591552563,0.534281444755302,0.476316924195095,0.586496143962091
1.37878963984526,1.01040690758946,0.687721657644159,0.466047605564182
1.22061730751863,0.916557825137745,0.54011991320906,0.644766538212093
1.09218189625731,0.890053735888906,0.697693069453453,0.56548325697353
0.584459166686666,0.29791085806025,0.0396307801807809,-0.113315914020508
0.963041663605175,0.909551314311536,0.685799584488544,0.58673595848181
-0.00393747296655955,-0.284860748126172,-0.366869174155153,-0.513165063140941
0.635316224510682,0.332098375591758,0.117973107286388,0.0585210716419399
1.47528719282112,1.44045157009229,1.27566211950747,1.18984955444946
0.266455503473984,0.158732969005065,0.0352438721720823,-0.061068020757897
1.89207529533172,1.28560987803361,0.837402298986617,0.562194492670945
0.0691327689938128,-0.260169115869281,-0.442233701007856,-0.429404237521191
2.0126818340451,1.65129669092063,1.31222714457341,1.06054055122866
0.0461681080031219,0.053654774359892,-0.0427813937916963,0.0453233190693997
0.412310936606956,0.226864481416732,0.0644272179838565,-0.0600594155865731
0.548103799556241,0.468496032747493,0.407089136375356,0.44722132138382
1.02504959430259,0.97175495566183,0.654182238169343,0.320976661519904
0.547591387007894,0.295561871753121,0.146622993827119,0.235358389564095
0.845508206004755,0.574609393881516,0.333278059440659,0.16525681682718
0.939668995605134,0.954996673546305,0.50455370684603,0.0659462379827305
0.749369050364651,0.421951956767444,0.0968682462256406,-0.0929705652084432
1.28546437744189,1.06525392171333,0.8062710191673,0.71269818842978
1.13099683130242,0.711609008319824,0.355658363725293,0.0946916355656393
1.41533657631598,0.953052937744782,0.515357215129484,0.460621868656472
1.7961044805919,1.71356047267247,1.35931424839507,0.984677613164612
0.542347833552774,0.44356945803661,0.296336669093941,0.18215525248596
0.116543060328593,0.185627257797939,0.174616145694231,0.155928699601683
1.19711035100933,0.691711376316899,0.30238348013948,0.0371946870144903
1.34060032737522,1.12390336921616,0.96992037417331,1.05959670788419
1.33816654200806,1.02994178899648,0.902563309523409,0.722941288615568
0.0352347978402301,-0.109258685024298,-0.118760114760658,-0.210422676104039
1.10061627803848,0.921760213941969,0.576429758477443,0.251222178988944
1.16133541050818,0.69828748340705,0.252083477598867,-0.100647824303886
2.1753437109069,1.55847836316494,1.06541403456925,0.758515482749274
1.40151159036353,1.17443035913611,0.886206459006309,0.854321555856332
1.08025804644159,0.898733473688109,0.668723301988694,0.572988073849544
1.6452519215981,1.20637863268848,0.835921209099991,0.675051788821269
1.29445299372385,0.795057410150103,0.405292435825052,0.138288446137725
1.31002581099643,0.925435396988063,0.594346295408471,0.427175846706717
1.20021341079416,0.754819664744439,0.383244345407302,0.103465232633126
1.24298103927649,0.682409015534331,0.29239268598686,0.155287341022588
0.676453332546487,0.456404254570797,0.32702200182315,0.438060735882252
1.520457155917,1.31803849465474,1.06232215974297,0.894448108751415
0.773663854393577,0.243925554809684,-0.0235634500238228,-0.269620326396003
1.36626173850858,1.19212664247988,0.798485164908426,0.430239906161553
1.28294869714296,0.748902033899496,0.342779750676821,0.116772411092326
1.20968938891619,1.23579983766442,1.14213630522051,1.12537161790804
1.2062290424588,1.12618405341809,0.925681589241905,0.822347269266807
-0.517505714768524,-0.646269415943997,-0.647764459565101,-0.719289764780094
1.79234673088211,1.37095943882583,0.994943446405064,0.827029637287351
1.19015817534504,1.15377071818821,0.99821854640134,0.909900979428507
0.665776484459865,0.294656795409037,0.128575091303688,-0.0632642432828888
0.390786507512046,0.135194196025826,-0.000862444424183262,-0.134170146365389
1.29349108339505,0.812581801965388,0.332754555119115,-0.063360621663907
1.26424431378422,1.16053306369442,1.04662698854041,0.946908678252729
0.792534131640068,0.250815770277091,0.0204876116679961,-0.229857568272769
0.482058511833123,0.754587162329046,0.624483572546925,0.390506517029456
1.48545928427379,1.43973966248089,1.19810320088503,1.08453166832773
1.15023536726656,1.09240564385626,0.925062876359022,0.830750298815313
0.959536499651932,0.620123003995979,0.521582912180376,0.328035077727008
0.722367138279065,1.08731332773704,0.949616716544492,0.691777809430187
1.17076968835627,0.79518072396451,0.466228854216669,0.225153003122923
1.3265727992075,0.851282807896305,0.460070945907796,0.277952495580055
1.1303999563849,0.978072077285226,0.655226646450178,0.851489677693958
0.251331945584717,0.22042467994484,0.100616601998393,0.165279186769145
0.918595733464845,0.913816760842266,0.761817059382419,0.88113664448937
0.185492992538475,0.495983427341519,0.451394800918895,0.303483201421503
1.50975523447075,1.42335478969235,1.22248027657093,1.10667353551081
1.13937124390644,0.702795767862884,0.338068427895606,0.152849263817166
0.381399332319491,0.384052472885212,0.452529901186704,0.453401155076902
0.225285327011162,-0.0584708587774056,-0.150303402593359,-0.276143871090968
0.970365092248531,0.745602543548436,0.577404317915907,0.596359648864211
1.38989415248319,1.06920319462829,0.84212816847756,0.818136203331791
1.5623445867265,0.939856463161161,0.429851967260742,0.108631697078141
0.757882701947771,0.497023435416145,0.344496596662495,0.47743878315906
0.611083623074655,0.273275597525988,0.0329194775589228,-0.0481082885705848
0.532026184904005,0.359202251306481,0.25525048883513,0.402187295311504
1.32995512152841,1.17531369913652,1.06009835216415,1.11355544897815
0.830866445438536,0.653300432625491,0.539831945139687,0.693427989092033
0.396282329612286,0.176111421912132,-0.0701179080211694,-0.194671490832954
0.624670401748756,0.474550648177893,0.367749572662711,0.425291403337022
0.973794990806571,0.92118654699998,0.778425099844403,0.824741340328359
1.40948856148069,1.14688677383794,0.731573327424105,0.361847538489251
1.22541032659275,1.1708058098583,0.864708567054161,0.534854734464066
0.813326243445295,0.743305267385413,0.62467788437457,0.562404755347304
0.91853968682718,0.718509302693808,0.52625413842427,0.378484705580235
0.522122340891129,0.600638703551093,0.572525525465126,0.59416288422743
0.596708129217922,0.417844748255808,0.311742116785086,0.481720554180135
1.36071203567355,1.11930653845426,0.857341808707631,0.676675080329156
1.49516829322112,1.23089559571323,0.864693144236836,0.696573215829484
0.724318832762116,0.893712285282482,0.940138658632783,0.993509829215184
1.35178049874291,0.873716728256203,0.49871606281881,0.254672869288835
1.14569865963793,0.691066014487056,0.308945051065158,0.0827410762110865
0.923635523632569,0.721518449295944,0.298393752520143,-0.0881590557529173
0.960381378751754,0.516752581523002,0.193331450855038,0.00151122314026231
1.49569139132622,1.32076756777401,1.09719096455859,0.94926844406166
1.10124564692431,0.705416808756123,0.308984346903999,0.232122306202743
1.4243151963681,1.00798648517414,0.626807579003989,0.410176285800246
0.149078411782284,0.0500528617861594,-0.0869924304874103,-0.190574844725151
0.0588701018415519,-0.166903614741798,-0.376972188965868,-0.522078717121476
0.407189575934145,0.386785997025709,0.373908432495198,0.569167665593276
1.02774946488429,0.972520750743616,0.843221638048264,0.795700416939731
1.22085525854909,1.00066615669038,0.508486186106683,0.0706477728331734
0.737613674788699,0.295662376007666,0.017480667719319,0.00157970592785434
0.765584149122995,0.64611555749846,0.378693275236869,0.10797435291132
1.03894459708006,0.868069077392534,0.494808821356234,0.155299129849364
0.592964596023226,0.317707331691772,0.0339184512746529,-0.0154301218695412
1.13887552126674,1.29880198992233,1.10944054576883,0.854402843257077
0.969046695121052,0.691898548342754,0.424110503490455,0.321614646265459
0.596539142316035,0.170868813715834,-0.0322739006750919,-0.255543969542889
0.990739320467733,0.474002016397608,0.118914755139345,-0.0908585196350864
1.63253890277466,1.01586158737544,0.538093108594795,0.241070964052176
0.223679232363835,0.12176215548142,0.0650212991445854,0.271331763175911
0.752951900131538,0.482549001024501,0.305613194939539,0.287515774643793
1.05771123418356,0.598723531571779,0.222025111010479,0.0332014855605406
1.33749988860022,1.00565627854718,0.686066064905038,0.497233264016113
0.514060010747848,0.520839203184315,0.526433457624963,0.701548263870629
0.664224359426657,0.526427975633148,0.329997023265609,0.23142850690829
1.79963745888913,1.22377781404862,0.737919665541772,0.417157292588096
1.33486500101605,0.583571956126065,0.178151735404939,-0.17541857115423
1.84732365912513,1.56252072747641,1.09779751812444,1.25342316441824
0.419872942458822,0.342347152948187,0.226155140598081,0.128131602167648
1.27327179693664,1.33679977600542,1.21946736144598,1.16857444844248
0.457466788867139,0.00615599560825592,-0.227684441098467,-0.158918469833477
2.01289829791347,1.50534080486489,1.06356994595178,0.906739103018168
0.568406329250971,0.125410834464883,-0.124302868758371,-0.0781839713383422
0.930253140604193,0.384994018623196,-0.00212938378939737,-0.175277695908479
0.802834702554083,0.813860017624104,0.695662628113304,0.635205171690197
1.2630304014785,1.08862295162722,0.895723951321688,0.738197531457403
0.804526970745803,0.94592799633425,0.902472159011538,1.10614551629645
0.954780032316578,0.928327567995424,0.769316336209289,0.689208400175158
-0.588280646355952,-0.531954049916219,-0.416841503270282,-0.422282239354293
-0.0696593032330003,-0.377594624060778,-0.521595070875985,-0.691020380900372
0.660101261690899,0.179461696134053,-0.0800376343529315,-0.325988439178795
0.82909785357404,0.683228665722941,0.513882512635434,0.39089808541261
1.34788455321226,0.870689001888217,0.48535714964517,0.210305113039473
1.69012311643788,1.35298189158591,0.94731155200644,0.967907535601364
0.9046888699371,0.672920639773,0.378144657488052,0.426987518389881
0.527764173224473,0.126366046423262,-0.199727220275321,-0.422140756056265
0.222744971846926,-0.168040103165584,-0.342100905359765,-0.512565054138313
0.593920134974937,0.387334419057247,0.171103356098822,0.0510744188106348
0.159600810720288,0.105442037874989,-0.000435352986162485,-0.0822103682785702
1.63168547667966,1.58207778429555,1.1862105306068,0.783378793807961
0.0380425088201605,-0.392083503239877,-0.597446243329478,-0.762806588349872
0.964277679683643,0.452166367376029,0.109820926588177,0.00395926338500013
1.23657448493925,0.977918620891632,0.647048744384532,0.737611122836347
1.3531223698492,0.757702891452759,0.439355356502417,0.148775834470138
-0.42657079364918,-0.670923959693882,-0.808445722278481,-0.722335025546592
0.307754065548285,0.410184778458015,0.372206060393638,0.367494335168481
0.178086014766203,-0.0362438483273158,-0.158328363330885,-0.0246039370042515
0.0629128488770206,-0.474656006292476,-0.756912746006939,-0.716490165555912
0.981869440036962,0.982107848436665,0.835183611615917,0.767301357549633
0.491029555078142,0.202723840097803,-0.031589052720939,-0.186428782580546
0.815365583906717,0.484122707026362,0.0992253838491885,0.157782666029101
0.330365899355867,0.232004858503508,0.0475678966769163,-0.0366155006299697
0.256915533573259,-0.0970151835962978,-0.247162106407705,-0.409101914756909
1.41225039803707,0.702225824305502,0.194309473881478,-0.0139347651062133
0.773501706774479,0.669075851248993,0.467667398977316,0.367757780156705
1.10751013895084,0.409954613633133,-0.0656367026315574,-0.365419489227384
0.609660481038696,0.190027637117061,-0.077667263468177,-0.119032421915209
0.327612743665346,0.108242368677416,0.0651072875147754,-0.0473556062468206
0.836118024623621,0.673379617556792,0.366778415916916,0.47543045355353
0.545915442873718,0.36532702110632,0.251328900748095,0.366197051148738
0.938248973172661,0.725447779611605,0.505532622287982,0.374802165609845
0.432917136264292,0.219249579130201,-0.111825913927027,-0.405360648726936
0.403531227625546,-0.0830923953826486,-0.302314307897647,-0.174222672992494
-0.0612511361848412,0.0332157042231174,0.00519426246443905,-0.0335989600575221
0.608184894739028,0.079372049335739,-0.262073870669153,-0.342980264917179
1.40309028820936,1.49354111004153,1.38681164513188,1.343991549162
0.594814230753195,0.0665858539932483,-0.243215000245495,-0.31162067255024
1.76328449352419,1.34813024911644,0.992431163942483,0.711326601083518
1.14937508366147,0.670740430575062,0.234593346646971,-0.11030816482135
-0.00182027275697233,-0.275205177929249,-0.516143114723522,-0.596044452024421
0.392893665271778,0.287675934543245,0.146926989593899,0.0455745160593409
-0.354110163133364,-0.493652500085329,-0.624079934789973,-0.712221379187691
0.702733981249767,0.208066560232247,-0.147679136094579,-0.36554525150758
0.89564105204912,0.852804631722927,0.672220399915665,0.5886857211027
0.655698095783888,0.857707372077614,0.670110975056952,0.412166454762262
0.517705564968833,0.496425978831072,0.269699212363119,0.0227988646594678
0.829199605798121,0.509377917840812,0.297800077250086,0.278094425002695
0.132202522788412,0.0987512158574741,0.0779543203786018,0.241951146932204
1.6592660608659,1.33162279569511,1.09333116943458,1.10262947839222
1.0724073713067,0.717400217920731,0.416530443524999,0.206111619218552
0.678223303669828,0.322537538937573,0.0984964329145976,0.110634758184191
0.78699608309211,0.862896327957693,0.773321962052983,0.738645674976037
0.450224171117937,0.536157756846415,0.494471381724129,0.515415728055801
1.34879481814803,1.10351037166572,0.847388518049085,0.691558934438772
0.528568127999034,0.484218760339482,0.324529382087631,0.294596520617022
0.768732338016969,0.66027937501385,0.283337703538205,-0.0768211237413969
1.26931997069248,0.829485745589787,0.409091429656713,0.318878374131717
1.27870660224316,0.913766236688704,0.494579139534926,0.521964905368127
0.690033293107659,0.704746386638015,0.358714963438199,0.00584369111317645
1.07883328991802,0.929857638958114,0.735227490907173,0.655410746782958
0.744594348050711,0.632451725408068,0.368161127035325,0.501375523024139
1.08015219970704,0.816874635348828,0.638029166311574,0.671839680532335
0.871113071796523,0.456185470201944,0.211970990099483,0.255588484879818
-0.667738753046632,-0.654436681317963,-0.568429234522198,-0.573221311051239
0.642532623187107,0.31786009872433,0.0956484729336638,0.0374998581189714
0.204054945771511,0.153436569333973,-0.113018015216734,-0.36591712357453
0.213480469984707,0.0548945417628507,0.0385880845929928,-0.0439472868491657
1.56348648073485,1.23181884793487,0.918141108076432,0.706169021708479
0.954975654165685,0.475766750767776,0.106341269397897,-0.0795527966214446
-0.11929437012103,-0.121599718891731,-0.243772967580893,-0.136447468446486
0.257145719480415,0.315609684093736,0.197091738334866,0.15882222453831
2.34696030469115,1.74253053972247,1.34854473509518,1.24258448276473
-0.389343022818095,-0.532179148146946,-0.474875876773591,-0.558171308536404
0.592445987565528,0.0767817500204817,-0.100321815739053,-0.271843003567711
0.929424909307081,0.741942974610586,0.692925511904051,0.587735259500302
0.366455865973536,0.22494493703315,-0.094755399635853,-0.380626674128727
0.7673699213342,0.202696259705295,0.0351862083177079,-0.195215690704514
1.003523621087,0.950559050043512,0.822675115078742,0.717460081077959
-0.0292633122835444,0.100687181543208,0.023320905262592,0.00534228585943775
0.912227392512016,0.585290040608344,0.385596832565712,0.458300874655684
1.93305609912527,1.43304866939151,0.922039539342233,0.900380351574002
1.80512553664492,1.39442209341152,0.904957748647835,1.02544295853353
0.166905944633703,0.539118559467389,0.652463664770255,0.758450517121434
1.11934402628395,0.675486416700652,0.252583772621442,0.17841357725322
0.715254470897446,0.31727059263373,-0.00549505093067096,-0.236615783534058
0.383224539242016,0.156525165211034,-0.0429628943075681,-0.18669502833434
0.757621643845947,0.73495725092985,0.570990137564661,0.494419365579122
0.0591140813806278,0.237408174520407,0.176574522437464,0.404431887498893
0.632075375538237,0.0707523593968435,-0.251096353806151,-0.308595175527657
1.38585284169427,0.827074443919332,0.382036809036374,0.0665957440115062
1.50162951419336,1.10793615257753,0.744062733003755,0.515829111539322
1.07327012848184,0.85469510238569,0.605764599722462,0.501582653743752
0.789723143029237,0.596714047225579,0.385050782693846,0.309507093503638
1.5076988536302,0.882864970057174,0.425594763177128,0.195121553097266
1.26622208843813,1.3091689176209,1.06608785856905,0.781066964940735
0.849072565502644,0.34666028786094,-0.0201293463015451,-0.159961990356121
1.13482592313659,1.0554759416005,0.855362427423403,0.922902929780412
1.15976066764044,0.800072685245024,0.462076276317993,0.240701557614043
0.995318487171005,0.867544549334625,0.597435541028866,0.723817662760869
1.47063333475907,1.20202337757452,0.829478091745062,0.865037190514882
0.956562072238119,0.625641409960443,0.468370420834242,0.292849728955649
0.721727129188669,0.710629337202819,0.566186759130741,0.500689674759957
0.957270693055837,0.95655339085842,0.84620652661447,0.820635876494471
0.00109104578471283,-0.400662083179823,-0.519223288753591,-0.693043496260329
0.650217293344546,0.260833655977143,0.104945143328541,-0.0715516120221317
1.46226781799661,1.30112658335351,0.897399777834201,0.50613131234558
1.15723032903037,1.36228433353809,1.32951956168413,1.34124194027329
0.885675787183807,0.140521506320182,-0.160537981135158,-0.425216489979171
0.990317750725221,0.782682742768834,0.561536246299501,0.401280014127018
-0.30695188183912,-0.520548058286518,-0.497071874643787,-0.612751167891481
0.949751849607244,0.638691244080982,0.430657970688103,0.48995205514643
0.583869190212604,-0.00434490400070914,-0.191501553617419,-0.42756747747235
0.990834375668713,0.866285690046636,0.67139674505835,0.553898341137613
2.46592372443687,1.99992065044646,1.58550499730779,1.27937541247187
1.20151766234338,0.806989313002303,0.256890165556054,-0.222471106913506
1.68928115296472,1.32939229711318,0.918032636102493,0.964732110015194
1.2985132258823,0.872208277149414,0.453928667050316,0.415717456576712
0.290799233408793,-0.188363641142232,-0.357769840485204,-0.553386456135854
1.09672908860106,0.559148070181279,0.1015644338942,0.051269168873713
0.886945980052107,0.658466309055363,0.397183694645182,0.309084686654966
1.51350873453654,0.808666541207182,0.425858430895645,0.348330802543874
0.625355023295154,0.427849537651337,0.196175395031976,0.0233571182359487
0.0303427601801723,-0.330851052169799,-0.419827253650206,-0.581463659934681
1.28419992246457,1.31507001206561,1.11991429657268,1.03580155045939
1.22916113960339,0.783452608415073,0.491683874604693,0.238678921209754
0.176751585274642,0.15575578175424,0.0707259718803968,0.0235853563056295
0.408498073113461,0.30145212880697,0.227127490811633,0.349548627155778
-0.264691925038751,-0.135037298990005,-0.109466098726164,-0.104737113943484
0.67280382745687,0.268910082032003,-0.0500571361797598,-0.152007704324619
0.273408265453701,0.0174523754785523,-0.0583355623913833,-0.175998726712923
1.22115005658965,0.927905474277618,0.718658690459284,0.738428334453811
1.37972678231231,1.3735740913937,1.09397955706659,0.778467538698436
0.933534366283893,0.776373646842122,0.554234805007651,0.44666402827076
1.48585240183485,1.10436244442216,0.699575944560378,0.699390033022411
1.20525415122796,0.96564257770916,0.615819450728123,0.3007992007419
1.32194533068128,0.999010563781943,0.7163878072835,0.513212761828329
0.910480885658957,0.742588555397474,0.582900038761836,0.451781333677866
1.15302777590174,0.689897089144897,0.317569026976036,0.078833348289157
1.06022473642592,0.535205160076116,0.12882672061671,-0.0546286240083405
1.2321905065174,0.926945080654836,0.647741814204116,0.491686301991037
1.70285660575152,1.65071548203324,1.41153208999324,1.29910111364364
0.753078005007631,0.601361629262549,0.340134379688244,0.411793176919598
0.531555116489592,0.7542871877038,0.457235640699321,0.119678220692461
1.02877404383263,0.748712279585197,0.39081160118402,0.0775548336280871
0.768957563489573,0.452402993245277,0.128177900409161,0.135663941995504
0.83368048978649,0.602386591546608,0.389430081319753,0.250364681069303
0.749214671730021,0.429787538816549,0.195532557112004,0.0895842723953334
1.14279647347827,1.00065929594661,0.816563105286635,0.667553789294503
0.637446057192778,0.00376823550538904,-0.314982524473674,-0.604852358453753
0.40759206227289,0.159890628897383,-0.0820024515304141,-0.240104761123612
0.274561790248133,0.155697896105771,-0.066110956812749,0.0363990510499038
1.26299428241244,0.919749644361095,0.770906120813385,0.567694410012507
1.66271563158907,1.31340135940489,0.995902910562147,0.802329711789266
0.633408485676316,0.483555557748374,0.328324241105522,0.202886133177322
0.755457457393338,0.307292164999202,0.105322098593561,-0.121929746144211
1.21704833881737,1.16869232910369,0.981222590686169,0.884111684659346
1.14082608303139,1.37147344342187,1.31989746510818,1.18799512904217
1.22319501982345,0.916218208666962,0.591270781569935,0.414290865605186
1.11685844674597,0.73750825451534,0.402657126553073,0.160482395703898
0.72672420885561,0.161769097318103,-0.145678637523708,-0.164186479794276
-0.0553483358630157,-0.271060002783275,-0.466895908659161,-0.590897714003028
0.788295022424701,0.335626830025624,0.187436873839216,-0.021619293944385
0.891158988665186,0.988123811371197,0.772083626802801,0.501178075356157
1.04928882441112,0.542768717933047,0.163830620411443,-0.0784633737210256
1.43890865783582,1.51480981590986,1.23435331725,0.904403593559444
0.381978861293262,0.194999698468739,0.14990044638123,0.0413304451039696
1.37436914055578,1.11559340148259,0.743019586482556,0.819064273554252
1.15023758413961,0.825872504962462,0.517404910915956,0.360150754004238
0.44238162028914,0.104078773143708,-0.230492558668382,-0.246580865737866
0.56823143486394,0.587559287978679,0.321682399236715,0.0380344102006234
1.08116800651945,0.75559435522326,0.381528121131247,0.0780401914602906
1.58874818407186,1.1245344083196,0.747660093048163,0.557158643380204
1.05622574462825,0.380055820501126,0.0998372567655586,-0.18859202617702
0.191999136253157,0.294179114496185,0.207552503284805,0.389050182443822
0.962885973408451,0.628972161143609,0.350334489161991,0.156697119543148
0.69830700388188,0.614315648115059,0.328785876966269,0.0329053273539022
1.12801613910227,0.844077216665711,0.653066207465659,0.686735514433163
1.47842760782806,1.05285416758063,0.738592734902431,0.569046089254772
0.734742124440841,0.75714079645762,0.581731290425733,0.517897536810952
1.47819107260725,1.11173804095261,0.688555373934965,0.694412209726468
1.85993428888375,1.45547170689765,0.9350468932277,0.480598807641759
1.31965727817645,0.915638101715019,0.557556411936882,0.332034800890726
1.19038552878312,0.606663965604163,0.16794902214385,-0.0343378998015848
2.05363072586168,1.81511919763525,1.50987314246386,1.38207752904706
1.27526001427156,0.878499666279499,0.534339494630478,0.333369139779168
0.164100061121922,0.0431659931863954,-0.108029650095453,-0.210424201287645
0.866359014710919,0.565041838890397,0.267319142508069,0.118739679153344
0.390191743612878,0.647112873114252,0.448633698295351,0.170147379516084
0.888249711453853,0.371611940556323,0.0034221041784582,-0.229547762196063
1.66672007322664,1.58088600518519,1.32117342625605,1.04733925473819
0.525221326426193,0.235215433250096,0.129517530269794,-0.0333621278463465
1.74575664582415,1.56662655279115,1.02065868318133,0.501113606412827
0.404938888413815,0.279973550777942,0.208499152093904,0.350825528019014
0.876389388907848,0.883684518249612,0.615937867851332,0.306923638839258
1.18283943539594,0.94401369303817,0.695737856723499,0.576751386995133
0.755249432460325,0.545698756279263,0.324151979356923,0.214593755342826
1.10382484503131,0.889210889839416,0.665272169152959,0.547496910808134
1.27188333776793,0.996745698769438,0.649392750544936,0.69704010787117
0.233165878091629,-0.439035221734248,-0.715189792015193,-0.936008447525729
0.690309621366099,0.582082408703243,0.506322453294388,0.61159893231126
1.38361728257091,1.06812227667515,0.77660774937052,0.560452368354112
0.74679737052173,1.00714103165098,0.869561411645509,0.643845760442797
0.838959783058355,0.48813500538009,0.183804191576233,-0.00438259069359193
1.17141518313366,0.812634851518093,0.40057881327717,0.0563033963915611
0.294095235673664,0.460473335131661,0.352483072292966,0.19031373529255
0.890122014370795,1.065936448595,0.970515255475195,0.804639510247728
1.02188269402325,0.488388728033171,0.201612365687115,-0.0576362849677362
0.982983976740741,0.288427615869301,0.0340280425668184,-0.197556295291965
0.439111955204295,0.0566132255772246,-0.162350507275968,-0.114767563769015
0.23190506821355,0.0428233574681348,-0.0897260798232815,-0.0559339548206021
0.479790289481826,0.65934584890947,0.621006346745465,0.626300932445791
1.68083501681074,1.22598384808358,0.838288863896587,0.544892498830189
0.504078086343881,0.338312135819197,0.0899063159794177,-0.0168275982040718
1.28620867673099,0.85028622637187,0.445210599298628,0.355938298106823
1.76830182406284,1.24570202819428,0.798392708736362,0.537500034307469
0.374350526314464,0.128708344636666,-0.0149539816651541,0.0870798853012205
0.640576764191372,0.236150462880288,0.104749012286503,-0.0875169583942541
1.40171176804464,1.12732455977777,0.755970075581364,0.768688560254624
0.409236858745397,0.221556676086207,0.0297212155674845,-0.11128402609574
0.50683989461812,0.462677018622515,0.363806053651522,0.322450258854357
0.952659167130316,0.524436081962403,0.322803345877372,0.102041562078996
-0.110522555690908,-0.167986199791783,-0.203902337653105,-0.0867843383598618
0.527755081096046,0.257873730507669,0.0148491235726385,-0.167813171261201
0.944857839287411,0.681252080334328,0.430663372922944,0.255846315520774
0.925708281873065,0.983827260026374,0.70132110290489,0.395600586791931
0.0646987411283849,0.102673995654297,0.0637605906060032,0.0238475326725998
0.556303038892616,0.453467904141845,0.372121699622012,0.391765072839363
1.6465181584964,1.27367452953773,0.840518621982394,0.798053608293603
1.23473432818894,0.705559689667331,0.348535254483796,0.241499797430979
0.785143927512519,0.589633502911632,0.451556363014252,0.524302192692541
1.10703083324443,1.04074159031153,0.780975192673395,0.500665949235322
1.21201464129445,0.8100003830076,0.466430819617483,0.215320650545531
0.308672604237305,-0.15284993862865,-0.348868812670854,-0.548977411713577
0.130918571884074,-0.0019882579171292,-0.219223516251216,-0.16604673743082
0.580487916140056,0.307997152550365,0.0436644772813476,-0.155909683228997
0.899828068484223,0.761225140035066,0.495109913311426,0.575521777565717
0.501855375313296,0.777530837114834,0.796292756402841,0.839974584418765
0.661868810779464,0.551362742881877,0.326730940261756,0.219772454059918
1.73806807442465,1.38512866700182,0.996016522199835,0.963661429915592
1.16935681638641,0.774544428742871,0.446127241259526,0.277303342549421
0.153739451236144,-0.0180409368735338,-0.112829726268066,0.0805539604644168
0.482694435870921,0.467909859134334,0.440387751556584,0.41474048543235
1.0579830886658,1.12409384950227,1.06217036836942,1.0714769036778
0.611010546718437,0.929345708555832,0.99733634077372,1.07298488518539
-0.284468162746017,-0.598087427297122,-0.673672335207734,-0.82288827307361
1.53999997441582,1.30988057152901,0.906272801386905,0.521281848392677
1.44917659846445,1.16351275667152,0.71115720248219,0.294151733334864
1.02785535670118,0.801581858876534,0.584856456458899,0.418465334923693
0.484782127953188,0.464418693972356,0.297208003727845,0.431090250917207
1.04083979279932,0.771006455570256,0.500878343635891,0.306803177832743
1.30477165908738,1.25800272445513,0.916662200951413,0.548407417773294
1.86761717018779,1.65095391758587,1.27009187426244,0.904108564016417
1.43759704215527,1.0069425896029,0.550313508977971,0.557392604039766
1.4714659682003,1.02564723233065,0.601236123084248,0.611191766393873
0.754355514809118,0.916631111474283,0.713478199836185,0.440675985470066
0.223973267222116,0.180780990393954,0.0809481833133149,0.0292123377575484
0.817779596795707,0.797937748208408,0.709351333920073,0.662259917259257
1.49291358741677,1.51081425522045,1.10544371771094,0.692052861975698
0.340283234317226,0.163541775651542,-0.0948673578584632,-0.206443532846964
1.00559791295257,0.831808598723988,0.593468647143437,0.444231791400005
0.536380862361639,0.350049042769672,0.0984352418999678,-0.0283809634879477
-0.274756283773525,-0.329748395888462,-0.226136493251254,-0.2797330594002
0.765496163261889,0.706354601345161,0.505827051658911,0.419678743174989
0.931806155716053,0.619918607870748,0.338364056054729,0.18148972245776
0.863786929181676,0.548044202011808,0.405272062176878,0.237279313723751
-0.421017927047209,-0.584823941982407,-0.564789440458215,-0.653477306844214
0.735540656594184,0.486821723070622,0.159596258929133,0.253214389069973
1.56417799633137,1.50318840376807,1.14613594423379,0.763534491405131
0.790050417615487,0.566480586400851,0.2883325168031,0.316837398135882
0.237338443417746,0.0624917082811931,-0.112236308471664,-0.238937219525777
1.159359349867,0.873255057203108,0.62525242202937,0.46385989131476
0.879351890579148,0.665921343386253,0.415116696320576,0.25120422224562
0.862880482168952,0.83139041552648,0.595117734916391,0.338638738973452
0.852001160490457,0.503777682320415,0.19582768795139,0.045129362781088
0.0757859600908999,0.22391301770153,0.209554733814258,0.221923360059524
0.786755019001583,0.874449913843531,0.596782383996032,0.265641421681988
1.16545354085262,0.924026657468486,0.638173666009734,0.629511132736136
-0.103948087908875,-0.0961630183596194,-0.173792167154856,-0.236697781746424
0.123509334037108,-0.127198530103669,-0.350741395646817,-0.51255469269457
1.40272101374841,1.14043953781784,0.865692885430744,0.737174669606392
1.26542812209675,1.13303604949376,0.752031726365668,0.354493596130956
0.876489498021952,0.813621105228868,0.607377102983278,0.516744919794876
2.10255002197903,1.9023349493092,1.47288498505643,1.05280478236722
-0.122172444226544,-0.0783618742748865,-0.045863922427284,0.0871460498912131
0.350486891075752,0.0593890507322593,-0.18680362503088,-0.365724760599899
0.169507043193897,0.173665769410351,-0.00194229676116076,-0.0691509624562148
1.61798872281268,1.24927244764871,0.864428016295958,0.759329626881838
0.823642019166084,0.628102670740378,0.375249733070143,0.226576978089493
1.19600541195116,0.608123669864969,0.29134894092676,0.423672353693707
0.662651782961825,0.461756115457609,0.260140056727323,0.116163620902111
0.980795194407893,0.661234164632765,0.382381311613241,0.191730036512435
0.438585397015896,0.340272410080413,0.222258217438935,0.150000504194355
0.781624823779149,0.519818376789489,0.261983947918745,0.0754706588148796
1.32992238510022,0.874091474549685,0.533426694294102,0.415627632638533
1.29250749110978,0.992938659568538,0.660378664265095,0.457603772044237
0.603537701435493,-0.0226041307332375,-0.416247166864977,-0.639334592749334
0.375294643266238,0.0624624561226961,-0.121990139776114,-0.0658808627601371
0.971243873740446,1.05138469313035,0.813281221069723,1.11176215982747
0.658345176175201,0.612991054275747,0.35255764041987,0.0845082395174818
0.604738983454533,0.404927959590927,0.12199813184793,0.0291664515217104
1.27235920552163,1.182758112303,0.985680528969167,0.941862134717411
0.672568833589963,0.679497192555012,0.68531046271662,0.803117043646181
0.954563236689277,0.540487571322789,0.281484520683764,0.270952083474445
0.684815072623642,0.193319013753393,-0.148464606541815,-0.35297350341135
1.14277453796723,0.688630627680383,0.323237258321369,0.0514038224225535
1.34011585313,0.883447429250699,0.531951372094399,0.358191428453156
1.41944152109734,0.939118213449371,0.337304544078149,-0.144389642646166
0.736186977148714,0.506329492761271,0.427480164373765,0.290909019590139
1.4429442552578,1.3594092214667,1.06971551485385,0.766496881674364
1.01493357216625,0.703536122937031,0.505322765861168,0.622418791316613
1.17530491621375,1.11264264285346,0.848218422293622,0.564096874977663
0.3137722367323,0.0245513697654549,-0.223815180185384,-0.369941975729983
1.39495927388871,0.791411704163947,0.419211048573809,0.0862487505526738
0.865077182291671,0.576062062762261,0.390031636213577,0.422643424053123
0.337799299422476,0.360674581091413,0.139516876237595,-0.0998462025207331
1.40529947628207,0.856695337264169,0.466789993265089,0.264395063709026
0.667556039999886,0.542998722234221,0.162549577678397,-0.190458091172246
0.691378625488056,0.231554609176528,-0.0340393487686604,-0.0524685011643503
1.14776532492545,1.19957831454271,0.998502454154137,1.23178547690064
2.21744912467427,1.68591880087089,1.24769092228392,0.924279986247676
0.664976754201001,0.635820987089276,0.449051764202668,0.363503404714333
1.5529923443897,1.38673006418536,0.95962290187036,0.536641183409266
0.840901265413858,0.876048550162503,0.902071061685826,1.13016987668343
1.23058900564631,1.07828358659234,0.692295499937261,0.298716694732124
1.00865109850835,0.932587677107286,0.538327915235795,0.158645363122229
0.414563599288483,0.152187407709934,-0.0165183274211747,0.0234684693588981
1.10376945925682,0.979346357637151,0.889524222923169,0.957361568838474
0.86460341792759,0.551563815533726,0.268591586455168,0.168461248396183
1.8085692040651,1.23830055458278,0.86024283106756,0.810492953600032
1.32098058029629,0.959666117527679,0.628819062519776,0.387298730001324
0.6583474562579,0.473709854360257,0.348783608634641,0.414327291947085
0.209458487181095,0.0772976427531112,-0.189239404800392,-0.0326328112772725
1.8983525419635,1.61072675776915,1.28524509797599,1.05264140063894
1.3754382978445,1.29130345953114,1.07101341609959,1.18116624833344
1.16868019334189,0.969734555114745,0.765228104892761,0.600697545051096
0.63001672250873,0.637249954248883,0.520872298697122,0.462318414564309
-0.209413829794614,-0.187486127990329,-0.170173282167364,-0.015924604024586
0.482349806024444,-0.103062424391933,-0.48698774829691,-0.713147751424847
0.669746232059822,0.141508798503982,-0.185934139362027,-0.254048624167726
-0.168937003258378,-0.291937387798986,-0.433538110167388,-0.540088901755284
0.712553634626011,0.462306135777847,0.281538630186199,0.255414535144724
1.34531609583498,0.782412475009378,0.356712826145402,0.121544014905087
1.38982216215587,0.904548503139757,0.451990382197555,0.186984446785244
0.389767179487869,0.0136578965142974,-0.0694624988415856,-0.21081174182321
0.258760048071129,0.154807000645034,0.162535724229174,0.0968746284617231
1.53758647402392,0.987550833534973,0.530299401107385,0.44866350703646
0.748223728726287,0.147324420669515,-0.219691425934914,-0.350593437464068
0.193933052882477,0.0198741645848001,-0.0252863200073234,-0.117918694311757
0.354386786143156,0.362431598275225,0.29355298323805,0.284208224138482
1.0766075433119,0.687115757373865,0.472402034437752,0.59061726671504
1.25828399737091,1.11336560781751,0.880767897798194,0.755742572729945
0.225986611406036,0.0549124811575946,-0.0580086859155595,-0.0100346539558291
0.646057867885675,0.394944123233009,0.142085461838864,0.108423069914552
0.0145922258996846,-0.183734068622042,-0.374662807264136,-0.515330828753374
0.620484948836735,0.226382527243677,0.0746883078698618,-0.118172810516437
0.54239214987073,0.0259823347573283,-0.276688300869442,-0.501743719602649
0.756573070845912,0.460918538148217,0.179553349399946,-0.00834596229724827
0.750732459485464,0.599846568606475,0.331300790936417,0.410665508943295
1.18367769449889,1.22756187837335,1.02654807845797,0.965685911706578
1.36570383849761,1.19493872950343,0.871028835770179,0.549976391693541
0.409318208667378,0.0638614038025305,-0.248764374653867,-0.441058679101935
0.98504696118955,0.624438748264125,0.281384985780536,0.167790838664274
1.38168345568332,1.35677618578714,1.23264231679872,1.15764332886297
1.16442141705374,1.22508543072563,0.962535523036701,0.676043756356262
0.178575169699942,0.0565413002683313,-0.160099963934669,-0.242411021403485
1.5867376238167,1.20944844285763,0.792672948942415,0.821840252085471
0.836955191719727,0.88125777389651,0.59665810108322,0.275943631152841
2.26499826489947,1.57421171945332,1.06875055815851,0.793296894872665
0.468289465312561,0.477054441036283,0.393642415706718,0.379080711800094
0.865494284550207,0.939857304872681,0.744899251369419,0.48881862743478
0.243274680237431,0.140780848666028,-0.160650164094367,-0.444948226084559
0.905644853265802,0.678513342852098,0.454473273573269,0.275822780637162
1.16888721421086,0.710476247947326,0.38424860562598,0.266392767764883
0.568591773997301,0.415915721169638,0.117544631491027,0.248110161705555
1.74963959416211,1.44720990295728,1.13923706936497,0.97513062940845
0.587888899055666,0.456608691338138,0.278534176228847,0.206537447604392
0.303867987595009,-0.043628211922548,-0.245282830468872,-0.428235319401113
1.35483976704331,1.03626592630352,0.74531115638482,0.539204468688894
1.01337429630835,0.580972878395401,0.234915493487235,0.0165344484546942
1.21104169283225,0.749171753234248,0.509143088178732,0.278182152563004
2.00220325634745,1.47084236718761,1.01767147750604,0.846559585438445
1.707010345925,1.50014228834739,1.04063343654549,0.582086464782281
1.30361425059972,0.950811386812224,0.624162935569972,0.43614835518674
1.00498976744979,0.885690818193038,0.682754228001447,0.707179201631028
1.52856564593593,1.08343461444961,0.660155725348775,0.401749563481717
1.49356762109519,1.32246001855624,0.967786628719084,0.623931586604041
0.846530998525753,0.701893864718643,0.605782517827574,0.740454357805214
1.22897275174577,0.698320775595366,0.353196747254064,0.240405649002924
1.55287687780656,0.990883533397187,0.548010343760048,0.294778788705204
0.63508324521055,0.299296988608407,0.0993137987900818,0.183800146274536
0.888694515216106,0.842543431234777,0.563906297929881,0.796285887695967
1.7556111315957,1.38426163232863,0.921356368795252,0.519408938577733
0.0747785459353453,0.0262394765775387,-0.00393881547217867,0.157371006979603
1.13851374643089,1.03372440871175,0.755751892383583,0.46601218198549
0.928225043708641,0.633500524612586,0.371265512918634,0.185411745806626
1.01168680748245,0.653485895015227,0.269764029934335,0.220916512234153
1.43020909890258,1.24544001377179,0.837568193810903,0.470095574798984
2.43050344842618,2.06537386176883,1.7034447481669,1.45711590877957
1.84597203368581,1.35230108192493,0.940112803979793,0.693175701652207
1.18225775993026,0.724514719559079,0.399176946902624,0.254716496000989
1.39343584769248,0.859300290172053,0.6623056500547,0.434052082050174
1.87323388021769,1.62668093321171,1.20921787025406,0.818100516453688
0.946785721009179,0.567127810984159,0.233028405091105,-0.00114151489007641
1.84196604033593,1.58849604053498,1.31116305943266,1.15821726339037
0.387048976283027,0.403766663866139,0.336384822973507,0.275474814029625
0.941282633124625,0.573929419762025,0.34126689494064,0.335920344212127
0.321440858782294,0.38152212666743,0.263881673473109,0.110984505143872
0.995476919607122,0.546474630090818,0.225936651663777,0.112550979041509
0.977434141654168,0.585886972452305,0.279833391053494,0.118281522706449
0.906868952502754,0.909481379203059,0.718484376936699,0.641636729557845
0.449502043761164,0.0562027480877686,-0.223822464830912,-0.396360265369622
0.762147459706346,0.484708742896581,0.407490028817776,0.253931044808469
0.909242509212997,0.692308384622549,0.533191863399854,0.539510432954852
1.36980291650234,1.05685011747,0.741391547198946,0.55367985444677
1.35037660686464,1.08440716607429,0.829275936541044,0.667214867400151
0.44643256297551,0.185788326138706,-0.0975260564784446,-0.253050394693579
0.275948322586627,0.0525682054506478,-0.180824535202683,-0.274891262484537
0.373376374348275,-0.12990454090853,-0.426040514722931,-0.666591940374771
1.00572682784077,0.982853287252477,0.967481489340701,1.14200337619294
1.39838444625097,1.18706266330056,0.969246321802131,0.808027104561257
1.42848688789665,1.11821052398061,0.794589455844718,0.618502127060654
0.822707384284574,0.732311342837564,0.49905778411835,0.386137697828409
1.04929006236841,0.816513810084448,0.654759868614379,0.730873912021495
1.14213741323798,0.784538808528175,0.478916930356008,0.295110814901764
1.46477210970209,0.937868822530713,0.414561093895359,0.442462307923767
0.242649073363927,-0.00687073714752467,-0.270723869230269,-0.413481927530565
0.692679030112626,0.916540674238428,0.812555531207458,0.799453994692225
0.749407709765004,0.551763666976067,0.326845138747791,0.216191057884762
1.03144194556963,0.974984386318723,0.708483048783986,0.909354824961825
0.771717582558151,0.894454121971991,0.867937635612057,0.871159114405251
0.77924064063184,0.555272526736094,0.342737948566359,0.196228783511243
1.16608356549602,1.10194141942881,0.853763959774533,1.01109559688971
0.730548105035173,0.733245320671746,0.614913158963825,0.552586290306694
1.21632200090286,1.18611176245246,1.05973295017171,1.01722667386454
-0.136882001545134,-0.283573707062282,-0.538610243875005,-0.764467206450221
0.899367458642437,0.928079697379063,0.772365003685946,0.934149564018996
0.482720805423777,0.101628202514562,-0.0224149020916232,-0.185102310061305
0.122759135378032,0.244379436134967,0.226566935933633,0.16619664499723
1.61416836887198,1.43815968370331,0.994295250290993,0.561616034108195
1.66025891496036,1.47816441694567,1.18029130116815,1.26675210944449
1.41773261700411,1.32120803934246,1.08667427645855,0.989584202543411
1.06032604730114,0.720333986740403,0.380148570731275,0.176611875510704
0.0170778587002256,-0.308260939733017,-0.42828040561688,-0.578650457717542
0.563014181915561,-0.0282992260800895,-0.335177988940944,-0.594996032926985
1.03948175998605,0.778531519735201,0.315475128210079,-0.0923182288875652
0.762070098962311,0.845285148592381,0.736616242866439,0.588412204146041
1.06263445958211,0.953323600962333,0.761743807852794,0.697411400026536
0.870920093271374,0.486165074663403,0.183244502233195,-0.0157403595823083
1.12718066097786,0.801167352870139,0.569267050956112,0.49775328649735
1.5877450691048,1.37471299447074,1.10837966428321,1.11077009530714
0.65736790353538,0.266124676637441,-0.120192872780584,-0.0376150961944718
0.761970932831736,0.524799041435165,0.354717686837392,0.331460704962728
0.36349639962376,0.195939277635405,0.0774205689834113,0.0991396907223896
0.77051093518784,0.766119561651944,0.555985524764789,0.326794905750007
0.0752135517844529,0.000413171707200344,-0.139760830629854,-0.214039726813448
0.940843667527572,0.55065521830612,0.233842774565537,0.0940455791262849
1.35103378593106,0.843286189397243,0.449242365062086,0.237466462618843
1.1080402618554,0.712219778133113,0.315462495641979,0.3109879154805
0.426979344129717,0.135109714825084,0.111715109348778,-0.0367659814017284
0.765535380954883,0.823134460128987,0.47862953340948,0.128840451337222
0.383109212612169,0.214617565959972,-0.0415004264723503,0.0261923730742737
0.851999400856579,0.460821220538305,0.312028252202635,0.100018700571258
0.353272593000766,0.186164644734763,0.156820747650138,0.0647429613539191
0.440163477007246,0.219664951981709,-0.0263574879022265,-0.150845523419645
1.88877231106805,1.68534451187196,1.41087276051192,1.25981147534684
1.68631023218563,1.07418546771761,0.585868844021751,0.325110439966066
0.982170308614875,0.826823139391969,0.533985577913041,0.668749095696323
2.55860437352263,2.45077358882692,2.06325469444796,1.64683562604714
0.255798897070149,0.429192490241649,0.404092026799603,0.414903090596667
0.256374650613787,-0.120716875147935,-0.269738184660429,-0.43860213988088
1.42770896120245,1.05499740519622,0.880035388545801,0.682799126322951
0.616243328145397,0.938074010042504,0.730648456373379,0.42117534999475
0.804173501238593,0.664088302843709,0.566394695962942,0.659257004479184
0.692873682373234,0.480058536613501,0.222414176733658,0.108909872316711
0.730465812597874,0.749045691416543,0.629526765158924,0.573953834090977
0.904653564731274,0.572430618730875,0.277831004801443,0.145843350467262
0.301167068191216,-0.160460726249328,-0.420607067140049,-0.452475825300209
0.886845316138552,0.488368199399386,0.160772858466538,-0.052642339725485
0.843358810636658,0.745153784683948,0.584077145607058,0.454580435818289
1.2971964143045,1.24139578395345,1.06259026089572,1.12997264297609
0.75249907107115,0.460541427810985,0.197480871743461,0.063877878648478
0.720329410531384,0.479362826874651,0.271366893798645,0.13008227072039
1.08660788641134,1.03384176184257,0.679072052581241,0.336076864327944
1.2863994525375,1.2855509349488,1.16120537746932,1.25409934272355
1.63051885930944,1.12957815000482,0.748372401101558,0.506778349984704
0.90090996475484,0.753763364917032,0.525385705169422,0.586360037548491
1.4681692416052,1.00052026922935,0.608095422738739,0.451837676220762
1.04190273161111,0.665129684647073,0.354994938556919,0.175392277237944
0.407515731925084,0.117451267940177,-0.119592553710267,-0.292418755703537
0.481930680682445,0.205669223384755,-0.0368062544659852,-0.205922216642116
0.807970049444858,0.54571748812074,0.217119606875752,0.29917653195605
0.812503878791282,0.734630007466161,0.552376424838616,0.450146242310855
1.25767496864974,1.4395616228558,1.28791652707368,1.05829924321761
1.62410887632534,1.71763604660371,1.54594599529755,1.31727294160821
0.505285617705484,0.314716993727569,0.186517703402831,0.275221700869596
0.893117998086733,0.664829872086796,0.274197091584528,-0.0615148652647027
0.461792339087897,0.189980545309369,-0.0599906897343868,-0.179046888874803
0.963626760246253,1.08473321935351,0.757901072713796,0.409460083123575
1.27968952455951,1.04180163838108,0.82382189954109,0.660817351145509
1.15232207865152,0.968658968839642,0.586187793942806,0.234717010515934
0.0452918861567161,-0.0328311582179966,-0.208937904452664,-0.12546224474664
1.1989512282247,0.940459851245309,0.638786946745198,0.467974955346779
-0.759171642038598,-0.429967442166163,-0.225263686679568,0.0589751433039201
0.876553980110624,0.408281258880301,0.0378358064468254,-0.19600502364173
0.405385010174818,0.0764674397648264,0.00034714478225234,-0.16965326485171
2.12699484917334,2.02159974035609,1.62682182322639,1.22017788621591
0.817753169483733,0.325696118821319,0.000161598050782197,-0.099807640993348
-0.233587747599052,-0.228161574094358,-0.1179698346879,-0.14085867587267
0.0283357906351864,-0.276820372034033,-0.467094769131184,-0.437810237412033
0.234913494966666,-0.0862970760666034,-0.224226104274502,-0.389442658152368
0.981321731062135,0.605545933247059,0.265182674411271,0.0839104245981465
0.338230554669934,0.22785883273742,0.153010108592877,0.231018623394905
1.1426322117128,0.638418229403799,0.277193765019901,0.072113184221341
1.10255767146459,0.965947753632391,0.681256669497967,0.81393867833855
1.06364263692454,0.774263349350342,0.373833635829932,0.0273545555775853
1.63535874525119,1.50067711861931,1.06978413432948,0.638381944307308
1.28773005409872,1.03347908716736,0.743064333928342,0.605433434943463
1.57601395154921,1.48423896805724,1.31913172142741,1.21616939120429
0.580084467953206,0.364237490639914,0.156634217134948,0.0105857939074931
0.920117511347793,0.582573796577936,0.45369982789404,0.28841830995
0.644833295436802,0.327615565350446,0.145429726023378,0.288760353108885
1.25341137876884,1.05944544482624,0.771992662403151,0.816262979002184
0.618473949465879,0.0634679761184326,-0.28174205722668,-0.380284714692571
0.953235888491399,0.639114177714771,0.264453034920058,-0.0472072912256642
0.814750056179029,0.380780303545409,0.12353485639492,-0.106972633370902
1.34290117515841,1.11912356670706,0.897698743917127,0.735504832953351
0.953038469945223,0.602309088976542,0.307209592063308,0.123174457147708
0.38722532626343,-0.0409169734614055,-0.245196007481721,-0.432149117107168
1.09507722827874,0.681300245303254,0.410374753324555,0.353885566330024
1.14099945500435,0.704230176689531,0.366625275084609,0.145479862336101
1.01337429630835,0.580972878395401,0.234915493487235,0.0165344484546942
1.16431709601332,1.21184333946453,0.957626692895518,0.668476996145126
1.44825539694942,1.12569329664385,0.724840368115921,0.748031900728223
0.490972642562345,0.115239556069603,-0.164222834202864,-0.337385860518424
1.02811006192058,0.607924918968919,0.34918839736798,0.391837142843338
0.946583157952526,0.598793088484667,0.26041690123063,0.188951026343206
0.0414731966351904,-0.167437343289319,-0.290655696730428,-0.164798303000746
1.49052642969039,0.818664172180412,0.26731261969914,0.17032855961343
0.812691354895949,0.568185323618758,0.405102148579845,0.460180686037152
0.353214228454727,-0.112437543834486,-0.44645352240176,-0.604613724327867
0.984924480685871,0.74484597468674,0.410029865939878,0.457191228481391
0.988550150751456,0.881675582221453,0.677595395616066,0.473298111543539
1.38815623185021,1.35454683532577,0.941278150976164,0.526770112305562
1.06519744669443,0.523275063774165,0.122275173173732,0.00587785111594719
1.30620717556189,1.26908368159452,0.85723225416639,0.426110109722437
1.49078057350707,1.03728792969075,0.502198726138631,0.0526542167275743
1.16949423667336,0.794508038656857,0.431798752772013,0.228433064305325
0.152148145894093,-0.243426050855607,-0.399758000660255,-0.580977100026915
0.0648597070847945,0.0330970856003793,-0.0465673795328095,-0.0962499036021311
0.70457664048262,0.482164902318502,0.231982189877526,0.0747146235109409
2.39131462421168,1.87052029355548,1.42944287572093,1.20617263939358
-0.582720452601723,-0.277727732896724,-0.183590652083864,0.0839721779571442
0.766119535881009,0.755858776334624,0.748562340704322,0.884824483699884
1.04785523460876,0.765056650803228,0.506355434498341,0.393119105972092
0.519269207338538,0.637390894171424,0.374478216425028,0.0612074224341082
1.49822143488482,0.959425706970271,0.523207244159634,0.28263090795729
1.69750037368543,0.826710208070471,0.291067507564137,0.143113382884765
0.931871293600411,0.717285614140947,0.464326827988042,0.321925492864816
0.0462450499454333,0.275657705341658,0.24635332186027,0.138303098959303
0.589464210938388,0.400107067502872,0.302411566045029,0.508945472182835
1.2353732763136,0.783351562310507,0.426861044458712,0.182076648810939
0.507952550053879,0.148634513202622,-0.139160239321762,-0.298963502412329
0.467283745291011,0.263285810270667,0.213995262281301,0.101693887177905
1.03780344021996,0.769534823106998,0.497977703308677,0.344036476674931
0.379387146843209,0.327137478124573,0.188980523691937,0.117571567154106
1.11165895217216,0.805427437108352,0.456141347400527,0.153138795245313
0.89558984588173,0.763187613652939,0.50257436409191,0.383760881105464
1.26977502423754,0.856149168529592,0.525349179700312,0.297295834940787
0.07501611697141,-0.321661635999563,-0.492689761081524,-0.667451041078256
2.02649169097438,1.6910146662334,1.29037242079366,1.24101215296208
0.780190560781183,0.348434619286345,0.0816102358419741,0.121036098585283
-0.164033080443274,-0.381566371889395,-0.42108187794701,-0.540262430630232
1.05694195872694,0.936712629381634,0.461001390236062,0.0305086564262035
0.981222835061258,0.935958829733963,1.02271201590696,0.980613186243742
1.58594528651069,1.30047014543651,1.02495718788071,0.814206190033484
0.545425727159536,0.26246088220883,0.138785768144817,-0.0221772807321759
-0.763603921489674,-0.432044303356254,-0.295746035207109,-0.219566438516029
1.64396709094229,1.53001019018779,1.36132772842221,1.28058441028663
0.719186788969837,0.308033635598136,0.0797903515765417,0.203394351110296
0.691793206104207,0.344410067763284,0.057122832394035,-0.119976351834431
0.249427961962823,-0.152391057476575,-0.349164801894652,-0.221700871614487
0.342804701587594,0.04001546735508,-0.0591084811459194,-0.201499413981395
1.82298892960873,1.56306418572207,0.911827127074996,0.385328161066581
1.16929705552057,0.880970117635977,0.683310161894648,0.714607975529452
0.0996010915284894,0.0683951344135319,-0.00647445553881493,-0.0430169566503143
0.612594513389765,0.565978787899432,0.417834503843739,0.382833575613213
0.933941636595135,0.784516085794476,0.582024589150127,0.458075121739516
1.92203764760624,1.6377502045351,1.36588587671227,1.15439411873828
0.885089624049392,0.749600400917473,0.614043820839964,0.499663206041858
0.98626865955054,0.308463786260017,-0.0460684584520904,-0.335289664192809
0.925629286809737,0.533068072388467,0.213976312871055,0.0492710118193324
1.39158566562877,1.07805045178259,0.5924565016346,0.183774630278589
0.932862380533417,0.436367352548107,0.180127525385791,-0.0554775643024752
1.32871153755678,1.06716558303969,0.796256333475072,0.661683158530296
1.26888296182386,1.00272957708793,0.816132849943623,0.819500021726767
0.543996852955822,0.112390821415711,-0.0865744101398617,-0.321487650589392
-0.675710479694868,-0.508717453590675,-0.284696884550969,-0.225852488339509
0.770582614604871,0.783904681578083,0.680161567222195,0.630185709218825
1.14236530156146,0.986380362754983,0.632807602405427,0.29173239866468
0.637440798381795,0.460912738856954,0.344689071255928,0.443781152870122
1.28284627851099,0.69699783028673,0.310625598341629,0.174632923797167
-0.386289384587143,-0.337601853829843,-0.395801122378526,-0.293801480842889
0.656023195998692,0.641927524329094,0.487601529761721,0.424320146858976
0.335510658710618,0.0106493307264095,-0.101068436575292,-0.250087221145692
1.6768804440275,1.09819563882507,0.651933928600113,0.40419089485962
0.370679657532275,0.291790603361659,0.174703162015642,0.082971773506718
0.758970307460041,0.76432103553649,0.554403194269977,0.320541220141521
0.0881343557115251,-0.0250900529541035,-0.217838766342592,-0.404008753661565
1.1737676624734,0.920097035845882,0.653351025328005,0.546812685749515
0.229281906107386,0.189349744554678,0.0977466268681274,0.0214019667789062
1.49859486670592,1.06406855609675,0.77518172906285,0.794576652774087
0.457486926780139,0.209179209624586,-0.0252576497160206,-0.188519783937058
0.34814745505829,0.576458801374503,0.556064299856407,0.575979559086634
-0.167297225786966,-0.367512847016692,-0.467162660756591,-0.33296994180725
0.100586334952359,-0.392775698896958,-0.484598674278234,-0.655315003688097
1.09894401900908,0.733892693518005,0.419939479783333,0.271954148417545
0.783460624351598,0.628987142264456,0.519560501139943,0.58835400145551
0.729035929932696,0.675451588721643,0.556498198164084,0.496797066696036
0.552682262939419,-0.0588673607204881,-0.275188412864468,-0.50377812723007
0.212186191848,0.195979713688552,0.108361475902006,0.0843896975848631
1.23346543567561,0.824473582468661,0.558063005149296,0.539561925050116
1.2188369599873,0.982736345141489,0.665180945084726,0.691352524372852
2.7482835200731,2.29418114024453,1.8760955970917,1.62359073021879
1.15866402486714,1.07176932702545,0.799004161957427,0.519026435070272
0.312006722885482,0.518887415159432,0.448106898005649,0.299031732598682
1.02191336459247,0.942592254998534,0.701270416085191,0.598060883454273
1.53758647402392,0.987550833534973,0.530299401107385,0.44866350703646
0.961955343427467,0.770218324523557,0.475112920778173,0.201646219914626
1.38421442067595,0.878165008140453,0.488566496859824,0.319183737511149
0.415958196175429,-0.189121324380043,-0.370284146248106,-0.564798016361484
1.48517997933827,1.23733403339266,0.940780251245741,0.75914073994725
1.85181581278124,1.54742064349922,1.27618955530136,1.08337495131499
1.01791324564533,0.799609609156745,0.499999871209948,0.548693691326157
1.75570063115718,1.55681325085681,1.20766712842087,1.31490635920109
1.65122359022244,1.35503101261384,1.01643301515613,0.804662265146639
0.98975444848297,0.680368946524917,0.159052694292534,-0.273018187680796
0.529640732938102,0.281417349721247,0.0577361394500165,-0.104709163896181
1.87703608631872,1.46054492631727,0.989807440089099,0.983732486759916
0.988095242690862,0.768161129813059,0.478611008534907,0.508329813152398
0.903848095152223,0.834671398780514,0.626438201307542,0.523889158797355
0.236161563919851,-0.0616757193910865,-0.143066945577595,-0.292687783163246
0.886292385898866,0.807323862414971,0.750028560532093,0.881434948080876
0.36698667651312,-0.0479002056682032,-0.143288737951265,-0.313197567316879
1.14364414984334,0.759097322439821,0.444121524144331,0.231489769595788
0.743934193659666,0.651256779401649,0.348676691974026,0.562480847616495
0.927955750439954,0.753174143445372,0.489315770578772,0.359734449825456
1.57313343600151,1.36383483864646,1.08749295334421,0.932453164607157
0.858240886833196,0.538533189464921,0.241550733252866,0.139988925443513
0.896624573069772,0.387633505365921,0.119354768839244,-0.121890069839218
1.46237276477071,1.266734310237,0.975058417227652,1.01140237279783
1.39646262244288,1.19021118718918,0.851139751933351,0.53919103891871
0.399982853506319,0.239299039227442,0.0641743355680224,-0.0659486667686784
1.06173329561338,0.719689103184342,0.408681420184466,0.179792625265665
1.25445369784512,1.08089980850577,0.869449371859419,0.750669002678031
0.818544610941189,0.767946816906239,0.627799960586774,0.586712554441001
0.758786615456549,0.795321026701429,0.70433144729633,0.661696144268459
0.340984293937038,0.280596830099971,0.243263649076998,0.406514489812358
0.837122911049761,0.433589866697758,0.161587235896018,0.100864388003721
1.18865430415932,1.19088610551732,0.828143945296384,0.440588764508884
1.51906084592087,1.24589837161069,0.889839677882499,0.906118378090889
0.515760554207385,0.413503980577785,0.240890209429822,0.169602381855812
1.98414147307185,1.74681348890143,1.46586140789145,1.3310902474183
1.09099438515205,0.797278176467524,0.420004379552126,0.45857570276159
-0.820223992886362,-0.607043340093735,-0.477003482522603,-0.248716078083032
1.5844161501868,1.36031893319492,1.15272058178446,0.981841788255169
-0.293023022451044,-0.446382856765633,-0.544728237682886,-0.479022029913854
-0.307170278364792,-0.4452290704462,-0.460490683123988,-0.53730425697101
0.772036713796746,0.67165386260637,0.463619517210664,0.516130715973709
1.11565850548263,1.03901698083278,0.683330283357096,0.316127988516543
0.923491020531335,0.558550388231948,0.16631109933467,0.172381862458755
0.0719664676028605,-0.374004781726126,-0.672722819495634,-0.846028832410048
0.105118973012954,0.0863070772928431,-0.0224550848908071,-0.0815414382253469
0.674097983000105,0.651473393114416,0.418064142130271,0.1746324003091
0.7245067270036,0.33679224782554,0.156555269569058,-0.0164627413776008
0.59418153397077,0.727869205739237,0.552044927340703,0.322325343009594
1.26133895937004,0.862859387616099,0.476628062830062,0.451360151396442
0.822390364140842,0.711029557573461,0.519319835770808,0.546264963084223
1.06298993516721,0.63278967959842,0.292689844311537,0.0755986887344308
0.695161486171645,0.651631601690405,0.483096209992452,0.406762134539811
1.1121113100888,0.887050687985639,0.539373986115819,0.622439913509645
1.28787834950998,1.08494030424648,0.828237617996492,0.692359811130017
-0.118435242131745,-0.15236589875661,-0.170409978428242,0.0299642995949545
0.412599480101605,0.0793533996893085,-0.188970324165274,-0.360493605382279
1.2601173344162,0.83072764037639,0.413619242734558,0.426611734320725
0.146623022964239,-0.323726566034965,-0.417437395898956,-0.577862749720522
0.736309907088718,0.863730171496416,0.577394003692594,0.247593234810769
0.297936603751382,0.397742853671768,0.306348850170003,0.277934281996762
0.522728964274908,0.418337984218182,0.396965263908131,0.325379420211103
0.758896421388747,0.896315596925117,0.777863822127914,0.74883691693984
0.581107391007429,0.308593770316524,0.113692331180597,0.0457797474643989
0.873467371362222,0.427256513060568,0.215239788468482,-0.0038717483997571
0.928617341167002,0.518935663646891,0.174378298779108,-0.0662377861405192
1.33264407480507,1.03789225468609,0.666716075061019,0.66881759044677
0.87302243582586,0.76705053548407,0.506939699088538,0.40380563001458
0.368796207578517,0.317698179491776,0.171465242778502,0.240619171246987
1.38455734674622,0.97912166227042,0.733288922722607,0.826423894201658
1.56669814346609,1.21158769799056,0.789218801895905,0.408496987109116
0.493144488204285,0.341742061378035,0.24020220915206,0.319744590095318
1.47861504178123,1.55167614889369,1.23174235747003,0.85398765445728
0.97165853117967,0.62801921351588,0.332206587709896,0.204047706718161
0.691865384968775,0.716487027571225,0.611300179039424,0.561701547844994
0.184936542135824,-0.107078391537995,-0.350106067894759,-0.478681273120886
1.02824366620158,0.920843507827271,0.671356073965713,0.763974686544284
-0.359606525916636,-0.297255074576364,-0.34178515528751,-0.355505577363605
1.02781777895296,0.613161354234963,0.245169841762536,0.0686346795347774
0.0765879330094114,0.140824516323273,0.102292820301248,0.0605114744101887
0.518922493789117,0.497727590533065,0.484715204721346,0.696595718646699
0.330183426211933,0.171661667475107,0.172143997116702,0.0801244020777134
0.524335311395896,0.09582977574775,-0.17730114287435,-0.232870146036943
0.459496419303334,0.307491132969362,0.144719644814457,0.0806861589363812
0.156797036851739,0.121613993086893,0.0357453913192677,-0.0354613972726678
0.620199814918123,0.626754153284013,0.288199821572105,-0.0538555167668288
0.339482107995612,0.333314220177322,0.195654947792247,0.136472499901861
1.06005591013806,0.868561016497787,0.666849476838581,0.522850199768719
0.632298413901691,0.653596071140171,0.66931657033475,0.865019247108329
0.511195624160928,0.10263963149354,-0.0529208122667686,-0.24168856605893
1.18450250106523,0.843160372687221,0.549287171915398,0.347074055881863
0.855966279188737,0.79024761790215,0.536621807590817,0.694294126421679
0.631560750106661,0.871122247469748,0.676784078876132,0.406402701651459
0.887985958044143,0.911445888717898,0.667474628014987,0.390161960060108
1.72217037881747,1.39927893076742,0.943362452876283,0.536586332249597
0.453797225980576,-0.0145921714749329,-0.138388001484962,-0.329496305238941
0.710606126739575,0.812597136244244,0.618700250390949,0.372008260203562
0.992824441908579,0.643276308817975,0.335798719266647,0.122810735532571
0.968334127012053,0.898681825121769,0.692378914974533,0.589814613301008
0.482508311548107,0.245870906718574,-0.119606362506556,-0.404248396918654
1.1165356029599,0.632412698169445,0.303061256890165,0.227300533846237
1.31120881983657,1.1057777274439,0.966011411635371,1.06958932970031
2.50735482848731,2.00957491788409,1.65205347823207,1.57693885193544
-0.0975594692248376,-0.233809956848627,-0.228356158636245,-0.313327733545415
-0.122643857772139,0.04265811169302,0.00560917785163856,0.00998638591025613
0.569250128617975,0.538579848399415,0.410516446701319,0.351350914050272
0.232686345135039,-0.104488073651474,-0.295115334812032,-0.245647863836626
1.69024259662539,1.12335216176234,0.658335260385724,0.424095393711195
1.087194649008,0.971215592458977,0.744410744377896,0.511002493648142
0.395429951425796,-0.0159256870661862,-0.108962419362774,-0.277271091159903
0.552211792922534,0.718280631850131,0.707101881775926,0.724573916289475
1.12727367240326,0.99197175286981,0.712924241685762,0.813580417210577
0.848631770333935,0.517948700737106,0.16907509600341,0.136183558683865
0.196807397450618,0.234048481618086,0.127724407196221,0.0800475802263982
1.59901951796079,1.03333848287902,0.804266746975776,0.548480521617766
0.677721259493782,0.7596715947349,0.573664673114276,0.339924214949212
0.675149970290789,0.149331233273191,-0.110728070184221,-0.344825232821916
-0.226371003058175,-0.340914456164809,-0.318254532493739,-0.388144260521947
0.388711009903816,0.129903946065081,-0.0159031289191374,0.0599820453951646
0.890602314559124,0.718884395943455,0.544157075702387,0.417484853630478
0.143631134391733,0.0328919736638252,-0.0386601485293481,0.0942594999871608
1.17179802962274,0.985688565444101,0.854161383192239,0.936563938501017
0.888334859868024,0.754275006449924,0.337275738590735,-0.069978212195521
0.907185438623483,0.868486659840278,0.49925742747855,0.123150677046224
1.12977330926924,0.950810657990301,0.771679043617521,0.632014311980605
1.0774305545275,0.656023320894141,0.340449466976461,0.20036550845292
0.59242361182289,0.327499230220454,0.277216980948808,0.135627898380352
0.66334937095262,0.324859910290786,0.171728239369951,-0.0115703295288248
0.451532629595588,0.0339010770124246,-0.28618363585372,-0.488192562660236
1.00809226272494,0.942465915311515,0.744983135476877,0.65069016947857
1.88455126915082,1.54203506084447,1.21843363072768,0.968761490916051
0.313946834326028,0.387004150906367,0.306244516099068,0.452930231090307
0.213572273645086,-0.0534307460342642,-0.224920549506249,-0.210077399155338
0.305893687306198,0.288178293103788,0.149592513442923,0.252774445120901
0.791257956655815,0.728859349599285,0.540544189708068,0.447097401597607
1.33215544286636,1.20134215411892,0.993475405424766,0.916235470979142
1.5858329035548,1.05334279147381,0.520900102101769,0.586282220934383
1.00398600732312,0.644143122604166,0.340466084399442,0.20215408599486
1.48235186108651,0.972364857276937,0.437776826757405,-0.000596039748919502
1.10181850586942,1.39955738502238,1.26217426175484,1.0063833358112
2.03409829263029,1.64677260351819,1.16920557836245,0.742601844011205
0.866055892308635,0.696778695415216,0.49542644881912,0.399703356477067
0.763059947748694,0.392286820293048,0.0503740016066406,0.0128493392296553
1.47227480197188,1.1533588942558,0.820117170000423,0.627501054245822
1.41082572122419,1.26033096691481,1.02980012681665,0.957249000717549
1.01292025562646,0.500991794846258,0.131312240687541,-0.0860875749115048
1.20300206089999,1.34643482254551,1.36438177888873,1.39972255197981
1.46236228869419,1.27160382618393,1.02336932688826,0.924788196338527
0.499224362038085,0.353678554184677,0.191939955031864,0.0963209099720506
1.07913883563635,1.07230196604321,0.870880446307556,0.642338162829726
1.43024936071466,1.02584146796862,0.674710514086012,0.47056056260286
1.2331374547808,0.96361982376411,0.780378377946018,0.836458430949993
1.13957085372371,0.710545824199897,0.331489892400875,0.210473808305363
0.679379349828519,0.43727152841535,0.269614231958977,0.316003144219325
1.32367492228422,0.932153649058329,0.563807700389037,0.414501444501128
1.01106349213949,0.646186878449142,0.32914847808169,0.172736403065304
1.90809888877935,1.59160585499897,1.20627450259453,1.21661381089935
0.422630727652467,0.0511166604072026,-0.00576171771371797,-0.176153622491349
2.02859861027343,2.11210547753453,2.27579914465937,2.33705357570298
0.352482682289932,0.332586006433847,0.193952096873075,0.283467311096321
0.628383912605345,0.292512040749642,0.00878958044443512,-0.138432272209198
-0.257172097158071,-0.280519217910903,-0.231334401451845,-0.252010505862494
0.939504150765409,0.861360586431611,0.657526027438088,0.564408561708054
1.1054516592203,0.862961611560902,0.520222454906017,0.204667658382997
0.613496075336097,0.339368970775426,0.246576389448399,0.11118903959916
0.427776928250401,-0.0575766677379352,-0.375226671586795,-0.453731924343096
0.99846253546842,0.847525566564087,0.630145909204289,0.490898311450939
0.683815772451332,0.416230079350177,0.251042162634878,0.323408736418888
1.54916306473958,1.34362397597288,1.12885982997969,0.965512158527113
0.730055236567472,0.505203537806073,0.210619450789628,0.079561897145055
0.907775306685253,0.831395808697841,0.599724647958519,0.719195811555375
-0.0913298080973933,-0.0929868617459566,-0.0929649140570293,0.11685441135038
0.203290910158176,0.336758780284033,0.241900623977168,0.218451156848463
-0.2769093933911,-0.206100377028248,-0.251718139844967,-0.295421915610109
0.383331376835953,0.0474230869708295,-0.157031516277385,-0.132109704032509
0.416748299862076,0.262060594333822,0.104058443004476,-0.0173026616298378
1.10129630530464,0.930498431898587,0.712501619617143,0.569669445587043
1.26816816905011,0.942902893407043,0.55884727577776,0.608702377526288
1.5636381787618,1.2554867822319,1.08994782340211,0.889953134513119
0.697292199229451,0.446226575021923,0.215997120537917,0.0619939795845779
1.52858929859243,1.41662361361747,1.1442570512693,1.25053364273601
0.666274468177882,0.251415732911313,0.0921822075085422,-0.10128141369332
0.85470012806,0.645461463352025,0.437377651975709,0.372608434474305
1.37238493596961,1.21421360721105,0.952422849052741,1.03231776352942
0.848224825153751,0.544510781019976,0.239313979672175,0.198565604602463
0.688980453499269,0.531832156698524,0.341398856505285,0.298812495707522
1.77932815436019,1.37077023406931,0.98678422024608,0.773921719366361
0.832996811184285,0.757836129651684,0.526648865450353,0.668021355689633
1.12677013413896,0.847574380338348,0.570512443026027,0.437958051097242
1.32716539142672,1.02973186049024,0.768999192176567,0.591345898254416
1.56011878557283,1.17448449501356,0.770560362913966,0.550002139335382
0.737429077002567,0.520179424901807,0.376056655345143,0.429101748258713
0.158013180024202,-0.0717883386209445,-0.265292215807642,-0.39393045433324
0.797933283821849,0.841404773651767,0.735064828695788,0.595213744938971
0.549505546080603,0.385156664863978,0.283026130859979,0.423608381648024
1.04763918690982,0.680939890599999,0.435150218510237,0.428246420936605
0.53055151785781,0.282496068047636,0.117836961858529,0.155412691070389
0.621202624285471,0.301037979145404,0.0258982603402483,-0.158634269950188
0.861754492291012,0.810822472576458,0.668116705418147,0.589051583361602
0.752024154358982,0.998674365698044,0.842766914782669,0.608904440981587
1.11966818583935,0.612003523093973,0.383999390644117,0.155458684644699
0.621544270232859,0.706411697857607,0.675815488516981,0.698896849028855
0.652072268844614,0.357207972951558,0.171288025869709,0.227941343065463
0.942652466186142,0.570609412958899,0.259103307193999,0.0616910743948844
1.39312102198768,1.32548499571753,1.09904364170442,1.21111627017349
0.451462273019111,0.185188544898938,-0.0407201743870963,-0.196022065899688
1.42101133715525,1.19178774351606,0.929397403085808,0.880830512287664
0.0723400303951,0.185336658083046,0.142613762071403,0.136649665133796
1.86721239952832,1.54365233555119,1.2245871698643,1.05550206091816
0.589031989194266,0.267390486180357,-0.0737681821685472,-0.0448808483422733
0.72692538044786,0.413830085942622,0.217338942706425,0.311574985976359
0.661522590622761,0.334649006196087,0.0654280666201161,-0.11093845968333
0.1492413162689,-0.0806754305835309,-0.20278608473217,-0.043094822320078
0.722929571549056,0.669423652181406,0.451065432465054,0.234519089082508
0.737804796612741,0.624881531834548,0.312848819503298,0.0118822268170961
1.08873372750169,1.19698820407272,0.901464717851687,0.541398785028071
1.10271433562236,0.955441730152033,0.519567382432772,0.131505142625849
1.0622804420256,0.76302124237724,0.302900978781196,-0.100735746986173
0.801053937363949,0.638746369314299,0.456457720843857,0.317557556263491
0.227994399465194,0.169896095363249,0.0632855684678119,-0.0138700587168645
0.103027341292061,0.0621087891189462,-0.0624223778798615,-0.13045340318548
1.05927443776737,0.807733605242286,0.552295410362984,0.369071430691825
1.19058442816337,1.13727427517424,0.952270009956457,0.850503146865935
1.19785043593372,1.06688377101392,0.902217343735339,0.813235562751394
0.934813737640627,0.851077425797331,0.684564907710795,0.625515713600069
1.06956029087418,0.76081501445179,0.447133569451945,0.285349884472986
1.62869602644698,1.62912572162709,1.49627004065875,1.46666355743042
1.51261909414219,1.08459891858912,0.741849002133927,0.512177936404344
-0.150001033063404,-0.137525508228228,-0.12828563024158,-0.0318565534673018
1.49739407150035,1.26335005237797,0.958007455173113,0.667841117465462
0.430950495067663,0.325515679867792,0.184075559350584,0.128183126032653
0.955814022620695,0.914587771507538,0.798156233026278,0.763899294719665
-0.118274305971596,-0.0893490230700101,-0.25029230810335,-0.427853100792866
0.75459770671841,0.458572967144811,0.188691264940896,-0.00662870302404839
1.02224015768504,0.637500533695313,0.431413878711421,0.557527723768012
0.354464438442562,0.36469655999803,0.37197212665987,0.624957649718095
1.29927012645674,0.755220295809772,0.29990357514718,0.188247177490586
1.24419763930106,1.08278433341468,0.874733902252385,0.739823062271005
0.96433673700468,0.681952489230592,0.444111908193029,0.261306723508222
1.18587698764463,1.16519635731099,0.994748327818108,1.10678406978997
0.944563910396117,0.585362949980118,0.287257288000159,0.0943117278104451
1.2168503687376,0.634777766881686,0.223655647381716,-0.0329147908660609
-0.150136525729589,-0.251451768473551,-0.359792212210969,-0.403338724086497
0.768114212162187,0.454468902046599,0.310420997274381,0.128960691181113
1.88872143509258,1.4181967395966,1.02646008539272,0.757148326230649
1.58482524603472,1.09003472930363,0.694215271606313,0.418441138951832
1.65895047459808,1.56753813140151,1.36793723311321,1.4211729539909
0.475359200619058,0.291429180622654,0.173064351394684,0.246126286237987
1.5620771152121,1.07281657184524,0.636809611674568,0.365378738751047
1.70732185765597,1.73393334253247,1.52625021591732,1.42796229676991
1.0522451284698,0.792097652707075,0.500485965789197,0.328182652449658
1.64907465295272,1.05209223997808,0.653628528358553,0.518459151362039
0.738391271210364,0.509831087624546,0.469249373766011,0.334417875347184
1.14631711550716,0.658984889793771,0.339235198566321,0.282515111851818
0.874071471480415,0.570813207599693,0.517469839902418,0.35156396525811
1.14315852185955,0.818853485131144,0.446263695863849,0.44824354284132
1.64545605102234,1.26232122527312,0.843533930871506,0.836113286918064
1.93123708410295,1.71887079019065,1.4879461107099,1.35654870267028
0.291345609470998,0.480337574271588,0.36000325500982,0.168374481075611
0.105693250353066,-0.0680537346272062,-0.179556169320545,-0.0987870084555351
0.685094775133697,0.439401949452333,0.161173028809949,0.0114113984280761
0.715011891753501,0.567348414851898,0.392719773650241,0.331130009549339
-0.191580856508501,-0.261852571714395,-0.30288909030197,-0.15445400746647
1.28063364165646,1.28360416877661,1.10983769198479,0.895158441503391
1.24608125296556,0.766192400512626,0.37489960689911,0.146779423612792
0.631389349279467,0.532527181375849,0.455029376016777,0.504232882815344
1.21428963557848,0.872472063458913,0.504734088276359,0.195128088349198
1.15251076995372,0.87953447695558,0.420757688489364,0.0153975097535247
0.968242722856729,0.693872292398885,0.43933061121575,0.291900101784517
0.508777394005954,0.175356565123609,-0.111240798166665,-0.235834473583627
0.728928562152358,0.865596525628549,0.860788372796282,0.877960997054586
1.41630267143934,1.01556985164137,0.670543572481035,0.411747032102556
0.340731938829905,0.17741033469502,0.0314174271733483,-0.0766493840492649
-0.00637968020844948,-0.325353640668823,-0.421013135704474,-0.580473337987727
0.434865830773999,0.297039457585685,0.204600328738793,0.286760850822777
0.791394853319601,0.769449618504745,0.754503579192651,0.936840812400363
1.72049974461973,1.2654845264757,0.93311122852476,0.829925957485491
0.512192109298018,0.158720861235738,-0.198803246154396,-0.504272424640336
1.42225183662158,1.40541866956677,1.29346582962515,1.23443338690401
1.02225321627249,1.0412166725425,0.884627188685873,1.03114625030379
1.36785060690169,1.07137651147886,0.643109266479403,0.26855957416373
2.14097244029503,1.4735255010156,0.909360310080279,0.55411134769819
1.51699436487182,1.12243412731341,0.798805206053622,0.609534146882703
1.64012015901444,1.30824566892781,1.01413600425389,0.801622636694786
0.978549451392496,0.896909607399047,0.750968427884169,0.692284938816005
0.719188424869762,0.534325398174407,0.20541184363863,-0.0871683518391291
1.51087750665605,0.968441791680501,0.56034501267872,0.350802361930933
0.208832693653727,0.139033183997854,0.0448445158986642,-0.030999611935582
0.534876328872077,0.191191121643041,-0.0350211178629197,-0.0707760237651459
0.829181250434729,0.771433808251298,0.561747302706261,0.698055761361114
1.0409038160062,0.649995477729006,0.283375867364933,0.149488600551843
1.77232813123453,1.45795138195114,1.1672378833156,0.986248036691391
1.47079857145865,1.17566700484633,0.974559715561923,1.05792251041101
1.24693079611439,1.02117683348599,0.779035964449855,0.635010682151496
1.13850902672357,0.71941607962366,0.284091741238865,0.358871381318468
1.43335808155616,1.38539926693797,1.02492928006894,0.643389006058775
1.22946120495962,0.922512443862171,0.544539524598056,0.223989197769911
1.0507732887336,0.881530948424051,0.481411703236887,0.100894186089266
0.816515449778519,0.509407006857404,0.221393952264349,0.103375791587377
0.133926657713266,0.00308683947941414,-0.0493294356937023,-0.127651753559514
0.330009351920483,0.286779047329439,0.255654169412604,0.353814974054297
0.65007926577116,0.514294236076559,0.29769914214854,0.331089120220045
1.20843287536858,0.68002394358893,0.389347470253331,0.467559888948679
1.64752652197029,1.22179741176332,0.76447890753019,0.784754789629903
1.23537776891613,0.911333731170469,0.433163493643498,0.0280721767117173
1.70666323455796,1.40370207643963,1.10152973582212,0.935197630822163
0.462931474814248,0.442715345616509,0.280916042428853,0.208601414490656
0.122172735464298,-0.263952526517874,-0.383234473496706,-0.561056444332821
1.2929554549048,1.30693158685384,1.22389726057786,1.17787244703088
0.533586448351871,0.211636970520655,0.00523223118760296,0.00225301302282888
0.155165093830318,-0.123205827047328,-0.312140419141342,-0.36620908520659
0.213454838399438,0.154697488329461,0.00333216606505227,-0.0319873706365627
1.72062932369967,1.70871835663056,1.64211766749615,1.61246737097308
0.495988464386316,0.194356724590803,0.0582805379492214,-0.121044720259714
0.249714838032994,-0.0623526441260677,-0.19457977475173,-0.366614104767523
0.300076331840982,0.515493580249197,0.522825081558179,0.555244751685448
0.552574277738629,0.997964098046216,1.14445264871533,1.29281371227088
0.327210324439621,0.060737449439253,-0.202733986888276,-0.348403598807489
0.543492405647349,0.832530402933098,0.727010166003671,0.532906027560214
1.26283297381326,0.869412452533566,0.543799831205796,0.312067175241864
0.591457621410392,0.423702921218404,0.183651588993527,0.0629802978009142
0.255599908445574,0.305408843134849,0.230951110283447,0.200308036438523
0.13474708978517,-0.156419357556099,-0.349328793289807,-0.38898381137348
1.17182519542168,0.813512271664242,0.557146727405717,0.51301566718535
0.0187205186935837,0.183922215167237,0.109321150660797,0.0998295830616548
1.53407505346849,1.20438716694208,0.901439787180595,0.681528513119631
1.46985473449488,1.1816346292698,0.695704479061954,0.272743897005371
2.63529655023478,1.60269858435717,0.875113192712134,0.436309431023472
0.445004697950678,0.427043857642157,0.315618536119054,0.382023350849946
0.784604669842185,0.609086212611975,0.359222687655163,0.222828633121485
1.87894390141723,1.50321522710501,1.12390025305495,0.897775955564525
1.63776216635225,1.5662325626694,1.34078065535037,1.08148911889741
1.37490472084516,1.10778594678864,0.73458235278373,0.39863307933513
1.64705103953763,1.46561905154804,1.32172493101478,1.3251898361017
0.936341541909732,0.748679283934873,0.46871750494496,0.492099375194994
0.189579888341282,-0.18686134313522,-0.306458156392488,-0.483523875580909
0.122405676422136,-0.136984075644634,-0.368618192699854,-0.519474725069968
0.0921771386507822,-0.318995730995174,-0.433475924189685,-0.600525633455545
0.661092388677272,0.281660622294091,0.0424422091315808,0.0386449055523634
0.459773396126866,0.393700525840858,0.171665469416946,-0.0587255491679123
0.744323921766669,0.25073485969843,-0.103037913535001,-0.172691232641877
1.002116215196,0.718259654012278,0.546355794370653,0.629596968680318
1.36505515687566,1.23644583542959,1.01183470564816,0.884937552816498
0.331971582273732,0.0504200141736205,-0.0130474981287916,-0.155257590843782
2.03617153863865,1.5975479596637,1.20206013268235,0.923753312527133
0.655588345766154,0.334240211799712,0.229850667199768,0.0672453598629306
2.03367325760452,1.88911056076164,1.66645741361807,1.66185650670649
0.29793388735894,0.263486529554682,0.136391261165271,0.10573560073782
0.935818764620561,0.474855801723633,0.246903707273079,0.0212333388579125
0.309914111365129,0.0446671917858992,0.0107139902574772,-0.120222754223946
0.778552731423586,0.534199847789409,0.45537717488945,0.324606118272816
1.51384179179223,1.11280154566795,0.690671789099401,0.749106564715661
0.637560398839947,0.35526082980836,0.173467864539717,0.180719596236667
0.979737620727962,0.838334660088924,0.64878573561215,0.515169792531613
0.735641482736966,0.391759268975415,0.160970576204034,0.135595959692496
0.702045426884888,0.401089472246089,0.136528862032744,-0.0115712266356817
0.853819953062735,0.92398773110134,0.779508477252966,0.732547386783526
-0.342485629295875,-0.192831695166323,-0.211506067463412,-0.200651188166939
1.71480901489688,1.47695930646749,1.2035005163256,1.04326178897679
0.708758492281613,0.520815546776577,0.308046587247851,0.149346242404446
0.873511566818644,1.00882633736715,0.939939605136762,0.812636476218092
0.01578567196519,0.303862105993269,0.346826175822529,0.304375919210453
-0.564912901143752,-0.712524998638129,-0.630998699151139,-0.726851425902892
0.9680731203918,0.697870483615513,0.4188520531122,0.342688882912372
0.624154571657549,0.234478178087069,0.103423040319639,-0.0686149937817816
1.69421132695223,1.45871387541026,1.18559249899985,1.05403291084118
1.33419360308026,0.849707719002808,0.593458466426921,0.330864120282937
0.463397778723216,0.471146312673053,0.272384023975214,0.464458130257814
1.48448944977897,1.47625010623988,1.2555221238426,1.00719247954239
0.533991604562311,0.588992484795705,0.420649031531317,0.224561228202682
0.77193633127046,0.744432905181958,0.624567152299282,0.595506655120783
0.525545748775468,0.289769450277232,0.0889315467536742,-0.0217105201104249
0.744922542429101,0.533830174339325,0.380437356993432,0.381464205903519
0.630904700476652,0.18088296306802,-0.133882177854999,-0.323992026946609
0.710198329690938,0.461680003845216,0.213176042986728,0.0393159253757684
0.755731202527938,0.547242967484887,0.347227660704067,0.201272355895687
0.376361581647396,0.0748765740950161,-0.145931804421674,-0.292970269603561
1.6567879938671,1.41950933140863,1.09248911429056,1.10425621874207
-0.242169837435771,-0.488472095629183,-0.532089564293469,-0.64853837711404
1.15995294028825,0.912746923004617,0.598515964273354,0.431811184222168
0.478127213506655,0.0686397879526264,-0.189448952625245,-0.218182127583968
1.59084684095747,1.28642336748047,0.993849035891387,0.836058740261645
1.15774985026954,0.722208563612862,0.416378090333107,0.306561789751146
0.342938002693,0.338217685802447,0.335555688515983,0.48928790494588
1.44900247969301,1.11130783365468,0.711444420896768,0.785424023945458
1.74943108284193,1.3377257989741,0.947125830751448,0.742668473384306
1.213647531859,0.912541638941936,0.526686487298103,0.172368586180549
1.20576279792201,1.36672724235584,0.941195313514872,0.475520902853046
0.67470047229058,0.538997460171997,0.307177274379278,0.174234784609801
1.15407599734374,1.1669461625699,0.890037013862077,0.581173140752578
1.47468215084978,0.989223120486855,0.653956292857623,0.583737675365729
0.927564679867852,0.762235437155541,0.348318662151614,-0.0282017678743494
0.730614582656751,0.60186041596457,0.416598357011537,0.320530375426426
0.809871650211978,0.635038712081418,0.427507455255539,0.27138789131111
0.541846754042962,0.165586840701212,-0.146634139268949,-0.323435986391908
0.911928137814686,0.687244448192019,0.365155870393923,0.396584889685355
1.20303156410909,0.99454013983717,0.658503156670729,0.791177122865544
1.15018304927081,1.15822295810958,1.00246973789303,1.13488793816778
0.449826210959072,0.371726759723327,0.327603633471963,0.549479823892934
0.821509410583361,0.847094210385171,0.665051061757495,0.586932962321456
1.32394202532777,0.694171985982778,0.46778624181455,0.19859682416418
0.595253049516688,0.371135635506748,0.22822891759163,0.331906640065235
0.458822353881536,0.222160594935708,-0.0763197458499103,0.00849428707858202
1.06936915212132,1.0418489564238,0.870894861987968,0.782172358528947
1.1891969176794,1.12069294662785,0.772472572520357,0.431767363190429
0.55465610916283,0.351863617483805,0.216051829100791,0.330348449501861
0.435908117005812,0.0550234498986354,-0.278169292902564,-0.288203990994695
0.865483323668029,0.257658014133781,0.0543079174809161,-0.187415473048065
0.355129291397194,-0.0268832560644757,-0.132400598330415,-0.304293244587503
-0.304236089779886,-0.24185254445862,-0.27947053667603,-0.318839604328039
0.371623289177552,0.226878645978383,0.0525723674557672,-0.0590014472652835
0.538165931485914,0.358371420814904,0.0578628329416433,0.163729718418807
1.34014975511981,1.20957404705791,0.961292037709315,1.02732767601895
2.10020864131128,2.10205016576233,1.96391886340564,1.88653167543681
0.514997851985175,0.401386129400148,0.127712012698221,-0.138081109189579
0.353050390549006,0.209145582378118,0.0328151974360037,-0.0185660104108701
0.973041843150031,0.706688407295262,0.417265188576254,0.253157709052473
0.236609329516754,0.434699461456213,0.437575716324411,0.466224526591728
1.2611037833697,0.765626529953756,0.310686548186222,0.348005628772298
1.33467318008874,1.11499539818086,0.718607733200256,0.367212076625225
0.413469646363713,0.120106412380939,-0.0812632827282534,-0.0969970822044859
0.0331754897741819,0.316802617759681,0.395273623827479,0.479644374189795
0.6064647994715,0.51173167015082,0.289499614675178,0.202575231129306
0.543133261562387,0.189382050717541,-0.161475008411617,-0.172664641107273
0.236034694955308,-0.25934970785485,-0.487188667735223,-0.6885405065743
1.56358053561982,1.41026313768699,1.19450769769937,1.18071023836487
-0.0244202657186301,-0.406020919692244,-0.49748565495719,-0.651071560818066
0.54461938893847,0.443264863117249,0.220462746436937,0.126742697641533
0.0689022667921449,-0.166146309902698,-0.19490457071536,-0.307668769697802
1.92408246442967,1.44572159800521,0.846714615651606,0.350769560584234
1.0409425991672,0.754945979565917,0.557660921260641,0.569741818297166
-0.0495523399312227,-0.237653837789869,-0.276145983850688,-0.383694914553617
0.941563665331905,0.836018759403317,0.763635564168478,0.923674139523323
0.0818188863147854,-0.320971329591846,-0.452412896069413,-0.629963081283558
1.16449932892786,0.623211719912871,0.280386579018282,0.224908471394766
1.14364719374157,1.07441189083214,0.631245862823047,0.192509836161271
0.431430105672166,-0.200809991307911,-0.443420271170163,-0.674292364529201
1.62922909595411,1.30575900335323,0.938005857178731,0.904595781040328
0.841405512834852,0.404664370011305,-0.127031838462736,-0.529690210417767
0.496799191016225,0.392672825549219,0.13648230160053,0.257485746847875
0.291797626108553,0.0939058761099511,-0.0334341997166183,0.0338191222547637
0.721938116727252,0.714659176047882,0.521677047369146,0.450385156072764
0.657580808738279,0.497400761194703,0.319576707918146,0.230936400821415
0.916619841800359,0.637606026469905,0.264833295763473,0.368249178874485
0.271836570808687,-0.0542734596533066,-0.12529014069176,-0.284207518631786
0.193934608883728,0.297798854887524,0.280983688063565,0.286801328666138
0.703122323464453,0.26989248617858,0.0235147385296084,0.100915654953656
0.799913746162993,0.310438537299376,0.013948720980455,-0.0178205358527144
1.40433756585712,1.06554756789311,0.70852955191371,0.489346874439857
0.470113271746921,0.530326596339592,0.442997941825497,0.406997650639753
1.53054788383362,0.960607195145105,0.46652728925151,0.327578218023165
0.637677570080477,0.079745728726263,-0.158182912841329,-0.392912370488417
1.02732291381393,0.871640935107703,0.643824774030383,0.515159437290695
1.94226211330442,1.48555237723651,0.947689184012503,0.485992264552946
0.277968932370355,0.222470153191009,0.0920268815563141,0.0561803088461465
1.44745978648019,1.2384227174568,0.827212761141778,0.434469063689153
0.903400111713741,0.905179928791877,0.482869548702961,0.0997113926763391
0.435392598343886,0.364377963800424,0.042830766133103,-0.276284576594681
1.83000755963446,1.27463686929974,0.836653040923356,0.524909964010758
0.633497191711654,0.588503973725774,0.557860918519279,0.689211926590693
0.94333550336015,0.782725108003954,0.515448347344028,0.573024684446399
0.574962929433624,0.364222233572982,0.149828737132527,0.047248003142645
1.17455598111948,0.742758529435989,0.241749242557603,-0.139954488503074
1.32347541243121,0.886776883588054,0.45728539268247,0.479635664639262
-0.282354917751708,-0.0494420506392835,-0.0983849966115714,-0.090813967607585
0.93018205029664,0.727140187210602,0.53027345656906,0.377752668605875
0.823756411366925,0.361614523004845,-0.0298585194953395,-0.0111329746152631
0.847485360733386,0.535734610030418,0.15687646715615,0.20447725617146
1.28774028090783,0.829426667745317,0.44677117844057,0.171867539258128
1.04219581741023,0.368822221221858,0.00401104867434096,-0.306836140997994
-0.028826927926265,-0.0421630761188257,-0.0507011728565963,0.104290572427749
1.09906552181366,0.780068302563427,0.483032704050217,0.314558668706776
0.721407836004394,0.468787937121018,0.156588501183437,0.187254756175428
1.75379451642282,1.44997620016579,0.969985653512088,0.517898462417531
-0.00990074925761714,0.104931132696359,0.0626780063121468,0.219363727412264
0.159833791401274,0.236227282915625,0.123282925509766,0.083997996707959
0.117669083031046,-0.0355549259538552,-0.233710101537204,-0.327743703550909
1.25500848900675,0.877507284485433,0.543644893659903,0.368140045346364
0.794575040875161,0.219247768432902,0.0109124034525706,-0.247969438940421
1.02921274959218,0.700438025511167,0.411242316255857,0.214265718311061
1.40177152253359,1.14619858274601,0.85591115865475,0.731337925824727
0.624533660974234,0.645153754309913,0.574489951455484,0.512781811220195
0.620543823110363,0.248033333586269,0.0191692111222699,0.0229666247254241
0.856634208597014,0.834643527153966,0.694883637502417,0.621608486291633
0.936398501029968,1.03981898895479,0.964168351615907,0.93989413946618
1.03665452185,0.727404271572506,0.445028066475425,0.247012849414158
1.70135059786119,1.81932433171263,1.61765977010286,1.34810773043363
1.2870089564695,0.756683861302136,0.272973207918472,0.269670213221328
1.60469892952265,1.03628468907674,0.567878242273222,0.293369314157692
-0.413706357070944,-0.421392214870849,-0.51087171019498,-0.5851886489206
0.508870178903233,0.664241981844091,0.374593666170693,0.0444639240519874
0.36670274604339,0.162180496309533,0.0849782085536029,-0.0331932006548673
-0.0376477516719883,-0.0733919842444324,0.033046089549934,-0.00977466659964651
0.556854941070524,0.667455058467122,0.760365040049103,0.950467086594925
0.671040633153044,0.671457876142362,0.570346783754359,0.550292027134042
0.991548321413054,0.780999192562569,0.562264752149247,0.408388939551937
1.09250340190402,0.884972395106218,0.667365633458865,0.50506847252612
1.50514396233615,1.26331832858475,0.972081257722352,0.976642269038424
0.528206193774549,0.56375810035154,0.588837306434059,0.771917973070804
1.52414926883428,1.07528867554813,0.813453178609527,0.553435113311562
0.230025569669068,0.151545268556323,-0.00794509638840907,0.040658942724147
1.57298278800558,1.5594605192298,1.54871158664466,1.67515317073737
1.21299158457511,0.870639123434713,0.679755508752424,0.861834635214783
0.742292254149059,0.579733976550532,0.396025514292804,0.257389520108772
1.1100577346668,1.05334801133277,0.779314185459474,0.481050184883064
1.57532432630452,1.25984478319985,0.922567682356069,0.721022214314457
-0.0300248952196809,0.024678318147065,-0.0241596710564048,-0.0146254995012506
0.705773032040896,0.252370056759727,-0.061375041920095,-0.245283772343365
0.796739565845746,0.699535595552461,0.396807488686073,0.0965919510774221
1.10552247090557,0.985296144024463,0.894396791213417,0.93848042406
1.80998022294164,1.47832046451453,1.15233099848442,1.00008195889599
0.688892579032921,0.450690597459086,0.219380781610189,0.106436386636526
1.5796759446044,1.23738807770459,0.994581880561799,0.958268265579772
1.00362721259643,0.762808071159249,0.452566733391065,0.294464759923777
-0.381828863324335,-0.636416074098862,-0.796379657681414,-0.785412987360306
0.979790597862254,0.954131121302228,0.637991387490917,0.307483108898674
0.375175009341033,0.420001060222043,0.359592330040086,0.301308844033924
1.44639816198704,0.919473512436793,0.510032435376287,0.236241609470327
0.361307425405723,0.291377289136834,0.169534690227817,0.0978290784161187
1.32992052649624,1.212058079944,1.02315125080976,0.874365570695907
0.745433214099634,0.319375257934943,0.0884221328436248,0.137525162041717
1.01006693579082,1.13015330156262,0.998211873238251,0.94996247220333
0.551442809327919,0.634922528594333,0.399332654253559,0.115656216114807
0.501468383459637,-0.119354059382005,-0.414979138309785,-0.658408521140245
1.3965222889346,0.930956752401122,0.536395783059397,0.413233017202969
0.607109289413647,0.111490996800632,-0.152195459823367,-0.381109752283598
0.735756720179698,0.784195801893858,0.418791796377761,0.0597153029459024
1.81513306380364,1.46301749460967,1.14224697161473,0.94458868681552
0.703064665894172,0.410315730703506,0.118837511232899,-0.029404447149289
0.0505217383450054,0.110519525525622,-0.00483003525780745,0.158227916155457
1.59074528915367,1.5509128039412,1.48159453111188,1.41647759879671
0.755231460010634,0.42984790685513,0.186635211810586,0.097696702158783
1.51541359361565,1.1806930535297,0.853040485920577,0.732141992845502
0.925713251210327,0.759685413399994,0.554401190901481,0.478907009590414
0.261845935082084,0.0794930319836698,-0.152342552523105,-0.287072771582083
1.27226611127668,1.02429390965719,0.659115206647413,0.740222560332205
1.29723710404662,0.810362512605884,0.333116244838826,0.250611158408056
1.51021624342385,1.33141129717433,1.02865417505496,0.853030695672773
-0.151889911892434,-0.365400949211154,-0.417366211385542,-0.515178444894626
1.48583986484007,1.28468990722224,0.980327304788323,1.01980731253228
-0.36448785235119,-0.407064882043899,-0.506655733413215,-0.580984933933167
-0.00700597833783332,-0.178510040706408,-0.180687658515946,-0.266364638478008
0.893962383956305,0.629453556163982,0.388383536505401,0.204886390783338
1.30262355909139,0.894050394035856,0.522555692942037,0.373575638218059
0.523837243531305,0.462925875132848,0.540918828769708,0.489903895466546
-0.453559771166933,-0.693532118141286,-0.769871890039007,-0.890893363807088
2.02100319034172,1.54945653056647,1.13972684260772,0.88432423662822
0.773728391233129,0.655243949712054,0.45676026136096,0.503025758651849
0.90104429414165,0.343242660003779,-0.102315394027468,-0.16584422600652
1.44488991096213,0.932703643102459,0.547662911178132,0.298271215431959
0.63528378111276,0.629119221767087,0.544815051184162,0.474005849273824
0.415489032230922,0.3311173321627,0.150845376856422,0.053560949785242
0.631031551967863,0.134425762354109,-0.218547458474241,-0.378068850523952
0.4262990742737,0.404733110968205,0.317329983577305,0.358333451849871
1.28290572363706,0.696509046372131,0.268118018265406,0.003597478904177
0.6309973916836,0.647467126456895,0.439540339963534,0.203112298282454
0.368073985193727,0.20979782060992,-0.0356891110897747,-0.129269147367934
-0.028643497613409,-0.211254663943961,-0.223939258926442,-0.327116939389824
0.701340891686846,0.493435135888153,0.28937877026865,0.140968813421051
1.24312198469779,1.33500729092705,1.15699011574734,1.40394356660766
0.146891731210727,-0.150227226032668,-0.263407317493712,-0.416258696110279
1.27989052381436,0.918543641764782,0.595821014859294,0.390341838827926
0.755306773643966,0.553071310114314,0.420666317313636,0.287407968887304
0.713863602923343,0.454562418131666,0.22053993888965,0.078138124054608
-0.354199575304126,-0.528756609945958,-0.501442181074685,-0.601338910067121
1.06761806186625,0.943741702993694,0.863014812861538,1.01888909622331
0.103300173192144,-0.125814726044843,-0.153348716677836,-0.275930940354389
0.987196482322812,0.65760737050857,0.305411963155157,0.351279358889533
1.22512269193132,0.93273641282422,0.661989332467492,0.50528238252564
1.04385498447119,0.762736710796229,0.41642204460056,0.265037659781819
1.51516585449401,1.34344340143422,1.12165369051494,1.01713397159185
0.559870098711077,0.469237182353372,0.307115474708738,0.267405601192431
0.21660934270029,0.102558706446172,0.131940491136623,0.0585453239017305
0.591031263287108,0.390975106952998,0.1846082733351,0.0430028260213796
0.470745708819231,0.268594092467955,-0.0774944479234756,-0.399942873576838
0.782251731493236,0.801959349767027,0.661062678775912,0.597414301480322
0.889938873150341,0.685215376718858,0.428681205815278,0.311125145575105
0.131340502750077,0.238953067741806,0.228517139587659,0.261474537177662
1.08120904640676,0.616214016685702,0.305969688885808,0.250001124456953
0.519439519936423,0.230100608194274,0.000672095334285389,-0.161339385581906
0.707611524605238,0.513298690876293,0.429233850992477,0.685674356310371
1.69916976358176,1.35297459307985,1.02662998780787,0.826679573896617
1.04583393697491,0.516149014746232,0.124285655285644,-0.102955227700104
1.02191960740848,0.900344280206313,0.700787270239011,0.721359596307483
0.908462964342576,0.64344913695003,0.370367970760764,0.232765669407791
0.780602704832188,0.721601851823281,0.476077655866568,0.37699131725159
0.659812430250729,0.639239820953894,0.512298720876532,0.444933838380281
1.5109365970594,1.18229033290239,0.870602193397243,0.689941891682857
0.958956141035298,0.719567422250053,0.469222215314285,0.296309724500733
0.197660728505159,-0.00794598396200713,-0.201336513634408,-0.293445938870724
-0.175002813221109,-0.239508493249011,-0.346264879874337,-0.426996353070917
-0.101517260744502,-0.180584696120538,-0.323232852740839,-0.46688173095611
0.656225904624798,0.410126243479677,0.118719659666499,0.161510868026416
0.743774103959938,0.687590192656566,0.579762457657713,0.490764467920546
0.638139229562912,0.609825525387593,0.463741649491283,0.396905970437826
0.807058561797876,0.588438136501496,0.229717578415634,0.411836457120406
0.896551494599815,0.62839647078936,0.457477076689245,0.515541069605998
1.92666035492768,1.47017202598579,1.19818896498498,0.914924485308757
0.66954836637065,0.469671045239211,0.279141480211333,0.134166826272254
0.252482078238108,0.154451894621085,-0.00314822907159468,-0.0875277833865362
0.765152133189022,0.543743552704926,0.256401504749985,0.239024237548831
0.831986206145087,0.736526166988399,0.570664495313422,0.522284843050099
0.468511389836955,0.354698993241802,0.198452319535537,0.0859983502286334
1.32385553834685,0.793159197720548,0.343565032688387,0.113516028692305
0.839914713712653,0.759424791586942,0.56131358878466,0.459727519900024
0.7648439059678,0.82711606161018,0.564781975932165,0.267075119835751
0.31574548611395,0.192152213485652,0.248701585792352,0.164292091851497
0.21022954140212,0.308372381557273,0.112879663425592,-0.101402606229393
0.051061769097163,-0.373568853282261,-0.535832246403985,-0.728146634095685
0.794292093500895,0.814751066133172,0.505893416728452,0.192889328719101
1.59055514674637,1.66946433937382,1.24058677874329,0.779564457479151
0.334420442663098,-0.0284586609605301,-0.120452439647644,-0.283269785628732
0.756651581652837,0.621450747638532,0.453710512884791,0.327521767171217
0.800145879567678,0.331650446809424,0.0396666122524495,0.0027571010420378
-0.751821764161239,-0.36732090743828,-0.369709775531553,-0.473072786632627
0.76283649648084,0.495890881382987,0.258196445979761,0.0949884524974537
0.412841184965806,0.522209878811178,0.474616966792317,0.465765631154846
1.32755019857792,1.22727655586018,1.00460288600049,0.877743832881826
0.39168931039084,-0.132207474688995,-0.452652235939627,-0.548237077743917
1.60921854468636,1.32629284348923,0.647573755647221,0.0805089885091885
0.0462495283440449,-0.11635639544151,-0.117824220521922,-0.20573390115381
0.874938324941442,0.715276373643966,0.457512590906301,0.485727446120678
1.25804165955719,1.02988623421888,0.559741645819903,0.12521278476859
1.26701092814347,0.724716143763351,0.230510169348596,0.13833769214035
1.53331536500414,1.08481548542147,0.728815903223538,0.579753798954033
0.608867998620318,0.661853440328033,0.702957637539845,0.858447180643818
1.05830774413447,0.802986480474993,0.462878297384915,0.153341911693905
0.504949030732053,0.291271872524369,0.143514166520527,0.192175364939403
0.380566173492455,0.214566767444564,0.043099570672329,-0.0816300944672818
0.235240544161115,0.359067721067648,0.269041143673101,0.248509387978189
1.5759132058209,1.4533970873845,1.23685444948488,1.26275529487969
0.72822566947727,0.314068616159387,0.0766671657061827,0.107394982879568
0.827956819490956,0.874542591750724,0.867455042391652,0.852968655057334
1.69572374644828,1.13777891048125,0.793399843153364,0.764998639704354
1.49516680890566,1.04347619219334,0.684713803158439,0.420539595360738
0.389713086853762,0.322780514562048,0.139232196092769,0.0690769372161545
0.983615576148059,0.623098705597592,0.300346000420358,0.0761599391292006
1.37924542537393,1.22621662395429,1.03213937009622,0.939611551535051
0.939488267566081,0.594840770335825,0.43861684491705,0.244403427902828
1.13809865952039,0.868237486471383,0.630358709119462,0.47011416649974
1.75035991900051,1.68605233696859,1.33780158916151,0.960932070402669
0.818860307933341,0.295303017356612,0.0933740357761942,-0.116150391795803
1.87289926566747,1.57254107647925,1.13828192560502,0.734923729731295
1.55899432826256,1.21660414918813,0.907164437822566,0.674007223835746
0.508305166789423,0.405748462479616,0.271842968978421,0.167628207291324
1.88907468610874,1.25095463461716,0.753176594723383,0.514232099424148
-0.431405013876105,-0.233580141592776,-0.0834856003466132,0.161842015899392
1.04452059679874,0.576501599624277,0.317037373203941,0.399703993173181
0.612726933969803,0.537154401382303,0.225302512171854,-0.072065646021119
1.04754037142122,1.08217173914621,0.942958592820658,1.09544201073453
1.17117705919469,0.667137193215485,0.447240887409542,0.193596948459758
-0.671279693210932,-0.45503316054734,-0.305341107145243,-0.0347233686734949
1.15204843845091,1.16500392389282,1.03516609329072,0.973603955510793
0.872283016692853,0.652512992810065,0.275690810836756,-0.0590881396032768
0.793327289530207,0.884452522725909,0.484291768277858,0.0548060036516054
1.05697795978909,0.970514912756409,0.833787873622153,0.775082981063259
1.51570557581151,1.20674552201155,0.861066837755321,0.828564195353873
0.846917672905801,0.539086970785353,0.238373203304199,0.0938428906744809
0.965877679657262,0.705489746006138,0.346560583879933,0.0146482898082839
2.41574126814763,1.5913220565267,0.96433222055537,0.53285588810709
1.36318498393012,0.657020774041784,0.118412320484558,-0.160961792813089
0.123230092041271,0.100132798851848,-0.0177380245354128,-0.103334467203287
0.949941891944572,0.642403450959999,0.366296634031823,0.154947151240678
0.781947619903543,0.457972581821694,0.269940360313258,0.366527019077435
1.03776846237849,0.547544843735924,0.160764309709462,-0.0823482211631235
1.16485105207652,0.653292478357164,0.349971171646889,0.40459623589417
0.937350201779777,0.846945640335571,0.654576508177738,0.540599462761664
1.0242341326444,0.685887181963403,0.521746390122774,0.326398623655819
0.292974659829704,0.343763702733726,0.379081955033791,0.592292476246012
-0.0533879070829091,-0.157300822518918,-0.315912669223307,-0.366847193887449
0.15852184291379,0.131563711869458,0.0635237486742066,0.00401652765650942
1.06144042903849,0.962410769262682,0.725236171565574,0.823017017296181
1.14833704883507,0.567101723281028,0.170954957557321,0.03786626781355
0.213526333472122,0.490487498982392,0.535141744516053,0.624551280098148
-0.563436975850364,-0.577473119844947,-0.629041778336821,-0.672878207241713
-0.0320691633822591,-0.0193528979005756,-0.142156859208867,-0.0254124505384994
1.13855460235205,0.842063638255929,0.512649998928995,0.509476774018022
1.21608666047661,1.42065509234131,1.29855657713328,1.09308798316674
1.06748147717172,0.703510475009757,0.493094728942272,0.518368132611323
1.30456703477597,1.14706229236068,0.811860017963738,0.968896953200373
0.515824539970823,0.305204097219919,0.224444356390614,0.102408129915487
0.492148942646502,0.249381849268565,0.102352059900244,0.205990739488717
1.76529320664168,1.36806870811571,1.01103267775201,0.788727031918047
1.20183931318724,1.24240617844882,1.11140902998044,0.937419827456715
0.940255770306482,0.929786431476361,0.747165134944184,0.543477611047984
0.824902580131997,0.646336814362484,0.447263690378987,0.299497624402197
1.55412097538796,1.29681236626441,0.860166907963726,0.450497511595386
1.21961435927805,0.517291745425811,0.0395552514765773,-0.260048627483136
1.47919216758004,1.35607218354039,1.2109528780915,1.08748428164641
1.95088047626381,1.31093622360455,0.830421167907074,0.620184145786271
0.591328914147887,0.422910462101472,0.193801106174182,0.0679169836095935
1.22285425330099,0.886172709947854,0.553481302494,0.34740309163478
1.04043249519947,0.734171435589323,0.460353524531384,0.284397952210689
0.876631710859338,0.944274620807751,0.867241102390737,0.875529863508483
0.335865975803564,0.495377177325232,0.362420842925293,0.17048103220192
1.32130709924831,0.949819239042324,0.502959126733948,0.554513618227491
0.646226283731565,0.191940110489213,-0.163950011218769,-0.396574745664204
1.08982293356125,0.679541819784703,0.29361539618387,0.0551482421597
0.948181607343605,0.557144506176427,0.229322857405492,0.0636624376594783
1.57632931561994,1.15027759588228,0.562352425358413,0.0840960482716322
-0.0563843603108963,-0.227943306103679,-0.252684728908544,-0.343549546684088
0.0838971721990164,-0.118801189655785,-0.312651180862236,-0.444525638503368
1.40904853836047,1.04994338703245,0.741865076921028,0.598959986864654
0.575285947630753,0.0478030133088477,-0.326679096934448,-0.548703481949722
1.35482254527019,1.16920691540741,0.974736999497494,0.822682436837684
1.2332585555599,0.781680579471435,0.365572369873221,0.305454115018852
0.766680480473684,0.368270297473252,0.00331974652202027,-0.270769613770072
1.13236631915723,0.95432356699176,0.714299223308542,0.558895335175696
1.25539406527908,1.10971197333452,0.866109348546787,0.726414240548459
0.611242292174445,0.604155424838115,0.381164658344055,0.588157942793869
1.07698621466648,0.635811187568686,0.286021878866259,0.0834465422697704
1.90758492569452,1.45735796712849,1.08822608355969,0.884099497983739
1.37671220142385,1.24590649336286,0.953401545715814,0.658019787663912
1.23743635568822,1.19297385645018,0.846448779449175,0.501148569557343
1.53077303570846,1.05871213536763,0.674159557413578,0.416262941085121
1.36710501978347,1.02983111692773,0.480373888925309,0.0208615251280893
1.43567825427481,1.40072505625791,1.1932147369241,1.33709404293271
1.69918402555246,1.54073927576454,1.269100778397,1.28591626827809
0.642886293795885,0.611202348421341,0.397614443646759,0.322583557865204
1.05686168023593,0.975818881583917,0.546145758180962,0.152935955735651
-0.0991587543004547,-0.133773866538748,-0.156853090805463,-0.0289744277148999
1.26139411235093,1.61005146956182,1.41220180571373,1.09726498519978
2.14188232152115,1.73802396034132,1.21590063770582,0.772734420986249
1.26713246842662,1.04795925408768,0.797652493046673,0.681036664505308
0.743681807075523,0.397577587117283,0.151155832245875,0.0755213682630371
0.762304690339948,0.559847434809847,0.333583848380115,0.177088359161818
-0.595901213323877,-0.416396216757824,-0.289874369904864,-0.0186880103467228
1.0139451646649,0.935992273270055,0.552533003483093,0.200156265183432
0.592455383884795,0.379171443728804,0.16277213128268,0.0126686902463531
0.0230552400839297,0.142015144976416,0.216542260629103,0.461416074704883
1.32527410057785,1.16378859769343,0.86494720120909,0.96592718303355
0.760623240783531,0.356997055523407,0.0288624531970136,-0.210003023621619
2.05704972745957,1.5455086775,1.15076254727012,0.936648950480581
1.17114603477133,1.08051412611659,0.94427455125072,0.876012806315015
1.4223679835998,1.3296313899836,0.996718199412921,0.643257886249203
1.74389924382796,1.57679691792197,1.1579826558958,0.74692281102324
1.17737779656488,0.607137242927192,0.347087056579164,0.0971100180947925
1.2652778294944,1.06301233834278,0.786232751193461,0.778845368598319
1.32671158677421,1.04156242101418,0.75284492344429,0.641335822444474
1.32801516224907,0.973077227108491,0.61586109660925,0.503551619353525
0.46973166344799,0.287981907979324,0.0939480853917481,-0.029469380834332
0.948977341145479,0.657523699399303,0.246013315562806,-0.113158774206648
-0.293202732251041,-0.593529846394477,-0.588624223428534,-0.714139599664597
1.33185358000785,0.944737827558684,0.676245338706464,0.630143875972913
-0.560865192726137,-0.607184269070175,-0.531808018284331,-0.575172569262585
1.01924864564075,0.872430406270934,0.583734174685848,0.467651800987367
1.68014397648919,1.44017524725114,1.00053588283883,0.589309164034852
1.32001123889966,0.928169165428681,0.659614664373812,0.594765431504291
0.976645787590545,0.788270691767461,0.665895468935274,0.809244195254705
1.0839897089875,1.20853181280129,1.11682515581737,1.0890097650277
1.06662559915524,0.797748725761127,0.480511883926242,0.305548544203185
0.476799293702269,0.232126631017606,0.00426852229975849,-0.0794862007160858
0.299833580248843,0.220033434728652,0.11057687514095,0.0611221307935479
0.682766692638866,0.330182014204383,0.230515580095595,0.0540878208286193
0.332021403369134,0.231524722308776,0.0140411355538729,0.0947554563539579
0.111903482056254,-0.124839220971021,-0.199341230281469,-0.337300446092754
0.647541627801711,0.730070847137981,0.678602618910089,0.662886974769344
1.06800930571319,1.08899422048466,0.952801756815424,0.890027585240263
0.886733414112885,0.675921392025878,0.434446318534649,0.338046353054277
1.12543151331039,1.0040271937018,0.68243582208141,0.373807464541324
0.854171528180436,0.595513123222051,0.302446646188288,0.270800944540075
0.890204229005471,0.454061043428895,0.0773460464337706,-0.113781586883692
0.160337508400743,-0.0379088160871092,-0.267972995638373,-0.245387465920232
1.09486701716372,0.618388556740484,0.253198141858674,0.0233463564115244
0.32459908857271,0.0234357644814143,-0.149898684264949,-0.0735470354961969
1.40673370720386,0.930961589051103,0.544902005390631,0.282563886026205
0.849167697920165,0.592828465318533,0.317615739942573,0.11421111282158
1.52271060422456,1.05319830427716,0.677749356617178,0.410341906177988
0.506118636282755,0.20208753126467,-0.0197908389209124,-0.149134824797544
0.47220750833737,0.169458811948663,0.0400598694029038,-0.117430814483606
0.399582367775408,0.0982017055633223,-0.162262647703566,-0.31295389370515
0.838328555242939,0.802500741646017,0.740245235856106,0.694529668488331
0.299479126480967,0.177656626020473,-0.0448112539075823,0.0351050956250368
1.0371957931603,0.793307234205434,0.56619212127548,0.399833242067805
0.398164586152082,0.605201059383551,0.627637434383687,0.850540248646925
0.629935382709613,0.298637691042383,-0.127110730615303,-0.476571415913027
1.57262447001767,1.26648323819399,0.882312052613782,0.993670772080392
0.917339288542708,0.689195340079909,0.287416946245112,-0.0702161878548388
0.879662731059311,0.478763459903867,0.288064757775975,0.0998364454656636
1.31441431139998,1.47526039829772,1.00198514172737,0.474489466248586
0.316763642348248,-0.0429263477750804,-0.245442078147642,-0.148244413460661
1.14730656541177,1.02933926634484,0.85889149859791,0.724315650500018
0.386835822843396,-0.153850174928718,-0.366209365021423,-0.576303980142029
1.21059826005969,0.687574987866575,0.21934100314488,0.211241501993567
0.484055427391616,0.313828314870248,0.201183233788364,0.30129716489636
0.785818295099216,0.508134567131391,0.261965360421824,0.085263023240677
1.13598295078477,0.895425586004159,0.638061769779929,0.585491646624802
2.00514169227291,1.44577392392176,0.914985590813479,0.88597394671266
0.0844770356105036,-0.382331535134313,-0.483117440798653,-0.64981417912951
0.742709726062208,0.0548655185827602,-0.29898330132047,-0.249865565572837
0.662669570849466,0.485242949797505,0.207129730372189,-0.0598241048051205
0.304117773597671,0.502021105341629,0.55664136302616,0.616634989045052
0.343936368941887,0.429299556826876,0.486246776730432,0.799557165519642
0.918695131239755,0.571721256754579,0.345472399570336,0.290856049065308
0.866396207008143,0.742016072243061,0.478257194150757,0.371261342931949
0.205035805613773,0.478300560212182,0.465873209283458,0.359950736331063
0.589137039800547,0.234681933334862,-0.0404554966509195,-0.212017656062606
1.37295144853131,1.26217976727986,0.934202685752459,1.17014276619447
1.65021454863431,1.1738571049029,0.968435381637801,0.717076999803031
0.45385850076987,0.225420395931658,-0.0680134930657924,0.0303459800986952
1.94776267038538,1.79763180960392,1.50152614366027,1.58436481838927
0.761661987132554,0.662656944515252,0.512231549024754,0.504249997918552
0.581648673416167,0.31958263971903,0.0640423987469838,-0.0659319604785374
0.923664244592407,0.495113075770359,0.143445387446306,-0.0139311751708615
1.78495048227655,1.36528065012954,1.05812358607942,0.97153978634898
1.20407460439787,0.868140591623685,0.570866549817726,0.350823151707602
0.547424010478782,0.557560446752199,0.565806080739318,0.73170998938525
0.557029193221289,0.676322935618693,0.633504209316087,0.628149251528453
0.388417760157835,0.396002469420384,0.238396575831671,0.174277734225171
0.646140691760923,0.479786927390395,0.27350649559709,0.199151175472442
0.946709883090828,0.339015031483382,-0.010980463592686,-0.297295837935088
0.645883568891964,0.478862413204283,0.204455420925933,0.327847673313757
0.737460136189408,0.723753191825998,0.713854966787855,0.850553537681685
0.0703044295175579,-0.264062489844631,-0.327945333036924,-0.472327655395875
1.19535154583169,0.901576362483993,0.58447102261687,0.407303386625042
-0.443333355924444,-0.478785705250393,-0.357910681329219,-0.406993380073078
1.067031923765,0.689462997535293,0.51471459559955,0.310940331930789
0.387852276290859,0.406345895479255,0.326012058550246,0.28720535777441
0.848586280010078,0.671638498348055,0.302936926141138,-0.0239665732625735
0.411684017307836,0.175336930214727,-0.0401953937182976,-0.150318932968677
0.372895279423401,0.416674992083884,0.308990540404144,0.267654401852581
1.40424359113289,1.21148147386372,1.0606609549511,1.04893033488145
1.03328500982446,0.957286749546975,0.795819948674745,0.832688782063526
0.658974790844155,0.805834689521582,0.557880413761255,0.260841171010905
0.615579631513461,0.542375749282066,0.327387720627006,0.101783381859867
1.33576664516069,0.850003338373443,0.627156570661207,0.38561060283965
-0.271266546488594,-0.279322852099974,-0.283610066869573,-0.087255688288513
0.902652043883054,0.964892758351562,0.95405927266868,0.957252619659064
1.88055671337819,1.48410895592487,1.0973322329358,0.85473853358063
0.986128929612688,0.479619691828414,0.0938876392963573,-0.158500138374338
1.07216272214645,0.950300699051652,0.679096742711553,0.809349888484956
0.585531722890271,0.58959788391937,0.413192511827072,0.573849926582744
1.34215425196669,1.20211535057498,0.925971221845751,0.796082383798649
1.40770668161674,1.27114316407797,1.04378349258252,0.900851974356338
1.02621419473497,0.993040741113562,0.972630368294717,1.217935533914
0.712624423558528,0.339127546842999,0.121233524800508,0.258101721657024
1.57364595676097,1.31514068374136,1.04601468467518,0.94260382617668
0.201233423761301,-0.210714303209363,-0.518237133351416,-0.711060276054994
0.25988849405861,-0.149869836520737,-0.247085068808741,-0.418219058185402
1.49875008582343,1.13948057772957,0.784820547181923,0.667681113169905
0.50993499628383,0.670606540400836,0.400552144426035,0.0881308242772881
0.693099703492966,0.519026968700536,0.270910383934906,0.325685336527993
1.44832645351537,0.985632109110765,0.68634505197753,0.686137933514041
1.66950416693976,1.43259858453311,1.12431445355569,0.943139894144396
0.307733821594944,0.412744343866833,0.490910004102335,0.720617088199488
0.131756641167235,0.0622465302394409,-0.0123789408060492,-0.0719568335752195
1.30984478579687,0.72296171052475,0.427265593799606,0.13682984105332
1.16263564113202,0.681125682020286,0.217638616328232,-0.140372799180859
1.28476761638741,0.98170027880887,0.704489034377629,0.50951665960023
0.265796368210951,-0.0956471890272951,-0.196990278178228,-0.353009987649401
0.873498571060501,0.332027198746463,0.165126587439055,-0.0587974658317276
1.46527875378975,1.17424899197281,0.75796135423993,0.374345472060701
-0.238484783291739,-0.110399919169193,-0.138391887740524,-0.103698139096757
0.611287390506191,0.171223241120233,-0.152954875055639,-0.320305790200103
0.339690799648335,0.726624123772952,0.843950162664723,0.955678989504394
1.34849281213039,1.04303000217731,0.579957111695179,0.179769630391532
1.17422619638512,1.26786284646832,0.951527537009188,0.581573723897265
1.00858383527759,0.529490853930133,0.186617737780656,-0.0108233766135162
0.457207085183923,0.167223249517323,-0.0751641469689899,-0.257426556573366
0.568449273249252,0.223475321608251,-0.125953633839918,-0.131670505859076
1.29379545794078,1.10058995630559,0.806531773484812,0.874335646628917
0.644323120590424,0.865572594489763,0.646625305785387,0.357369322776769
1.61220520884969,1.37733596903031,1.12280645755257,0.99574692394592
0.792433658099954,0.427410247616697,0.117841417354832,-0.09431324955047
-0.0656349287600733,-0.12595886890888,-0.170466606666497,-0.0637386264636127
0.911265626917573,0.715214724079155,0.487198039436261,0.378287983610707
0.280646947669572,-0.112250904981101,-0.40424715255558,-0.590713081810784
0.45935992338563,0.38572227098883,0.334777486401432,0.444267063633189
0.66432218705306,0.503789662614242,0.28363357800773,0.161861632364934
0.959829225580657,0.635960743856818,0.333743126363356,0.16771388495663
0.656623481922575,0.190945950220673,-0.145805047383272,-0.348760085263185
0.833604284437059,0.537683476401332,0.261645204658364,0.0642414764245806
0.562980146440636,0.384772264291523,0.188386123807139,0.0870938960894431
1.33203259123085,0.908915315716962,0.542225910745166,0.367610812900584
0.140368395612508,0.0458940424180925,-0.0225680083348929,0.0412053338757664
0.437337567742227,0.487468648793685,0.161576099154261,-0.184576447973985
0.387346293496681,0.347165610557603,0.214274432012554,0.178221281764079
0.263140397681875,0.247229519518877,0.149921929445316,0.0980618368700282
1.44163769230201,1.31111734819754,1.06033669631743,1.12056725981155
1.84185642253463,1.60276281179718,1.32231697070481,1.18325899623132
0.830917289664069,0.856809080055194,0.688250957675435,0.625096782721752
0.885287515107672,0.659376721211361,0.412408218848995,0.252264913525567
0.8759979244019,0.784386347387132,0.433849432911805,0.0782617563976313
1.21450774477401,0.649287913546505,0.2400568043115,-0.0235352401069091
1.08445215914137,0.846471844374016,0.498766537280371,0.550897146762073
0.925349202987336,0.408117968864976,0.0317929913324097,-0.149774293399401
0.926442492719724,0.668868546362449,0.520904467633235,0.692722937521641
1.10493676543739,1.29880058630733,0.972578036895885,0.570374929699485
0.51518969323436,0.197570633534753,-0.0660819868913425,-0.201508894147321
1.47669879760496,0.933059871364453,0.524093833541462,0.272561262799498
1.20482572933873,0.761427392473342,0.470902895116746,0.503451319230131
0.400416931001024,0.153866158387953,0.0271844509339169,-0.104126674194394
0.839084092392414,0.0900185581212307,-0.232594680622423,-0.503667666917421
1.11669749262539,0.924117488345505,0.696300121888991,0.5341196896937
0.399975644101283,0.398538958227182,0.19944576554448,0.385668612468588
1.54860642553218,1.51479441864692,1.31408691233031,1.44068491428211
1.21798054101543,1.14143565806272,0.92106818625379,0.811961459552316
1.17513485622326,1.26306180999048,1.23181493764268,1.22694797463789
0.296280167822262,0.114224164191673,0.0585521976111202,-0.0509244914626441
1.17722192525135,0.638063396936057,0.305354636063516,0.297484236109153
0.6823280722903,0.744571931788396,0.619897566548938,0.570528305343116
0.638933173975314,0.471704676335083,0.359369399533208,0.470373738067039
0.163424577743442,-0.112347344357429,-0.541322235137089,-0.872329332087052
0.124342672055201,0.0861886137694161,-0.0884730074759213,0.0369039772953999
0.291342176367873,-0.089726321693033,-0.373620404042212,-0.553110816734082
-0.280199228945292,-0.419928748767044,-0.409204728628992,-0.490986697296216
1.74393620378071,1.07940494320091,0.575004526136022,0.243834513912708
-0.095243988879198,0.191386195330044,0.0124233481054107,-0.244020990588401
1.24725013719026,1.07995820356975,0.876617482911725,0.78178103958964
0.22241982018916,0.227672022839118,0.14936095774171,0.134620489759896
1.14888655808445,0.84115023747903,0.632285868131823,0.6390392017768
0.92839466918579,0.889954531206843,0.528817408394031,0.161883844828714
0.72424402698489,0.547172709615108,0.302195833130443,0.26465270732643
0.574556112539121,0.0871722632308824,-0.290462642919173,-0.553526034551963
0.628654008742426,0.0464620743481818,-0.33570312979889,-0.53991451119616
0.442390870954933,-0.0332860838484268,-0.227215785944573,-0.430637599398157
1.2134834349506,1.03796470807091,0.833559219306026,0.677439171656494
1.42972180511432,1.05078126159703,0.714212481205829,0.531769739376718
2.0806536954153,1.69091549311704,1.23288480286821,1.24358072136407
0.680284130959289,0.455654568563578,0.0571850068388341,-0.299342184266386
1.01395111674986,0.675996191864688,0.420092603079929,0.255221152364109
0.474375812615915,-0.151150787130993,-0.393554951910311,-0.625711922895241
1.27662152143528,0.878429247605369,0.596095252937999,0.488494282921304
0.968512708503975,0.781806585834569,0.474744475494049,0.180923077277994
0.0997524739808518,0.215506131695562,0.166044793488215,0.159100893154443
2.29710690739755,1.94834507962951,1.57810158410875,1.44629994094373
1.458005500581,1.20797425680073,0.81115068292827,0.904545222699598
1.08451998838715,0.938608677069638,0.753636786259684,0.652974336658734
0.476622318504834,0.443096641303988,0.280465837018444,0.213563155073502
1.47799863254277,0.970893286907631,0.588580365234541,0.324773194545711
0.619818358543008,0.638558467492976,0.476278021624281,0.638456894406205
1.11013357589014,0.911824848823781,0.636256043975971,0.650118902403713
0.920478745073162,0.640182159911957,0.349469750589145,0.256613767796769
1.43446518016422,1.41474549359212,1.34919661398443,1.32071865048253
0.978607557895852,1.04392477042848,0.970337371008792,0.939194389004217
0.960024254136501,0.53058489464345,0.180658331420436,-0.0529126107824855
0.967114201726503,0.6670032551674,0.360882783352341,0.194474088757892
1.08580251513528,0.816857013718318,0.571423683489515,0.381990930764022
1.01076154900299,0.559510073992585,0.215675120397008,0.00299072885458262
1.16076089394828,0.820880586955402,0.624216853938525,0.424947642382227
1.15196723904118,0.946608957727677,0.739422988675778,0.567636515215393
0.422660308130705,0.176832021812425,0.0346183563675934,0.151375487896596
1.67407823590844,0.93389094616493,0.421580455129296,0.17130821905941
0.0841467052772892,0.149068421511534,0.0134788219708772,0.199491944711399
1.03891651983487,0.646806335667097,0.26548388561706,0.184906799991443
0.912696224317139,0.714848032994035,0.426179837213576,0.5071473846508
1.30775463614346,0.760660547008346,0.360263503998695,0.156560431254857
0.789609650375501,0.686732473357508,0.601552972925887,0.593069558812646
0.927782027520679,0.658756278962322,0.389923700519031,0.280008689875131
0.902764745290087,0.871769752517618,0.671433562774669,0.588957013314663
0.232142190913232,0.205387632675762,-0.0857396114136365,-0.382647263626048
0.794016174520464,0.694205977930227,0.440847289162502,0.590048149934112
1.03983566228582,0.53209782142519,0.260392426669721,0.00300392330664889
0.595336735594941,0.519131382682781,0.280897192491848,0.421830381703
0.265769009058176,0.398361723838517,0.352094516265938,0.347238374480934
1.19828290896825,0.80870311434171,0.463628888193522,0.211745925554255
0.961489445207337,0.492855256352054,0.146033452706865,-0.0812082007776406
0.539241475386208,0.322511435094889,0.106514258837596,0.0185067299257781
1.6651108616404,1.44594012752699,1.03051599825084,0.635110045178732
0.657605356382313,0.0303802911856904,-0.197375842246241,-0.428330693728145
0.723100898683848,0.665627660144525,0.497980770349431,0.465777216243016
-0.126125822925185,-0.166118195952822,-0.251493490040383,-0.317330131968804
1.42202784672435,1.00113877495707,0.639496350088109,0.388543303410208
1.81784126796451,1.85081797316473,1.58006278031776,1.25638995253541
0.403574865081032,0.706137435409524,0.715913378830228,0.75884323540355
1.57221211370244,1.22873009013537,0.677538976591346,0.219470182679848
0.829289984147725,0.321216095651149,0.127803153121793,-0.104875657085867
-0.0909258076748717,-0.353611913304635,-0.383417603466017,-0.501952730230131
0.836313553279676,0.127873421535682,-0.206995842754017,-0.492932867641923
1.54069186297657,1.18166445265137,0.769116852117366,0.775060378014383
2.09538654008594,1.79256419055735,1.37598237737571,1.38796511530734
0.678818282571246,0.377576287282662,0.166255637567072,0.186421626500006
1.49057365516849,1.14946986646909,0.835901381470078,0.626424962987314
1.44832053340344,0.925674706928605,0.425057984823533,0.322403270423546
1.34761615453001,0.899415936561003,0.547481180818518,0.3328274920986
1.52385463736476,1.29125488462351,0.997792991875987,0.83572671511235
0.466798745782046,0.355950544266577,0.23662082196299,0.129232827195762
0.306226071393169,0.00657286040656585,-0.102687040360029,-0.249903626377018
1.02583418964409,1.05076826816147,0.695575551825429,0.312204970839334
1.61200093514569,0.974149066786897,0.554741111049524,0.471909767482753
0.711515917648488,0.43842450906723,0.197761820454751,0.0324779707078953
1.06945154056046,0.956009490815651,0.688320175442594,0.556237050787489
0.342601344451149,0.106197666993059,-0.0429156041492049,0.0288820081795637
0.0930012784594378,-0.281818655074903,-0.541882066729813,-0.697599444226012
0.930757506890426,0.859115702833917,0.594072033101547,0.326186726392473
1.31682433452618,0.997218880677276,0.60097559286171,0.66300696350724
0.187122554175522,0.274758785847626,0.150765009927811,-0.0211285317222961
1.12515199156702,1.03986213709497,0.692104780010984,0.339988535660113
0.140532041119801,-0.0910285438850609,-0.281116663961031,-0.420952870823608
0.247334598145041,-0.0355142717741557,-0.200474180842999,-0.168854711411009
0.602910720886852,0.338841466135928,0.0931695774538954,-0.0254156913402325
0.235110951563082,0.143183473688264,-0.19115372960058,-0.487095297031232
0.559257518961065,0.248384502111691,0.122019451918155,-0.0492406635905307
0.617244807003223,0.164233106417985,-0.162813313835518,-0.366825058904822
0.795803689593628,1.03156764276046,0.727795663975851,0.377973023153089
1.52846558323194,1.35696754913509,1.13778200193558,1.03459409456701
0.228287920640954,0.392767902034454,0.297475481256417,0.283919782103206
1.3731996375995,1.16718870447558,0.765971756045649,0.390466439842101
0.986048079893346,0.739077782429202,0.48020944991401,0.416563499973771
0.0983552287690148,0.113813783655144,0.124712586786775,0.287858638572183
0.242421143305549,-0.0243253112367519,-0.0774999934387193,-0.211811977204187
0.907778018075145,1.00033239560777,0.805791851815972,0.555662270832502
1.49895553718144,0.785057187509017,0.247418654743984,-0.0487148429154742
1.28773848121627,0.683190716749705,0.22922328213227,-0.0770414431651613
1.61575436700122,1.20402606603637,0.827408951721403,0.593363158339001
0.878842719342528,0.689679113690065,0.459725712366601,0.475278477761075
2.19841299495451,1.88561986083174,1.58339716589916,1.34514436840883
0.819254358684381,0.690337731424238,0.591921147865816,0.62172312384582
0.753374288360569,0.775179832071619,0.63457803044268,0.572649922127656
0.928112207866734,0.59838337389389,0.332617812920677,0.154312856005183
0.646585754030826,0.626302982427218,0.610972824993826,0.688060156429998
1.48791701980814,0.986751121341214,0.508839856473315,0.489781199397034
1.11577691034247,0.702847741404417,0.369163010149475,0.143134159774644
0.603770703200226,0.67083714567551,0.713306341095222,1.04105264513676
-0.022330928242856,-0.30028651652269,-0.504631798773003,-0.630655008761292
0.174347474169676,0.0441754640836584,0.0372680880258386,-0.0432920241831569
1.14561548807358,0.928823646627589,0.674453728025356,0.565267958293267
1.20741561355386,0.94760778249745,0.647799765050542,0.489992524477674
0.612186937752432,0.562358291047758,0.354336283239734,0.477417947730774
0.17823309764739,0.0281696024526211,0.0749992538917514,-0.017072968844764
1.49051736681489,1.18098238959688,0.829256254394211,0.806294469243852
1.19183644670907,0.874358513979471,0.574984504155011,0.468029154086632
1.06139593598516,0.906997257535241,0.717982802630971,0.583479631226221
1.16501654949804,1.17820799282855,0.783481571480291,0.396064040183806
0.468842075816494,0.42091402217602,0.361544460077488,0.331464459745963
1.01912383835821,0.905918375220714,0.666302596723316,0.560633905489806
0.973752463350589,0.636746238326301,0.437411566453924,0.52342390572256
0.425011222272924,0.441102620259189,0.342943732193146,0.334492396109685
0.521782905143549,0.109478848018186,-0.0183034265629378,-0.215684835407371
0.57011733606368,0.240095460691671,-0.0232081933245947,-0.182889709279613
1.51257718439118,1.48667959028917,1.33854453559201,1.42153644436103
0.112241066543773,0.166587062633465,0.0799423897809431,0.0469708608438608
1.39685626345163,0.71474089648001,0.274897787351783,0.0176107327897179
0.738109220743679,0.325413723736875,-0.00767401889849839,-0.107032401492269
1.68487867856461,1.39059852678537,0.943789771623708,0.533686023289729
0.917597279409188,0.34656607194898,-0.0693381212135756,-0.294682622035894
0.700959710792906,0.346316577524774,0.041770289892296,-0.176076362532384
1.70248707736432,1.0414039555433,0.736765737305222,0.447960868294437
0.872155801520608,0.710690517866779,0.324149254347454,0.00336122099982147
1.46854364978338,1.14152214007958,0.825551324916217,0.694769475319608
0.158246414646981,0.324851189746356,0.155806054291671,-0.0769389403437973
1.84281885339685,1.49602041912699,0.897016359161668,0.350788365479581
1.13748278631513,0.738949874491593,0.416243049137834,0.18418784334308
0.0353275991246992,-0.179725127025573,-0.424886112595221,-0.410353619912287
0.97104662195259,0.941132862422439,0.778912924735615,0.75055699289279
0.895113467560116,1.16625246095411,1.19427416601982,1.24407630360489
0.848482584472308,0.881393818110769,0.669080152705964,0.60189489663272
0.841011719046551,0.790128177495654,0.666082298800583,0.61612470388779
2.23057278325118,2.05759189994008,1.62949208664472,1.20100893983129
0.679047524104015,0.670306518088592,0.504141860050495,0.429476711932891
1.68365476200946,1.62516012709188,1.5776006590354,1.68242736512928
0.124876431989145,-0.0157696211553789,-0.094828181809575,0.0529687288067008
0.599254587405961,0.326832107297254,0.0147473126019984,-0.118112853523589
0.0677107865054894,0.0869676391944384,0.100746756458634,0.243388539935651
0.66763433937848,0.331539049986075,-0.0253430653512914,-0.185637395804935
0.962940939170886,0.521523309619836,0.211575457471477,0.0918454887519449
0.657354162656562,0.43872841567799,0.28461170403863,0.30186694511797
1.18337380729426,0.848182321686899,0.558401810039566,0.354354016386531
1.57060216563031,1.20556773041266,0.867009031235284,0.682423657190907
1.47057042741427,1.00171867733771,0.540585875297913,0.175275718847207
1.31086331511459,0.92435321004916,0.52166683756467,0.264115414525553
1.84449391034964,1.43581446878378,1.0963829128669,0.844336411910788
0.908536726771445,0.614874994353972,0.357367117220078,0.212691066872902
-0.535899702322081,-0.498592969475194,-0.345783874904888,-0.35558869496088
0.324933839160618,0.110163719254318,-0.0355632868576507,0.0385673886605584
-0.186638069323258,-0.479067439561659,-0.591123859460046,-0.735727792489029
1.77827625970883,1.37812747582628,0.917397658338062,0.92728680563554
0.974387989110422,0.582185888825261,0.444163147752184,0.253491800386086
1.29137505548297,1.08904485474265,0.75291529667409,0.429667042163044
0.594698909856698,0.48595762478146,0.372805234725143,0.303403095164014
1.00199319079929,0.79953233375944,0.584927129910537,0.418001830463887
0.521410121504674,0.658227107500747,0.436576858331327,0.164409659830094
0.457278787079196,0.175884520911681,0.0253060444137809,0.141414846227481
0.914655541410565,0.758279913242722,0.376110348124801,0.0228796519310932
1.28115423781685,1.01768535409812,0.756987282377282,0.612719533889673
0.946299622850696,0.577342865291281,0.277250151913937,0.100418003229424
1.69875927903613,1.6212260770038,1.45309435346543,1.39952985996136
0.0893177742367255,-0.0570001060366785,-0.0922180970066661,-0.174877581338251
0.813585254143082,0.703693423361659,0.459335329772603,0.568453532091554
2.04792261223799,2.02465772193281,1.839968271151,1.74203271934243
0.413662320512297,0.22074117958042,0.0960331572999871,0.189159139767479
0.962607952782043,0.634963497976169,0.50764086867969,0.333077399082439
0.331482173172318,0.30252631849656,0.189518216479463,0.160260427848376
1.53988755268276,0.844297750875382,0.352540705832376,0.123739995899903
-0.0769669636855452,-0.141096835912588,-0.0366909210104263,-0.0955549294701112
0.567656654430842,0.0569736190290779,-0.246228161892616,-0.284033619929857
2.06178348060621,1.35255295229501,0.823119386616272,0.608337209610979
-0.26530475028916,-0.321491943476429,-0.485266530025729,-0.395628108341861
0.481475887907835,0.238474079181002,0.235480716663517,0.112302247072262
0.483917551472664,0.0471224586451486,-0.284737374034467,-0.445483631084492
1.18158674966519,1.15834506885346,0.952463630539765,0.864648068762411
0.803954557916233,0.605569480447458,0.371647304988565,0.272229921093077
1.41897091543294,1.16757541877876,0.910958225649953,0.76144173680539
0.581014666905298,0.245933782355647,0.0232548861660792,0.0264620724313213
0.3412837161984,0.0921499466279234,-0.0789607232113894,-0.108186941782413
0.745757856348339,0.152643372588826,-0.145404120635058,-0.404082920805503
0.909037940264183,0.684347488975787,0.4876830394078,0.334685886584445
0.305851092497787,0.00189431968960624,-0.249502267048621,-0.394925852490538
0.245842461154184,0.0290396306306301,-0.0124890945448706,-0.128875565386419
1.51097968173389,1.03144529245582,0.688909024379348,0.551523709391471
0.30488545179124,0.226644863048472,0.175397687867312,0.353463579778064
1.59113711957437,1.58453744406,1.45987125188497,1.38697237149954
0.851764441468158,0.63872458200228,0.297526916313342,0.385152611346591
0.399335701692119,0.269584935887146,-0.0161596075522936,0.180797844046733
-0.219890714183681,-0.344170918046986,-0.320913366550005,-0.39143446337477
1.79757909286599,1.5072631133206,1.16986121351103,0.959391391133256
1.09802672798838,0.889285830293251,0.488127413437329,0.135427357556448
-0.0360960415438418,0.051146152408141,-0.0317159277725383,0.12865467347131
0.134997486037501,-0.103857180917522,-0.16404273187626,-0.277998858999062
1.65215780182172,1.09607535933526,0.666008311735331,0.368395194591179
1.08084449198582,0.926211599259552,0.492157759783074,0.107093848790445
1.82693021911652,1.75878656130966,1.57954322541667,1.63467437924816
1.01988508078475,0.864573462590449,0.74946731001179,0.819229196708724
1.86120963886759,1.62972551012308,1.30841508133398,1.12973844160578
0.891215968379471,0.676832966781576,0.440590141736184,0.342358808666135
0.883242398664544,0.606710898895476,0.3545858655024,0.153817573995474
1.11839909993186,0.666245020770208,0.206909655483087,0.322830214909233
1.27192225685218,0.895582438024888,0.490879741707786,0.475031082688611
-0.120388276119409,-0.101533109505257,-0.264090024383743,-0.445726879388485
0.408088025372042,0.053078143881522,-0.0963016528013597,-0.274574696091919
0.178503983028409,-0.100166485996097,-0.158594019603863,-0.291892870281729
0.0947382651124509,-0.224742462621767,-0.382586230535104,-0.533832733369437
0.844649924632302,0.776504242025535,0.730187486451489,0.887264337825113
0.194123851460246,0.237737464921561,0.149106324294071,0.107828965690968
0.812115176193757,0.386424175212877,-0.0102648055910447,-0.159657647118703
0.681085574763262,0.664194701849679,0.426867051228859,0.165968532234402
1.12507798963215,1.02254137408644,0.946177376109008,1.07055039635409
1.34377971624553,1.34738383450015,1.11557793320616,1.02978305453572
0.754432549771576,0.695957901950311,0.445203627416712,0.636199021940082
1.24644125217184,1.08280334083967,0.952627843216501,0.954429190278571
0.90467893300218,0.389681455470421,0.0945774598072316,-0.165340234589698
1.09894414329377,1.3150653502256,1.26748937110783,1.53523164765694
1.117891625869,0.943588542807498,0.697728299795263,0.695913586090055
0.303327905359158,0.255869023310035,0.116304616299882,0.0488973029023428
1.23944692722694,0.866665953199679,0.494301312525619,0.577743276829733
1.16754013105291,1.08003739667954,0.699084889077858,0.326309961369809
1.08277553470152,0.63169079899144,0.265282315406179,0.0171836704136521
1.54445553220414,1.63846557604606,1.34844733981151,1.00225933888674
0.0593158073488293,-0.14296652413528,-0.135442366000125,-0.248085752224751
1.85213757894958,1.53909360518133,1.19673507402099,1.00108493109874
0.325035015512073,0.164384324984295,0.0591810594906354,0.142525214689452
1.31395227091469,1.10693939350826,0.801969920255326,0.845438908606561
1.2317247656235,0.543541919847457,0.0171788797773003,-0.294509191922717
1.0158140403034,0.931120226755437,0.728500484505852,0.617578920028032
0.36720241342922,0.117069436164843,-0.0386679749896506,0.0642277115147186
0.606922550608385,0.0274022752941974,-0.27516424801734,-0.52266502980759
0.362918839221123,0.236504347743038,0.0994529013160859,0.0789734156191085
-0.217744476527392,-0.453938569808522,-0.474118256689398,-0.600751376300262
0.411298348256005,0.478093308768233,0.456855612775667,0.47642820176334
1.46446367219005,1.15423730735379,0.947308412639979,1.00096318774386
1.7230881335417,1.35024093939447,0.985835117012688,0.782942783141408
0.975090712528311,0.559745244439521,0.327881611292334,0.401010771717103
1.26100247985013,0.910925664321135,0.556915640370096,0.335948645908038
1.28886183415457,0.992728126362143,0.697331726104812,0.538315286988948
0.378743346338759,0.074123545478252,-0.108004730678906,-0.30315397142832
1.19008328982338,0.96131133759578,0.596399919356982,0.729107915798386
2.28146722921109,1.64097233937813,1.13185260678686,0.824324294996035
-0.177705925142377,-0.101264063326437,-0.237689201368962,-0.402004788803092
0.762564501996507,0.659779681247616,0.425072397972547,0.318051815376338
0.420040581757128,0.39467128839663,0.377913454339922,0.515050922137355
1.40473049312365,1.17474089701819,0.916057139679457,0.809338761103642
1.53998508563574,0.849292736511694,0.334744151934753,0.0788831219573773
0.284037093106449,-0.103027663276326,-0.275910978953327,-0.460391087329923
2.12228773138511,1.68214557417107,1.29064604992685,1.06923377211455
1.09584301667543,0.879258559044517,0.641454318850752,0.482281945294266
0.64547584056995,0.429975387975223,0.223391673137622,0.0821432320760229
0.619378057565743,0.420641217299402,0.283048147944437,0.351274965211496
0.14422344319318,-0.213687543605403,-0.379571348587947,-0.538485752239918
0.666381688144442,0.460152270384343,0.218418341140969,0.103418151061159
0.62587492957066,0.346314324770456,-0.0730447550806314,-0.432791473253933
0.333372814370321,-0.0215833287691216,-0.212433193122144,-0.404813633937839
0.358426979072322,0.49083400674402,0.285867989187623,0.0285427899432098
0.848827897674665,1.08030593875854,1.06806936057528,1.09428323962118
0.752092635739074,0.610680947101391,0.442356202796239,0.319798914755958
0.00977810277093023,-0.0970470769395765,-0.0543358249863077,-0.125451311753846
0.000797953416984742,-0.0200401056223435,-0.110074213408401,-0.181858774590421
0.501151165634923,0.379072478554493,0.297985629502596,0.464164777310427
1.24897441754435,0.696340655237177,0.419726447079219,0.119710140899682
0.174292503544799,0.258282109644359,0.20558868019834,0.190406093466258
0.621757024188819,0.499120362757852,0.305427431888823,0.341483671300855
0.47837999535718,0.235871442291125,0.0729593396001725,0.0898455096210601
0.318015901535197,0.280245884392003,0.249833464581561,0.321344336687027
1.78735815149177,1.30955839880407,0.838969880957499,0.860499399057047
0.922148660417184,0.926832919836744,0.788647415200014,0.902053754045573
-0.0248842838752291,-0.102300343610941,-0.145674515302322,0.0475217159628697
1.33272378247129,0.842125917784589,0.470234246976463,0.234013099084343
0.304303998764222,0.46964389788554,0.400933102634489,0.627596622638856
1.8476349814453,1.55924699129492,0.978912763722033,0.472319395186353
0.69548199453158,0.835007150694756,0.810095477703224,0.816734363723247
2.12399706828982,1.7040636891565,1.30132246713675,1.07140285625351
0.945048657654651,0.535937209766903,0.198814836457585,0.0358878276239749
0.645012776962695,0.702412243671759,0.542898976764257,0.3462756569966
0.180043624784755,-0.210001674426026,-0.351607496199779,-0.511185061706181
0.0527382474038895,0.0618119597532618,0.0691761367132536,0.222844432399388
0.789343840243059,0.381299473103437,0.122048418461567,0.117580265813484
0.589831405232561,0.172055664441003,-0.132947150030095,-0.311242049442474
0.961286264332822,0.86614624607808,0.58150957049573,0.29427892081741
0.66912326729191,0.341730465600928,0.177624833556363,-0.0125846825844884
1.01760285825391,0.80406825616181,0.549114330583975,0.399685748233599
0.225038730212254,0.149716392013878,-0.118959824060989,-0.379158459763448
0.659434398689779,0.210092737930895,-0.145538119328899,-0.349811191929829
1.60764834469802,1.22165581477094,0.819538192720588,0.558107590681026
0.955277633241483,0.704142167991264,0.457902730271294,0.321599859310653
0.747492700475281,0.556075925624656,0.485229130550739,0.365314795739458
0.458430502744466,0.359030112484459,0.1620660920788,0.048768776781201
0.675140138023256,0.369631425524567,0.107481887431783,-0.0334109222444822
0.329835706862395,0.49667167200246,0.457887157388018,0.461407983261206
0.000860005078346215,-0.117576718871138,-0.244897881254975,-0.317877236765649
0.75271622440862,0.510870945190103,0.262896621664078,0.165635535238523
0.552352790015851,0.605701202605069,0.576940795887174,0.540776345271981
0.226580772870723,-0.276657437920113,-0.463828079368379,-0.638211791004467
1.22556150493493,0.90711260641016,0.611609329431302,0.396628012214441
0.467518327580429,0.292968085017625,0.169913565883919,0.208242654260432
1.25229350102631,0.891295505615945,0.636475224275155,0.619816560894632
-0.0456908105944261,-0.157690462606845,-0.223379873638433,-0.0827337147666481
0.425155284951992,0.434119047347844,0.441214804099167,0.562930191109356
1.10425766497828,1.08491564443063,0.712616228010273,0.321703860706962
0.77868009905908,0.424549891213416,0.279263017418793,0.101924507612048
1.0957476102476,0.607436674809497,0.212860510494814,-0.0110584744751133
1.07507581404334,0.763901587686481,0.54328681630308,0.525079897948536
0.908110856124087,0.627108160693521,0.294984306923663,0.360081716524705
1.30840537388169,0.820537836454733,0.205472438615059,-0.300539361709127
0.877522648804895,0.336392354530296,0.0590463337104184,-0.192478236167184
0.380571166291932,0.137411569970046,-0.101537538241611,-0.261057887818656
1.42005608636598,0.995334677468482,0.565066842608785,0.495045518694157
0.264500536370683,0.160527273539527,-0.0907132475982002,0.0306321312047738
1.69865406296487,1.52470598340435,1.3358780950271,1.21484822050755
1.10292444818926,0.699843846067056,0.429257486807444,0.381815432393701
0.812594526579431,0.596878278085313,0.277409620017402,0.149112109808523
1.70876649776259,1.58120269605771,1.29670546029317,1.40996798538613
0.262158138994036,-0.0520303148790325,-0.16942308710308,-0.326067154809486
0.692277561142627,0.308659494559199,-0.0422358300764673,-0.22940414486444
0.217116162409401,0.262443618593851,0.186527661315091,0.298748344324171
0.379045603379537,-0.0910703950766115,-0.432935070674413,-0.652522013906145
0.499265531962636,0.385812418634952,0.0706691792317254,-0.224874567876713
1.16623366791838,1.09972278698752,0.951362154048811,0.89627688603811
1.42855493803296,0.945783402053538,0.560423151305625,0.37299667704199
0.76476546568382,0.697219425470644,0.540251154054562,0.448869488734028
0.58962013718257,0.336831912053711,0.194632623961778,0.30500742830484
0.585684911969101,0.253235731761498,-0.137310603881674,-0.455712937934421
0.11835968015481,0.020396718596745,-0.0398865238088228,0.119631197727781
1.21115628980297,0.950913388823445,0.667678540409019,0.543641441411603
0.428788746081615,0.34468980149411,0.0936208641194822,0.0249961117333289
0.956077323293667,0.852533184138767,0.645896619076527,0.543424448189468
0.76231547548038,0.297950475322618,0.116214397675768,-0.0952890011898908
0.780447199588503,0.869760285532632,0.816026610065008,0.799443400856726
0.011825509103571,-0.226513520364553,-0.395570038508432,-0.393097042761214
0.459691238608425,0.256286128219852,0.065024789545664,-0.0825221850679904
1.31380726410411,0.964024612466613,0.736165692714034,0.785282651163762
1.1114050953954,1.08425231689348,0.911368868041859,0.825309114048858
1.35621938283907,1.00053960204835,0.618361395479348,0.392120758507279
1.21625264942065,0.819486966096828,0.464505877568741,0.32325375017553
1.11672950625423,0.731508550235632,0.467069192700035,0.408863638294417
0.829588668539225,0.530974707666844,0.29716282562681,0.166746958430718
1.88627366033279,1.0810275553664,0.552788076542405,0.347044724704706
0.713287946568803,0.298175444524909,0.10191855586721,-0.0796130586805244
0.704837002420213,0.547813753100379,0.378260042657318,0.246199666099323
0.698563075323277,0.478036536299023,0.20026281129986,0.0552437904622078
0.814938680188624,0.203706439302455,0.00252757586869939,-0.204354132919722
0.964873786823528,1.02290104704372,0.892019514327747,0.842418880870044
1.04306136194833,0.911604539244016,0.738384364797571,0.615008040718171
0.829175871887848,0.559885882018645,0.443801708513589,0.292588334256186
1.2337532842668,1.17409349394408,1.13024893952499,1.26554647743988
1.68789827368668,1.17612759607962,0.703494149908716,0.328637652089002
0.793978284846047,0.698435356475355,0.307579878499907,-0.0597311991301897
0.712551572455029,0.75963886528343,0.579177975926446,0.511700910535399
1.08935875588487,1.07405448927921,0.905669193690692,1.02162209976179
1.62467753555521,1.14587838662373,0.661687297621563,0.604062775814186
1.3937951907302,1.46924609917943,1.22293781911526,0.913309008025712
0.721549499412941,0.550120097037729,0.429868202817686,0.491577058801171
0.995468971598398,0.67394957113641,0.347172460750083,0.171319058663549
0.357412299720004,0.331811849922284,0.214298375069052,0.15984122960933
0.977396751359632,0.735992787277212,0.451742586187723,0.388176935628062
0.424118737622705,0.30826084723938,0.226092586348803,0.290527673028335
0.583966033665125,0.287442786147831,0.0130356473924635,-0.144808993890564
1.07790888847651,0.471376915550507,0.0165142452726602,-0.282797802679826
1.38023323625628,1.08854568510099,0.792683411203611,0.637945522221916
-1.00516807895216,-0.66488100375652,-0.438386540447696,-0.121454742233809
1.9410003634657,1.87974436406272,1.58638898081209,1.26560598153965
0.44809488111159,0.550514480121635,0.38027560057269,0.634527592930932
0.612451121754115,0.494300188547171,0.252794146347076,0.134844760900965
0.198782820380163,-0.0638515283800909,-0.0725559404453917,-0.203607279715696
0.701912582156826,1.0211235741459,1.05956529732981,1.12145998588922
0.260886884660787,0.146156538590126,0.061995164484273,0.113173075625424
0.884922946754056,0.659730866346928,0.367861734274063,0.374984402594262
1.9148592192548,1.61548550315602,1.13240919639323,0.694789944470495
1.65835275842619,1.24172359132834,1.01638994292851,0.77903093197836
0.639434554489006,0.346809051728338,0.134069636792234,0.0620794480414724
0.632056308622853,0.651707212613426,0.519150619884425,0.658516445592576
0.00891561420980821,-0.0835487882999078,-0.137404266388813,-0.0127247566028846
1.09590899022844,1.05659355909461,0.963103874145668,0.922676079485025
0.134160915474359,-0.147692734595138,-0.400720922742547,-0.578299279175129
1.66244029487177,1.55290634627384,1.21822908752745,0.877997598595699
0.116662190322659,0.0281215731389877,-0.11479593199159,-0.154989714289032
1.74360742384777,1.22594093687598,0.686986092848771,0.251736137560056
1.86831372129629,1.48007254464668,0.98917226040574,1.08310961227589
1.16878551342819,0.724765041502157,0.345227683418859,0.0657383368228666
1.18285800249333,0.648736913181915,0.417412791175146,0.170124903795549
1.36141757150869,0.906454460607455,0.543319492832049,0.380618490775966
1.87775552035762,1.45809231886738,0.989551386850232,0.960757320503289
0.554327056287724,0.440180858051834,0.290623282892496,0.191804947428513
1.33079562607791,1.53266094764293,1.24451056728461,0.895822927611555
1.05847189021667,0.584820232754451,-0.00703480750188273,-0.4555445331337
0.187058895739967,-0.0704948571891514,-0.24148230309625,-0.204367773564835
0.649674514763423,0.518814780453795,0.33073108028016,0.23645609348572
1.07171618069203,0.909440496572987,0.73672247125306,0.653460580298294
1.07565014010368,1.03105174881985,0.914533173148753,0.947893775397715
0.0905080842777456,0.180082302545366,0.125701364040995,0.112364359577902
0.89707695858195,1.20482897123293,0.9918986799952,0.673767646690259
0.805001761948655,0.384297394193938,0.224876240337061,0.0322145972073718
0.90861559602269,0.854505661200224,0.721168987336995,0.673425138442005
0.244448068224892,-0.160981034395942,-0.449885444318242,-0.643893148831122
0.579117048980454,0.191838629986626,-0.0417707745260103,-0.0059712556582856
0.745251184405544,0.419311610637177,0.304167972604001,0.137674788144182
0.894078608604939,0.816630891629015,0.449802503343951,0.0888395147307374
1.09486850411593,1.10382774996357,1.11132626819836,1.33111435907774
0.75217699181338,0.444691294379342,0.0892272048378862,0.112050795800929
0.0602380735234002,-0.370110845780843,-0.572888065114283,-0.442824304238492
0.0230096595299059,-0.128803208245787,-0.308143124832179,-0.403215019582324
0.191616697253658,0.0369144530346004,-0.297026891733236,-0.594006674312882
1.1070174365518,0.62757224143701,0.250495396107034,0.0757066813831311
1.14317078014658,0.792607034770806,0.564850969958165,0.623257413026994
0.453807382524525,0.126125747913349,0.0154323386831918,-0.146154422671008
1.74185478228916,1.50627826979208,1.25106848942934,1.08563091989778
0.133073150315646,0.0941596252104823,0.070739940014055,0.274294440394903
1.33878457141126,1.18519907260405,0.999689826354649,0.845125505329641
0.790055538678072,0.439291284353136,0.131777971805414,-0.0264095228338945
0.727401706678662,0.476258468783992,0.229166578147776,0.101382549824946
0.922476674086927,0.551619482662625,0.224384976732098,0.122737290283372
0.090779138553411,-0.116148545906913,-0.324571933569962,-0.46719258122521
2.46217219093558,1.81216909970274,1.28992853230063,1.01281767500303
0.0952979765173975,-0.0690732558442155,-0.334068015160071,-0.218229263460129
0.911063508327481,1.04459266817315,0.667619449929897,0.250509409829339
2.1260977975144,1.35035874261325,0.733520280380402,0.69835064328868
1.66606472561839,0.972363045700576,0.391209925987053,0.2779287356442
1.27690637610886,1.02063389308661,0.708896960516745,0.541459863928728
0.737496149380671,0.557197525976546,0.431380709263357,0.499917411125558
0.963438452558927,0.653375169461201,0.462970724850956,0.525759001888685
0.624517820590195,0.433098100101582,0.181883217846535,0.0359397411531701
1.3261926856457,1.31129771871068,0.951191845734206,0.565264841597453
1.24890787123718,1.11529270834176,0.956717743684949,0.826687648870568
0.956432218780136,0.44900018286518,0.0951515307828995,-0.120751463068534
1.76461506611451,1.29014820092619,0.879153684691654,0.660188206601994
2.04628168953664,1.93989169661762,1.5784880687534,1.18911870346185
0.40299673418239,0.522796238480292,0.557589576403525,0.57283169378363
1.28597443637942,0.823430462589598,0.430441597242673,0.246699291563043
0.388321959802725,0.436235364834791,0.471618609961359,0.647152885987363
1.85011585844747,1.38884802145445,0.992553719862919,0.703764299531551
0.88754951366515,0.559718528945275,0.259464565978678,0.128671710455711
1.55566547684456,1.06093645720359,0.667569133593304,0.459611687796202
1.11162267311296,0.822993247024414,0.482280224761062,0.18438423981042
0.92077833375535,0.603181999395822,0.318366454530444,0.113985340163773
0.107111425262178,-0.164294710517347,-0.396421748354098,-0.482274323086749
1.57228928011516,1.106636760667,0.627054105863711,0.544539376848894
1.2635092142698,0.716103433363034,0.371973087656554,0.32006556736643
0.73714942151407,0.484018974333244,0.330521171718688,0.396206652921144
0.540018607461247,0.222270048227252,-0.042304979603602,-0.188452605836853
0.0578115483831762,0.263044026278071,0.223706065980212,0.231800818277889
1.00773766782698,1.07140762578581,0.659930092231503,0.239170034288355
1.28742789095589,0.962679891752013,0.638841739738355,0.454456557774402
0.979447073073151,0.632580033963168,0.352604883785437,0.162169114312378
0.424775655898345,0.0121628697531515,-0.153882673866247,-0.325046264216851
0.967976975993107,0.771301725475919,0.535398486692043,0.327593251522901
1.21213176981714,0.699017607945351,0.294869940498578,0.0231598055589031
0.876332763124127,0.700244072493771,0.579609842325365,0.68359053955749
1.96108277866435,1.3551748750874,0.957310596973859,0.860834004339405
2.34835388692137,1.85855980750093,1.38507834540468,1.07847019427198
1.11939312718485,0.806091713765302,0.500116906593107,0.321158694082362
0.868786879211228,0.735660187311958,0.526419027138053,0.551592483822025
1.4322731822399,1.26493692797032,0.950373082065642,0.639821315722971
0.438294582109412,0.503584208366096,0.196809433863873,-0.117023017735775
1.44077854508374,1.24589582594385,0.815042494525596,0.406398247831775
0.500307578584826,0.150226416238143,-0.124074483630752,-0.308751054497696
0.216789694762111,0.0122433985245896,-0.129234907194058,-0.12579813951877
0.617921825331454,0.357792372098505,0.168056414041833,0.182968764102097
0.162391021280494,-0.293718677158475,-0.397579087631859,-0.568319447188125
0.64539446774029,0.888404630728065,0.854112346357166,0.86914441497131
1.12163575607335,1.0767489472821,0.736309288589869,0.384252757956353
1.30622785100076,1.16408093491977,0.730287281707887,0.305132614667052
0.637939082435464,0.618675841347749,0.436147012531093,0.568706232386118
0.833591499454244,0.883757717921215,0.566109339505522,0.220272614786632
0.769429281507498,0.404411379817698,0.0544030890279581,0.104277823528387
0.484739738908258,0.201555615353467,0.0224173700364305,0.0406952798968911
1.58316845453703,1.37361315127241,0.950565697559475,0.544755457440563
0.820771465085364,0.322406113677588,-0.024450042673523,-0.230828053160046
0.834153243695855,0.446296160603744,0.188919172224879,0.138413539278269
0.830378622784761,0.452143330839657,0.145765560529495,-0.00347061723476749
1.51593984534729,1.2885453920641,0.76732980650947,0.282604998727361
1.03296505966006,0.724667606093005,0.370837881235983,0.338521959618314
0.807956090889371,0.577588398996438,0.270147000169745,0.379327102812596
1.05397089737031,0.740652787575686,0.480179549431541,0.301837161191279
0.70956456267219,0.409465487129123,0.149193154745965,-0.0219671970488909
0.469974589010001,0.60332802035296,0.576588087210816,0.581286476532656
0.953904642447522,0.768407394243013,0.550892308024141,0.453548096525405
2.5775148923049,2.50278452130128,2.22426010504502,1.90662029643988
1.20667968752917,0.973046983239345,0.738869959823039,0.605628327923313
0.481244581523151,0.360533050222274,0.168797851895407,0.0938733509429907
1.72557602826713,1.37842616203768,1.05637111762348,0.81830632331179
0.465466876054755,0.288537266524939,0.0700418620775466,0.0768967445476584
1.2804139966048,1.08644933600104,0.829187111483341,0.674652489300033
1.00183848116478,0.398801374934029,-0.0194716641675569,-0.262509542814536
-0.18180183732158,0.00455143783036743,-0.0993720293719245,-0.266940024746205
0.796023055423257,0.517950658191269,0.224986353693061,0.241254735066131
0.0124789619775801,0.0102287430511476,-0.127112063289518,-0.176931737517062
0.560421454184001,0.176532381924311,-0.0531605978184406,0.028292489108128
0.947900527604794,0.980210805993245,0.88506006218796,0.997651012765838
0.120377447145822,0.122396630415389,0.124454263934503,0.277468058534251
0.121016983371786,-0.115547791892273,-0.271290245692863,-0.273840540660581
0.790962720406435,0.407978496430314,0.101669364584347,-0.0455669492930563
1.67904849008649,1.52175289991091,1.29892033858253,1.20338477096046
1.17853537924663,1.14027031893355,0.895537593217961,0.811948604803661
0.671505444781498,0.260859002923224,-0.0507951892754407,-0.252937683081613
1.2510879886622,1.23868766078741,0.818413235690209,0.380747398213263
-0.343610809635243,-0.221404200464987,-0.212213107684567,-0.220301171693259
0.803910047509906,0.364910028701599,0.00847483361042436,-0.205602916324638
0.970976522212591,0.796135932806297,0.426641930429676,0.0818889728826614
0.77646617997097,0.631943900255128,0.402629722539964,0.467520922334506
1.24279760318505,0.906027477000373,0.56023350862978,0.372120024397381
0.497459194976448,0.1070402547722,-0.141059510191427,-0.348158533560621
1.58419320906093,1.31782522543098,0.900873739624914,0.518795978701075
1.84761094027288,1.30955340158454,0.857787690785814,0.523240007386145
0.933698571465708,0.639825228831595,0.438578557154616,0.443352255063489
0.718407184647833,0.813277078484033,0.6278441142953,0.392951276699476
1.2811863644286,1.07344239785255,0.850954555662758,0.722526249499788
1.16890561162266,0.771795095699317,0.443788511695137,0.256671279818572
0.394236511133986,0.133416813685736,-0.105187886909745,-0.227230889674965
0.804862348606684,0.337101272664395,0.0963898237167906,-0.14088063454229
1.79307689312063,1.39401656975927,1.05311525201818,0.799948821232369
0.543960610186255,0.200210794636997,-0.11889784528748,-0.274092989866162
1.25578842094167,0.954495333297726,0.638077184723215,0.436043067681551
0.677775725500698,0.553377847908384,0.36902137302559,0.304435590114698
0.340850638084155,-0.184888854714565,-0.532274956210738,-0.743939931913909
-0.101826814950583,-0.268071081242988,-0.454818371051362,-0.593622702473083
0.0982610659426396,0.0352852093570337,-0.095165217563045,-0.121981967400306
1.09023988748857,0.921288948803151,0.848388010551215,0.7353534197952
0.6884069874595,0.00826229873335987,-0.384614675768298,-0.50464086282276
1.08255745324681,1.0297199738205,0.732011978957289,0.421777443189019
1.45904674101984,0.939677052518592,0.521909448847783,0.290195824216844
0.954977281831327,0.295151264941621,0.0162238176312374,-0.238247815728564
0.962221431078384,0.81237363140128,0.545896631043197,0.279973386991601
1.48211508272713,1.34143978482878,0.988912089662373,0.626276651254674
1.47355108508602,0.917372870788537,0.386188592671002,0.403798969860148
1.21488205537764,0.707501783346915,0.312897518501404,0.104159169527674
0.835183292241937,0.445669041336837,0.196596843065462,0.133047741315895
0.858669717626912,0.195489840663506,-0.0908016158435678,-0.349281775721757
1.61166729953835,1.04884898426136,0.602736305866563,0.293216119213155
1.36231568400071,1.24571562698394,1.00631904282199,0.878059315966291
0.271584453358771,0.109730594011994,0.0238046460979606,0.171482665416758
0.147823969608024,0.253046756267395,0.173940816330085,0.154988741104904
1.35804345569175,1.17383845386149,0.985726590776965,0.857543657903839
0.929695153958063,1.03612141541445,0.892018750542212,0.841451680863709
-0.107942604379342,-0.0903722018712025,-0.211382894129553,-0.0878548535703935
0.816656112448214,0.621235128570635,0.501118559386389,0.629759496837015
0.10041304514967,-0.244906617392703,-0.371678761186221,-0.547079989130045
1.14790251670449,0.694971975612944,0.308299770762774,0.114361027174607
0.920660250944373,0.739385274015313,0.494340110076284,0.352252553547273
0.279468221080148,-0.00451071804483127,-0.346345133671426,-0.63498960598248
1.78878144381614,1.45597551962754,1.10606578611834,0.964979154793978
0.928146579036789,0.606011019714356,0.302333377998715,0.159345947371266
0.647830581540275,0.42553971806392,0.153110632104664,0.0201754340671577
0.0323598504746294,0.0520280204971938,0.0142889026633666,-0.00409878875790856
1.08167694663179,1.15193781229399,1.03959068454459,1.20899978127249
0.745434230250181,0.483887094010595,0.134520900815428,0.182870458745358
1.70194754590053,1.12048677333927,0.654563265108293,0.40162607674978
0.638405465627832,0.287109375501587,-0.0511060505015553,-0.223160901983369
1.41091161375795,1.14380680069461,0.849690335388426,0.732250707619313
1.32039093206992,1.30200861474289,1.1443755853337,1.24885784210038
0.104658269726669,-0.405737352265178,-0.777539557723403,-1.02575429930414
0.188808001407372,0.0216184906611074,-0.0218568373196055,-0.121344636596276
0.856908035736967,0.355979828343846,0.0410703965506729,0.0142627858327905
2.1135628919589,1.57563982385643,1.06468232054093,0.774711176911178
0.655193945098995,0.664457330006075,0.512124399867383,0.451606419614033
1.11710682654112,0.822101098716409,0.560181749481816,0.388255712495532
0.742409406245502,0.813506019178059,0.687774109708825,0.518464345049329
1.46888343052237,1.28635151280447,1.03139584833054,0.890312264385604
1.77229444996113,1.4333456857028,1.11897585167636,0.971173057815525
1.09563143996498,0.679905729304754,0.387508378567925,0.290268109303265
0.997633374926697,0.81494088020898,0.555369086622195,0.499150755336054
0.690679670008283,0.511131557168823,0.308038230374881,0.161765785712195
1.10324599728108,0.665386218512412,0.384538255772153,0.356490832488606
1.20862244357676,0.838716899485943,0.360023261166496,-0.0426677890533195
1.41416946056205,1.10723900213669,0.890930229980871,0.874219309336756
0.261838911477982,0.156092095267027,-0.0864026943374424,0.0556404123000317
0.751650898987886,0.766188288306468,0.614547073346636,0.757901539322185
0.823821906470101,1.13363242161356,1.09005026825135,0.944728566211671
0.762015561980514,0.475406219638518,0.380790845790289,0.235523217318937
0.743824645401243,0.462011012672126,0.214977329323223,0.0547504777809173
1.40801130440669,1.078279873555,0.727595134494161,0.739006952201086
1.18502924603776,0.897056613175303,0.624430623293817,0.415470396577551
1.1681568004553,0.820132558941557,0.498665467442623,0.25668441634129
0.509982737592104,-0.0572253879481551,-0.411567532212759,-0.608717197916862
-0.205424875941686,-0.535402021992433,-0.69458634675445,-0.57101953472833
0.818483417726205,0.459827619156159,0.136903504049389,-0.000213981349875103
1.19456582142675,0.881494817155048,0.58356514186281,0.434607652384534
1.63024783966015,1.15078655882062,0.73183714653613,0.650717970728825
0.339709214525972,0.163401514248278,0.045582181737864,0.133213135885314
0.407396486558,0.233808217704019,0.12371401383151,0.262824899028618
1.54780965921818,1.04170675637664,0.6476795180065,0.410173819123594
0.476155162938897,0.638020507598015,0.370311248243524,0.0636928572901751
0.880861013730534,0.555146509128699,0.36527030688242,0.413720311325191
-0.00401551068072414,0.0965981861543355,-0.00277855403565808,-0.0354699684970687
0.966608310410345,0.43002494891927,0.175414112784707,-0.0969776225272066
1.31738867214625,0.87529970447247,0.526594172995498,0.252817263101106
1.00145022685463,0.889414818035298,0.692577402837389,0.719238354928284
1.47746650229936,1.19876041099179,0.932039588947827,0.772717169235816
1.06653802367466,0.733524404173658,0.391822039372142,0.341444662069455
1.32854965024506,0.788092865563021,0.21142518497292,-0.249315831761433
1.17821147765064,1.0569774493016,0.851631853857386,0.893469875728118
1.31403474420149,0.859953944318818,0.5546281629764,0.468512131440142
-0.0380809954580689,-0.129922467463955,-0.257726844973911,-0.348357666780908
0.364623990804512,0.0306104139544975,-0.221223022190936,-0.389606865863611
1.72461989822224,0.907289943125329,0.345415891110136,0.0588121233833326
0.581958808773382,0.160849587260031,-0.0313171284286774,-0.234122533853889
0.704537495274397,0.335430150300706,0.0964952175245958,0.0826831798230854
1.05004216273801,0.939600279570506,0.530405822356349,0.131126479354995
1.39235332605754,1.18128747630678,0.97707385212083,0.847210130145658
0.284445528938807,-0.0670544440189837,-0.278374889343612,-0.261431838491308
1.49903434685143,1.36917286867896,0.958946396807246,0.554331460962897
0.505945117973382,0.20794395744688,0.0290318002678869,0.123569952053753
1.30436783244873,0.954665196027468,0.71261018897483,0.705194435716516
1.30612153713313,0.764682904833748,0.331051534753476,0.108632752913551
0.525115517172513,0.14950820589314,-0.0509022063746242,0.031892959905358
-0.0759108391623548,-0.43723438490508,-0.630638670299963,-0.79897551576766
0.983522901836285,0.73202143576706,0.480519391267445,0.367102459541378
0.601730080508671,0.161521047950151,-0.0768930070917625,-0.308542206261013
0.933917453493672,0.613369934831561,0.398871842366754,0.412352737703206
1.62145147349364,1.33328296012417,1.01298424383383,0.824678837031408
1.75768924626594,1.36882113624471,1.08196018413812,1.06034190917725
2.20032056732515,2.02613070055229,1.73732024030968,1.75295679351118
1.59228697024865,1.04118767340395,0.589111921728482,0.331663827289177
0.707058793337082,0.578969800014393,0.324091084715196,0.205787245924437
1.42130656376554,0.996956941730892,0.374324238192917,-0.123608532644469
1.31031609012646,1.01006611411964,0.650259767217633,0.63460465219717
0.510992868996203,0.696730997491237,0.594025351010345,0.433583004689517
0.432547497127874,0.13845896607389,0.0424763634331035,-0.10870374727781
1.2619632213258,1.01395853133987,0.740322248876843,0.6188135188277
1.29542310831772,1.34613094844293,1.20862576202694,1.37587662698454
0.177070778814107,-0.380924539755493,-0.653862542147987,-0.901761212090086
0.752539699031672,0.356240330948394,-0.0297793184568639,0.09748677694942
0.623475902336122,0.427269194341707,0.213042779308397,0.105563574009188
0.820574395971344,0.725436628593704,0.564342548889159,0.508824256187099
0.802440330860688,0.485119256036228,0.280055633286089,0.292686192013361
0.594961438564155,0.290668571219386,0.215500020282944,0.0628090668058015
1.14752803827517,0.8207966998061,0.534900728434802,0.329014531162414
1.27686369289856,1.5429471677615,1.39144217222702,1.14244866070739
0.189453188804132,0.180614334244336,0.110692493228625,0.0457059018990358
1.1026537517237,0.824363063739128,0.693638269503815,0.547800328567099
1.47304200212751,1.16003957981096,0.878343553738489,0.725822194018655
0.7676435031347,0.67231390477726,0.358498652110699,0.049006726476607
1.40238054927894,0.896609551121051,0.410991528131501,0.0361027255280764
1.15619554555908,0.737083979390983,0.442241463210472,0.36440375171924
0.557489521615151,0.537709903562967,0.452214943771502,0.37572221526179
0.960024254136501,0.53058489464345,0.180658331420436,-0.0529126107824855
1.22688945380142,1.07002911914617,0.826811970833385,0.860938606204575
1.0383424847664,1.00147031622234,0.76952187502306,0.679394979211579
0.87642038033082,0.428661124579243,0.0044090451320381,0.0193068867011411
0.0718351156706686,-0.347296876635659,-0.515580319379952,-0.687652152835237
1.51649672632371,0.922712581381968,0.377675623155909,0.190435974620877
-0.151306107950304,-0.237589227391681,-0.405234438697628,-0.327438950441011
1.05948058019951,0.901146109687047,0.787858154342061,0.839424932625377
0.676345676407291,0.304736974076914,-0.010143702973204,-0.168130945503633
-0.029044486705142,-0.389100390205172,-0.528586115764442,-0.711553651118219
0.0139426477164738,-0.435961419340946,-0.573086311239656,-0.754296215901835
0.129815642390817,0.139819958489865,0.263011649795967,0.250111339959253
1.22251296330938,0.725104687384461,0.348402207749796,0.215690227700321
1.54399139468597,1.00884319156272,0.568549285495775,0.429691887241029
-0.220324518850759,-0.329478476509847,-0.46958504145548,-0.47297489902831
1.78415580866022,1.66943857575055,1.45199866760763,1.31247616449568
0.471986286078137,0.101924474668189,-0.251227417408402,-0.240023052628425
1.80192985475429,1.42466036832398,1.10481129645299,0.877367462418935
0.542020232314482,0.408435792993501,0.233450048523625,0.0995949654282129
1.03847083346478,0.889352481021378,0.665620420798622,0.522725128992311
0.969037668086529,0.913477215012898,0.731309218046951,0.639207230666315
0.91223929898298,0.655008255358407,0.4171705853246,0.229313239666386
0.562880656493464,0.473599290653475,0.294916343874702,0.198628288696228
0.677806406329624,0.49055014899797,0.137254161397846,-0.188302343178146
0.497486529886747,-0.0115827083324412,-0.312219696409843,-0.360656818958503
1.35367078883609,1.04028431187342,0.640457879569262,0.302639393756723
0.160948637738705,0.00363993976376942,-0.223213723038234,-0.319539292093593
0.548890524073521,0.562855564024082,0.408514492307541,0.234538363769174
1.16351079260593,0.948172755693842,0.713560441950143,0.601669293163889
0.818999241040661,0.796715968619317,0.583801857589498,0.761468215157958
1.08426938374841,0.460987442645807,0.0399172962472977,-0.201442768035406
0.00226405217780645,-0.241715123403062,-0.295004184998318,-0.406227972824963
1.41557039528587,1.04222158455738,0.461039768001736,-0.0391307769323705
1.15880392327649,0.685990224204142,0.290087033434299,0.132555063624706
0.739973123512548,0.592055736263128,0.496222760605692,0.617989927537232
1.02627108554061,0.660070475303157,0.270302822272723,0.240527136073743
0.974980782562141,0.795144029469544,0.768488876934873,0.659379649064491
0.570096717283035,0.353379731335836,0.0814730296788564,-0.0522966635640656
1.28450117690864,0.811933873808695,0.420693183923878,0.144184987477186
1.84893063954159,1.84904898870431,1.53947767188523,1.18305860391521
0.931022637353341,0.520404529712296,0.179454355709354,-0.0717574780940355
0.517807304195365,0.462623787254079,0.178799176075869,-0.103306292437891
0.403041933159152,0.515027604619665,0.372609223717794,0.180422522830338
-0.105951145967967,-0.0781791609450521,-0.25491083329091,-0.0507890217810035
0.788467333025116,0.753534328859397,0.727814032430568,0.879930899655671
0.398816193439671,0.535854300959168,0.462115614147688,0.445542363617897
0.99712228646057,0.565107622503814,0.103919887458698,-0.255805203555183
1.52059310252235,1.36512702095432,1.1070665062838,0.958380836911348
1.13523701050729,1.30694798500604,1.13405749081675,0.890187466397182
1.5383679509688,1.30399171248468,1.00633565958596,0.992112296071993
0.295315607322924,0.211520715556155,-0.160599048415465,-0.526481385178082
0.412735406070183,0.314556848659687,0.259103319147398,0.427477952512433
0.972339934695923,0.664902950244549,0.418764652687554,0.244220546664389
0.881049982262178,0.8274502038256,0.655824107031744,0.741941250167862
0.570694007802062,0.146955867432148,-0.167207501557521,-0.338238705716573
1.09291869735918,0.539659965695259,0.25279754702299,-0.00490249973076654
0.868210585374763,0.662651162361692,0.325392624203171,0.0242635423636454
-0.18461742942961,-0.499741824670801,-0.483144622440665,-0.616170578397426
1.09716020332902,0.99394139851892,0.961499287094297,0.89168304012241
1.58235832316162,1.00449738873927,0.568537297598091,0.287129102583619
0.277901556216578,0.152353358351678,-0.13489369130179,-0.403936314923825
1.54197013695502,1.09319405622672,0.713752496326228,0.511595763509447
0.611159308374903,0.561353293553637,0.42160416344383,0.312140437704576
0.842291558791648,0.669983420417698,0.41755919352492,0.428718084169063
0.31326026107804,0.125931825122472,-0.148602029776472,-0.0227583476592137
1.69593767917353,1.29596217559037,0.956673296862334,0.692485209542598
0.202236493198365,0.0254451525607358,-0.172062150308219,-0.203090344484466
1.26195820517168,1.1051971751867,0.836854818107351,0.716448148371822
0.505738466156189,0.259799719777858,0.0352949864159008,-0.114392565979631
1.66221503712347,1.31180650300156,0.92870056657835,0.713315389033313
0.473533825745598,0.362459793714547,0.292491083310039,0.474490406206756
0.672989361324656,0.0866792179483833,-0.157803099840239,-0.38753015971034
1.04893926355852,0.625948882422749,0.108273045809373,-0.329382536394515
0.290818746577608,0.0231986957655376,-0.252087483174993,-0.415194013455581
1.41051913500291,1.21394134375854,0.995235480219966,0.869087612410829
1.41352525304408,0.820157744170544,0.388323991472847,0.0915375699142881
0.10999592256977,-0.0404858592044061,-0.144670844957526,-0.0985632865010979
0.479334895159352,0.198317292562509,-0.122096690347147,-0.140164720733663
1.19550171348602,0.817972614647513,0.506026813769745,0.279089989758415
0.745025797322341,0.544835631769739,0.27605376399028,0.120878975979221
1.35497847707507,0.915324145067708,0.49555572685669,0.239149612030321
0.814012249353677,0.546199828980734,0.335163566350138,0.206319454339612
0.863713377486735,0.535207534122634,0.267990286197186,0.066042117872358
-0.80963952127041,-0.882823912356256,-0.881691525313958,-0.928401267768959
0.254243212772703,-0.0490481680053411,-0.182380867907774,-0.348093706865843
1.13385662810608,1.05084580808806,0.889683855100371,0.83144122498195
1.30046289513627,1.14077300987954,0.966029641705119,0.830772103156709
0.251908393001483,0.112825907359234,0.0154235111683823,0.058361510263847
1.26424804704009,0.953640185959147,0.485475441077625,0.104054242217116
1.45063019262765,1.02614443742913,0.661136434592375,0.398720466246938
1.76323859532134,1.56126082407463,1.3061087878269,1.1297229108334
1.97676883299302,1.6111617048508,1.14734116090807,1.20970628975495
2.4260152985636,2.12789067379258,1.71275304684569,1.75469466508732
0.320701310310545,0.0722913302668206,0.0515285296168523,-0.0754428660193121
0.303614140674658,0.263215303714474,0.128567951656796,0.194894158117407
1.02154803818366,0.916036163433856,0.54647943962051,0.187267693545608
1.34065532085479,1.1591711506771,0.781288166916538,0.4306164054444
0.460623922685961,0.567545305521983,0.47418507690691,0.44649483578254
2.58037374866203,1.98939661748116,1.49330048327885,1.20232408199886
1.77059788902055,1.30461449780605,0.81745388106375,0.77760088656942
0.931204848073047,0.258100923116274,-0.162878299360232,-0.401077738611167
0.719385233185039,0.260215773323987,-0.147232980228351,-0.125817414824069
0.211706112081498,-0.193876347127929,-0.278385447485249,-0.442356796966583
0.905193216028421,0.515164606560071,0.134671237792682,-0.0767263353098473
0.962596285127266,0.473772626238525,0.127631551277983,-0.0734891861607468
0.850794752756972,0.556325549309835,0.236690801097447,0.138434639626673
0.840111860165279,0.654492489166057,0.392327141144169,0.423204160779184
-0.572221361332049,-0.30438599545453,-0.197555822820399,-0.140932250645007
0.561552489123753,0.449189063904273,0.330603169862686,0.230876152214539
0.316482918107397,0.0173549481491978,-0.0994099690705801,-0.235078617323733
1.27982674006984,1.35970385881596,0.995597166596706,0.581770266326503
0.123405824085681,-0.0675509446741712,-0.254781695767885,-0.345249239592466
1.41804408815731,1.09264973394398,0.478990999580362,0.000762020859808532
1.11644057761793,0.823607876472303,0.63709712874973,0.739890316681977
0.738595396457757,0.544966237809115,0.379589786501413,0.258201679068685
1.38203051844815,1.06471533426411,0.800535922296558,0.591365557760849
0.290872223017732,0.0853728622926962,-0.043833850492504,0.106805153286852
0.891447543445325,0.834083937735135,0.744739127169454,0.743521021361734
1.32512933171478,0.958657842431965,0.689267539770534,0.473040448091568
1.42184913351177,0.83007893514868,0.442566730383076,0.369175466908162
0.869400166089553,0.493600327763584,0.292868320376661,0.396864593025336
0.82093838476534,0.601647035716841,0.145690231488892,-0.237470347971174
0.334801277237319,-0.00441922682285634,-0.270891012710227,-0.45010822197237
0.669442922398116,0.168368127628922,-0.0176250530681406,-0.221601614452008
0.693568654680094,0.556342373583327,0.280809737936543,0.00955129066367194
0.285940528861229,0.234505026549243,0.0378180393157703,0.166248582167358
0.77484616641114,0.830966174288377,0.584642516767635,0.878004385010259
1.56110929998571,1.22252795831173,0.935446922561219,0.725690993199404
1.56692969823511,0.907317609407028,0.432249447815358,0.232266833086536
1.03323774251628,0.670084559001873,0.391795334476362,0.216317627604509
1.24881135627113,0.747246404358004,0.329900441859282,0.0232740753539166
0.149504073974984,0.0910866007844361,-0.0476575578742687,-0.150649305358729
0.724296507550047,0.521385022996195,0.316500074262277,0.198213683263351
-0.024977387621882,0.158350772106949,0.134978610913622,0.345970849948964
-0.286037115690581,-0.110112275284576,-0.244371970052381,-0.433571663811328
1.20976111974573,0.97994522878441,0.56478670124058,0.182577044019033
0.762873169150171,0.408511712349381,0.0750394327759822,-0.0206557068259285
0.658525510645293,0.494765819950872,0.382010424831063,0.464482660552822
1.24398309943304,0.869658969151443,0.544339695059434,0.309124459853621
1.01614943186855,0.942780812327148,0.745819617509127,0.649283858423625
0.251724136377594,0.0707395100150605,-0.0309517851547771,0.107744373692703
1.30557547204234,1.21584652181016,1.02621605867374,0.913182411387657
1.36723733660766,0.818616426968028,0.468819138020755,0.322422986314923
0.588569767786933,0.626631142124449,0.448373044826245,0.648524442289618
1.18160945508778,1.09834697800408,0.78859883433475,0.460181970686697
0.735062980977463,0.448244527451552,0.202621572290689,0.0409920707974237
1.17977582805783,0.633833459276433,0.242761463929848,0.0893078198076163
0.74744843458295,0.597125617830605,0.433767992164622,0.309291539321046
0.822785469700273,0.585126713568014,0.513861876004311,0.383401068207914
1.39309752528575,0.878148562302742,0.447119369784604,0.177887051057261
1.29045666643131,0.933422021795368,0.602401372450872,0.432100802923955
1.57248545651323,1.10003478785812,0.705306611665036,0.483664775315253
0.98471960923421,0.689651348685468,0.494191498931779,0.543801986293588
0.900681465900598,0.912745633451334,0.658789395760844,0.375367213431254
1.18984351839779,0.953469549485799,0.614008694554621,0.459558961496872
0.442146911146209,0.361863513116897,0.239475388111468,0.180636923758815
0.665562844548502,0.439700012093709,0.206290291443127,0.0995285625270915
0.964617317836211,1.18201898230423,1.01846777558248,0.770552788260349
1.00332933519984,0.846099768453536,0.404716757175545,0.0060545686987436
-0.129985463392478,-0.283999276874271,-0.330368075256901,-0.415955345850486
1.14108393822711,0.910457363594584,0.582328445753172,0.423234199607252
-0.152654297768185,-0.47064177614417,-0.723329398248086,-0.880164928738599
0.161651197463492,-0.0421263316030752,-0.0237837579357746,-0.133299592403581
1.33534000202837,1.09835200374645,0.800316232748397,0.629899207807007
0.717185133875628,0.621205647845737,0.247034840154669,-0.0936557661721534
-0.356832981716494,-0.447729050802986,-0.401276489017599,-0.463325034268884
0.102381718217324,-0.254984093921684,-0.39340348206219,-0.555235840926093
0.861181463611433,0.46140761936559,0.11921161788554,-0.0258050231079711
0.589839421052335,0.43950193909423,0.334922374066852,0.429301229999993
0.852420780238695,0.821602302178686,0.539111946422176,0.234848437603927
0.65666214978516,0.129405139813245,-0.0974520637706416,-0.326580160315148
0.507401871882544,0.314778642157781,0.0990970502447784,-0.0072997413965924
-0.425754530842955,-0.503706112318251,-0.422466129418985,-0.484539700081984
0.0738002749837128,0.049667434703157,0.034193394602168,0.124502846934454
1.44111584139968,1.13917601565443,0.818527961418752,0.77061972529538
0.446050094510065,0.129917405846659,0.0353850385704339,-0.115526862005777
1.42533174256421,1.34279135478332,0.904783188905278,0.474953504194787
0.687714403730584,0.640355399620596,0.534930144312316,0.447207959545635
1.11662534955461,0.506260306533417,0.0708855052729207,-0.196970086160607
-0.404200143130011,-0.500351926477677,-0.616030830992587,-0.701462301472257
0.459274684284418,0.138238679907059,-0.217045280143176,-0.160348461234908
0.271477477345233,0.277573636376256,0.181016081255463,0.265709165823552
0.846892759946639,0.751442154558515,0.789563247558057,0.722545868992806
0.902743520206575,0.119891811400658,-0.187283429177561,-0.470396640938013
0.768468895277958,0.510462436440415,0.215200834404408,0.0764461511742494
1.02811147949463,0.683837642677394,0.351195832972287,0.298139209953535
-0.00971114192405376,-0.170944498927965,-0.33145200171768,-0.453336560839506
0.186887255182169,0.414559021607588,0.43576309968818,0.478539854441689
-0.706408635667928,-0.928598657597659,-0.959240025115528,-1.07987837411346
-0.10741879484149,-0.17966555382294,-0.0743407971868686,-0.139526077419509
0.6801560565512,0.391781409446318,0.0806311114678181,0.0328270003051008
1.91450368617293,1.58861367121571,1.34176647340943,1.30889152670568
0.792087210527548,0.287682820447781,0.0540881036664294,-0.188880227668868
0.48769072838531,0.206077998955311,-0.032728098437007,-0.196031140791988
0.105876878862258,0.0790451880408023,-0.178537767846525,-0.439213672166079
1.04135198548213,0.722806694655006,0.325883836974313,-0.0115329729773513
0.529001615027829,0.442817004057114,0.154537968017965,0.356999692519085
1.13287325632798,0.530305398650566,0.222277584707428,-0.0540894480075415
0.609304578981106,0.284809752657097,0.0739189940358626,0.102274486439046
0.999100144968648,0.620043373015543,0.2813428753943,0.0318733441150815
1.30822512029796,1.02697389948794,0.632661919840199,0.716496573813092
1.53957153718314,1.36779531851333,1.14108328943017,1.0408226544132
1.10196045167599,0.594928808593812,0.250392111137312,0.0490901062981285
0.848185274682683,0.348259267040451,0.16102290321265,-0.0858338694843639
-0.258719224696823,-0.0906551627584801,-0.122616879555433,-0.209512106485694
0.977111658831709,0.47691737815298,0.0818384582054602,-0.177078068638238
0.331376509654211,0.647007359114962,0.738864826451201,0.83076896191552
0.61719379351123,0.669205359148813,0.559578876244237,0.513450672274536
0.584584167984422,0.330365482882026,-0.0659452507324586,-0.398989975580347
1.19439537253868,1.20844243663983,1.13609883412465,1.12097088377584
1.08185551453481,0.719806820833996,0.476212855017694,0.427721755251331
1.47358756327765,1.35853772674472,1.16848115964583,1.09280167149687
0.0103891551707847,-0.179453855819225,-0.285894589955848,-0.399922124399801
0.506420231036097,0.771617443012063,0.790584371960829,0.83462946330657
0.197744159208329,0.0275800279669754,0.0322434097739587,-0.0711414606806952
1.08914580873766,0.515770699036714,0.318590343437157,0.0684172129594555
-0.985364190059933,-0.912544949584001,-0.72377925326857,-0.730668303094518
1.51979742608513,1.51280335232131,1.39358939169651,1.36139837119001
0.226963971927929,0.226168613722591,0.226203401035167,0.360238207124143
0.894321264385063,0.598269901386238,0.328243940486647,0.120203096347005
1.02890380391678,0.810802009326166,0.685264589113666,0.547880018900582
0.826422942070951,0.827360741530245,0.642336840903034,0.427852891111051
0.552315810714933,0.629437522524522,0.495681595149314,0.444044672843893
0.873270060174149,0.781009443736387,0.427353630755644,0.0713001550684611
1.66836909858864,1.43849574544438,1.0762280018232,0.722868880933793
0.0314032208609749,-0.0618935727406682,-0.211956532519458,-0.313699536497111
0.943834532639475,0.372268462089516,-0.0777459065042813,-0.34076171388073
1.62057433886226,1.17733039721036,0.800717287141705,0.592990549625192
1.57582458737064,0.976840131980815,0.544063924600287,0.272453164393752
0.911580592526372,0.440886523468117,0.034169481443902,0.0268576996170179
0.586756826671539,0.647677600202106,0.424329079934519,0.164879342613108
0.682450574449969,0.387012966269096,0.31758397688308,0.15386172937982
1.49306767197948,1.01608189574505,0.623532442145136,0.348381767311695
1.41441016514392,1.24862786359289,1.05848536812841,0.959532500165308
0.174288202078033,-0.0653765790320127,-0.276357181197659,-0.408079646199347
1.90307517697122,2.06380459531279,2.08597167998289,2.12534598019789
0.333505500263339,0.299875790726652,0.193303334879661,0.10410669266844
1.01726919571707,0.832984527531807,0.560499349885779,0.588730713699586
0.303819268821515,0.30564481617451,0.307602216759925,0.499364232547472
0.584979971567589,0.107125775837915,-0.0759271474789034,-0.298782788681597
1.50356006338029,0.96432507323253,0.55362012148615,0.370950509545181
1.56117479057041,1.31579034417981,0.819477904818849,0.356782686649708
0.877545861187603,0.444920422365837,0.0563624143434482,-0.11826003310222
0.619670962237864,0.276239593530569,-0.00326869043986244,-0.190267205286598
1.2431982198755,1.23311375278675,1.01952182221979,0.772674862770159
0.272168497804848,0.213078520507912,0.324429959389892,0.267531008321738
0.829441044316164,0.623420365525894,0.435337197867487,0.286575958599623
0.505239428346393,0.232850877447198,0.152026301209246,0.00765107000476048
0.523455169628358,0.476334280821824,0.385782875385839,0.353220748421177
-0.144395976479726,-0.111826486367335,-0.18336833985145,-0.181457479070165
1.03201305277952,0.860389699785955,0.65962750113697,0.530292708379095
1.66253174991085,1.4264080937942,1.17643571690664,0.995140151944667
0.70399930256913,0.860174483420168,0.702478117403466,0.484763188956568
0.550182172066033,0.36757048203991,0.178625937727513,0.0859087705823671
0.641116319978767,0.480684592503323,0.0779362722051529,-0.268338870034175
1.16179168750632,0.647041280750529,0.204272621843823,0.0522118745200971
0.61568851107147,0.307213458612505,0.0405026925651571,-0.0493830464574092
1.07245971968731,0.74042647374016,0.539907666683604,0.3402136705723
0.914011486402635,0.838691767756869,0.560844064812839,0.274536379466669
1.48807215971404,0.963576098740233,0.495376271073222,0.431417379854027
1.46640860009375,0.934852726725755,0.424791284712311,0.380172063392988
0.794109372077924,0.584505777470161,0.436188989934884,0.457097047023932
0.121493376663448,-0.240657947862062,-0.340807131023431,-0.513297077524802
1.56567591492327,1.57026941224201,1.3346807276879,1.06028965522963
1.50410955959484,1.43310563731795,1.11470400089516,1.3157113250223
0.895241357022254,0.836840584377465,0.597022086771256,0.328084171995151
-0.0645909718695868,-0.295761961870988,-0.436729654720688,-0.330749599020706
1.57556943928164,1.29715349619059,1.00827044064132,0.865123559657955
1.20637551534686,1.05398865828206,0.742041506216309,0.928558635164844
0.312715381570298,0.119637263734519,-0.128558619479988,-0.238651439769745
0.733141819959932,0.582773938227973,0.421935054335857,0.294808367314909
1.76999554876915,1.40457105941664,0.955937913426463,1.02501027261226
0.0421645580810855,-0.248740723657077,-0.41724071398355,-0.384432801508601
1.27682481374783,1.04511676892214,0.80239100285316,0.697167560051521
0.722084674334652,0.4515753384908,0.319315376751443,0.146863520562901
1.33274878012685,1.08134204268914,0.82694449178345,0.639248193311298
1.14008058188288,0.91185662430522,0.613788725634065,0.468496800779383
0.194931037402471,-0.0528750808380179,-0.198048460767596,-0.159804289392797
0.883631466488016,0.284742988498151,0.0402927884209522,-0.230109886043969
0.818851187139639,0.966164905154132,0.880885633589747,0.859755170530182
1.66192187021796,1.50406978793295,1.09700617384049,1.37032885127421
1.43078507933018,1.37828461974069,1.08467547511124,0.769503889737829
0.686444419290707,0.716221591251667,0.622830166856305,0.577144580477108
0.532885520325673,0.665736437434617,0.591968432389126,0.788215911507998
0.803754867810832,0.902984483673419,0.841041109406486,0.821237666560536
0.599085014856025,0.740496976760135,0.692256663058114,0.687555305210525
0.516321814976174,0.36207623502023,0.262611624397152,0.326113081791119
1.10919077148249,0.567069951598204,0.173557096549174,0.0116786249193765
0.428938413883858,0.219386846270875,0.0866098182654802,0.187707215321558
1.05199341104848,0.854256060782054,0.584783658490102,0.430099873901085
-0.221776776063246,-0.356741654396838,-0.516477693053743,-0.558831432664875
1.22708406593366,0.944345721040368,0.539046710997446,0.744722072630166
0.200186521872961,0.315959835157497,0.0882862147885136,-0.179929480222409
0.958714267082473,0.788125558892812,0.421106033073174,0.0787649017163647
0.170987750633196,-0.10609744068075,-0.285730183855016,-0.4403240144893
-0.163719460363645,-0.327743642818744,-0.357755570873814,-0.447206355592651
1.12370881824781,0.762861957541666,0.36219785625499,0.0440539614224334
0.422271602242118,0.249771988550755,-0.0518388043313157,0.0922070651415081
-0.329775578667922,-0.619539521360707,-0.637274702800229,-0.77287422939096
1.27366857426894,1.06366090756082,0.924282601693096,1.09551586124357
0.820025857867845,0.573547063669795,0.292215067911683,0.138861244064381
0.41305346309005,0.150982443868187,-0.0254885699526522,-0.0284054970739981
1.05898971865401,0.908295307344249,0.701640597987239,0.58099838851987
0.174291680880804,-0.177542977021735,-0.339351613942238,-0.516665545421096
0.826078521378401,0.674648140487711,0.580554324033154,0.783095222585303
1.58725634393856,1.17703008872503,0.796375424924638,0.492363956107954
1.66087695198585,1.75187632088457,1.56662327596296,1.49837899407551
0.788570518550017,0.493152593760828,0.313973470702669,0.347270246036397
0.043379644990122,-0.267749681540112,-0.372614916783819,-0.501991058932253
0.896575092017434,0.623646705884487,0.392654774074365,0.197157775834776
0.469667509351143,0.332018012135721,0.192159282958441,0.0875376045639712
0.573565723090071,0.347547479583396,0.143719830643238,0.0405895871881948
0.710589121115356,0.454234050222347,0.175161187252063,-0.00164271563390816
1.21128920549676,0.696201880695461,0.430604469444122,0.178390497664086
1.41671126936539,1.51991049996821,1.45769445500582,1.43760137101651
0.710761841658197,0.53528612362611,0.326210104092655,0.174210262645878
0.194198551066793,-0.120429986865253,-0.27831631632851,-0.13377223359987
0.853568527591371,0.515047106627893,0.207327812712934,0.11088371336482
1.54703690372411,0.957923827724665,0.463883266431782,0.406416352521576
1.283808809763,1.21379362076143,0.985112634648087,0.879818856257793
0.393087802108594,0.574848930995438,0.53496800617277,0.539845416158461
0.814880257500766,0.802130161351442,0.591835109588411,0.346368233776941
0.734295168334281,0.294202641370556,0.185228320395309,-0.0191713221473571
0.264056274135667,0.328858126105757,0.266591865056649,0.277468707193101
0.522741509068917,0.144759134008673,-0.0868502846516748,-0.0487813258873785
1.57710594747423,1.50755069897974,1.25131019590597,1.40692656029952
0.0284206455328329,0.242079063805465,0.223670699470768,0.452919666148884
0.687319996498279,0.507547415533649,0.275709146222329,0.196329206164728
0.728366620573699,0.701404427593812,0.41324632007246,0.130041636554526
0.746246658809594,0.649139959428695,0.417205613068465,0.517863778718323
0.390477401361924,0.0794050503540124,-0.0217573251264857,-0.181107229381247
0.891430833394344,0.56741232693619,0.304826974240855,0.171802190723789
0.687679097209014,0.111303084080087,-0.298714252666107,-0.505792104827753
1.96414808308832,1.52279148982391,1.09423992113755,0.97944793897193
1.67936174498323,1.06559828236525,0.58814201061754,0.271488092953147
1.20725351482994,1.07538316224217,0.85638252124403,0.886156011641259
0.749083532111267,0.527175047011942,0.305511339192557,0.15320676814274
0.862920462771168,0.798138865499911,0.653790371970895,0.690956194505611
1.19045630059684,0.990908764983394,0.736472366581781,0.598617242776833
0.0101517301547891,0.184642649328355,0.118839483345138,0.112644370344277
1.08946890635527,1.11914862586447,0.903918604919309,0.824823531889846
0.925665376930246,0.963569842908231,0.827150263677381,0.979397487753855
-0.273753587123689,-0.228669252459064,-0.311783592907091,-0.347936922718065
0.277486080011541,0.383410319946949,0.37936521934009,0.361501764154151
0.277724332738798,-0.123059133265698,-0.289367567677747,-0.497201094538836
1.40241938794466,1.23604689688547,1.11628940119692,1.21799317456517
1.15522737000233,0.756423057276564,0.618539540110405,0.412400215662254
1.16741553079727,1.07596632827938,0.677451329014894,0.280181744709853
0.870323366560167,0.643563140457556,0.406019017040355,0.239695390596121
1.18103953738684,0.956722837686879,0.700988807715097,0.582769763547075
0.860509726549925,0.494089162933036,0.249128335154387,0.21108454000633
0.196693648509193,-0.00968185878521219,-0.192676017757574,-0.333392884938928
1.31816169182159,0.935892656951148,0.669680646064348,0.620110198981077
0.844752392321353,0.704989486441943,0.508511191407927,0.39981308004635
0.996297605331565,0.207745848724566,-0.238248394578417,-0.547860855359597
1.09679407031749,0.349242239986352,-0.113089801304899,-0.361888798782681
1.01859593762564,0.731373388962399,0.596591211616286,0.438900391159737
1.23888828029751,0.963808562001289,0.798343703649677,0.914128883012241
0.65748040190979,0.687305055969805,0.490508863567007,0.415626266801375
0.584790938344761,0.469758434778746,0.337656439649975,0.240118848669573
0.883424181342295,0.174077749967264,-0.247439596665297,-0.32881980007422
0.554858618232831,0.486233321083843,0.320460574512286,0.248247041308847
0.543350171201024,0.455411586834477,0.299173604852964,0.205807688868267
0.71461680006365,0.725549608921792,0.734429138467529,0.84877523338134
1.74413660787621,1.99595463946777,1.91279212174791,1.72675394107361
0.683144952030147,0.552196354519527,0.344097774565927,0.234874195965765
0.800641568239093,0.635360283119338,0.445819789622658,0.302683218825207
0.801769874851976,0.658166655060464,0.42086722573464,0.294576461176814
0.338438481795296,0.268410065721849,0.106988130665291,0.0832643848173172
0.656656656010567,0.618114974137387,0.338816989990792,0.0394619446242849
0.978518084085433,0.788247648436925,0.590290059135125,0.475024319827812
1.27253556635886,1.14792323141262,0.963286660499942,0.894424013365856
0.398472390319631,0.636197981450392,0.422803957172056,0.136438505033728
0.486621839600875,0.472153235290904,0.462725292864058,0.598719790058442
2.1500410376727,2.16396826666056,2.01008630813432,1.81166890989043
0.179729987444275,0.135677890749359,0.0479189421550278,-0.0193619532697603
1.94215205272415,1.43681059055907,1.01427214712042,0.70692367027571
1.07424080879017,0.753182412740005,0.447993145615846,0.323611398646035
1.7668208143683,1.10717404468585,0.607762569813789,0.337196457861158
0.0344592382960456,0.083455579584846,0.11887541029011,0.292968056348131
0.787205565694902,0.527881056248307,0.0829984224948045,-0.301528353697964
0.699581709057203,0.717155953619263,0.594895028413059,0.540038172034167
0.67465844697804,0.468269149141286,0.286076921874094,0.146235158474498
0.323634372389963,0.198271378665445,0.111761612341135,0.225379927225792
1.79536183650026,1.45668178637674,0.957207696682801,0.504124283293077
0.498418151832121,0.552251065407396,0.414295713973976,0.360541118226161
0.519701074423961,0.249156173259376,0.0282801749709524,-0.0634575662491728
0.997474694187255,0.682182718781298,0.203953986310565,-0.209786529615236
0.784554738273302,0.807898412591157,0.432592528608544,0.0508861010132066
1.18918728473057,1.01000063810721,0.741124060491293,0.612579405776145
0.822875995903755,0.602462637569096,0.483969669265035,0.344881988781093
0.658489370295531,0.276474760600574,-0.0314091718320264,-0.243745208212153
1.36958227474358,0.907656416500003,0.779083891213108,0.551298612264532
0.463874509051585,0.494542124852535,0.403674255490587,0.511795261896521
0.291478408633398,0.179325530779823,0.109207914582351,0.246488258439418
0.738234827883352,0.559105245979747,0.441303231458889,0.523881368539062
0.497719154991683,0.225722871099495,-0.0255684203264661,-0.199515805280616
1.12290787948371,1.09632020795943,0.847252521018536,0.5822138088591
0.406397346576379,0.197011758268592,0.131696580371384,0.010265402647863
0.443502212669861,-0.11675408440805,-0.508228573598529,-0.719096749498858
1.28212807886041,1.00032573109937,0.650347312865618,0.656710351212972
0.546452325684416,0.183682697174898,-0.104739792273754,-0.2963351144926
0.537373484113228,0.296560308667731,0.059021597712704,-0.0659172147651302
0.451824999877279,0.366361680361545,0.010264038057801,-0.319247721916462
0.698031595212504,0.253166918299463,-0.0784123150362937,-0.292111289919574
0.595924634084571,0.662099774785467,0.57671950345265,0.540121777556187
1.85246480023078,1.64274068797259,1.47375431776854,1.40207255185021
0.891866439292146,0.632475992533871,0.391136344799892,0.226507572994228
0.134045264569433,0.0224650486193491,0.0842660789788274,0.00755660072791514
0.40489019001842,0.509330317732111,0.509253950713573,0.494703440345208
0.975834752358818,0.960950245848812,0.661167874172999,0.345798141917629
-0.0284731556233196,-0.255662682327457,-0.376854225926978,-0.288207336118104
1.1305023926088,0.90133092081408,0.611077135220971,0.459564236065639
1.13773779339818,0.757685705358372,0.222461154484379,-0.209179780681881
0.167117579827937,0.0938251737241242,-0.0352106375523426,-0.132803385228754
0.34589417123913,0.137329193886411,0.0900276993827229,-0.0214508175423084
0.178766558563295,0.290644272070591,0.253615847300308,0.251193901935609
0.358072627386096,-0.0846815836640363,-0.313020546459184,-0.509629451422647
0.366854385138893,0.0599567655261452,-0.155720840489231,-0.183278905673225
1.08389938114886,0.844014093304882,0.58996716994831,0.421608223296742
0.325321844082282,0.155208328117347,-0.0685881645562385,-0.188997474862942
0.921122092322555,0.593317174701162,0.420561983497881,0.229219320371733
0.532943031925965,0.444737496487856,0.21624415280985,0.115210216314833
0.373239702678958,0.138769848077321,-0.00163673751108218,0.0999846301053401
1.32282899120134,0.78022615878318,0.359459810879685,0.0701793701295463
1.70621992679107,1.41035195926741,1.11950525024142,0.952071672001918
0.835091124659114,0.606273733958566,0.388887434127921,0.319200373920305
-0.141112668756691,-0.490690736767817,-0.690767672695137,-0.675994847164209
1.16304756978161,1.04910649323606,0.774754527814594,0.51234493282155
0.904850312185839,0.271914583910516,-0.0566345163929256,-0.328486162241028
0.0574778745737277,-0.0947047909581019,-0.466884731633369,-0.793396886879086
-0.100569220306726,-0.339630533518687,-0.428926033488231,-0.555198224608859
1.01958676889685,0.867293243211057,0.76598821730583,0.887014477442727
1.47949647914678,1.44044396215235,1.18079837664432,0.891949104903421
0.549409171887819,0.243558088897138,-0.0228323859354778,-0.160329696652964
-0.162769946460239,-0.186298731871345,-0.288388248683109,-0.368301684176978
-0.194122129454652,-0.32445364310866,-0.289326796118384,-0.373245735301248
1.34376316723961,1.0656233907433,0.719805509517436,0.757996124846632
0.499664623516449,0.492321972590266,0.294131117828927,0.0703126282610686
0.241128799025409,0.190253725721264,0.0106522231605555,0.124742752799177
1.82616933394391,1.18470125772684,0.729954203096599,0.4646519510135
0.875110643190559,0.494167983571949,0.192607561068452,-0.0117686863391907
0.379041426666989,0.475990689692093,0.544613624471471,0.793241964930179
0.560231898103198,0.429377687204203,0.194573726809092,-0.0367309159570885
0.934521976995632,0.873079185815186,0.512916094229274,0.148226155879156
1.08877666155189,1.02667888782542,0.980825030574438,1.06899821541873
1.56624373559391,1.22094562633426,0.867897671892295,0.642184896150895
1.78418702928807,1.43741148288849,1.01687983919404,1.05463246747022
0.209125406718505,-0.021354758213123,-0.172482527184837,-0.0954161619261273
1.82225532756024,1.60656216228646,1.22887135458502,0.858119521586601
1.55177243737383,1.12322012657824,0.668899508711847,0.451800883178386
1.0920343011033,0.731106970723455,0.422443503607002,0.200386000758777
0.0318216338810701,-0.236502664366746,-0.24227201043246,-0.36394699948486
1.30671997423897,1.21661363465641,0.823684999669402,0.444690699448913
1.21275255991972,1.00705158752429,0.787736164429681,0.664881111783595
0.305005032649407,0.293869926004944,0.156110768034126,0.0993019003027928
0.00494357290367675,0.0975661491723211,0.0892500352064481,0.208563104829877
0.835388686129817,0.412862924667639,0.233608612435104,0.0227702184008677
1.41205805025628,1.29704295407479,0.81403768863925,0.351636628783768
0.469958069752623,0.180976685345592,-0.0771063772667959,-0.195666828089024
1.06255378207184,1.02954046310791,0.82294614046456,0.96709229196335
1.4720016829772,1.36031748824705,0.885867241428941,0.444697015093456
0.433253888876548,0.320000498987411,0.260498067736677,0.577754929209056
0.962143397848227,0.702962732088861,0.431096445454722,0.31265991823979
0.547120867986137,0.545861547377481,0.243298399007401,-0.0754248209602776
1.32030619281138,0.953654088757304,0.620579109416296,0.441848893050181
1.16959830383422,0.779214556422252,0.501283060166614,0.416956238102079
0.72995157250909,0.891354628649391,0.793116108049888,0.62263146137807
1.52528543872228,1.4326061599347,1.18133884013582,1.06418486206995
0.037440811004248,-0.176604553862576,-0.22204449716716,-0.330184437788844
1.03137039898726,0.717740297299466,0.464334563668635,0.281312009280564
1.34125669327258,1.12573032101832,0.883693436525527,0.722595856073745
0.908207350908672,0.484342949593622,0.255480815962036,0.0206783600263261
1.65058112821364,1.45497780080826,1.23254256958017,1.05205782440499
0.550853658576026,0.211482822882162,0.0389964694505146,-0.140345490268947
0.507590646717451,0.335692517904454,0.161589699013526,0.0455977253961236
-0.187681214647002,-0.222146833776904,-0.291611146155891,-0.350510615439712
0.827970883684962,0.568458991017898,0.314022972613422,0.113923012794277
1.30893895024985,1.20120008669443,1.02650670432508,0.909863992212558
1.4199584302683,0.880296075998132,0.458038334603155,0.208748615237888
0.137285967919309,0.164061001856289,0.181759295990766,0.407001952769742
1.68026964175238,1.36190984810705,1.03979992721262,0.879032957900294
0.976385344781268,0.810142336050717,0.624254083168728,0.53407347151555
1.04053380816461,0.805572839604284,0.648283828794804,0.716523011142219
0.0603859321885127,0.114949549708057,0.034360129655521,0.00300815784865915
-0.372828652277404,-0.479001740917401,-0.461648238570584,-0.52580773897777
0.536603643414838,0.522132873809227,0.273338085796639,0.0102107688018784
1.48108574254381,1.2609785476437,1.0006782186083,0.948297585817696
0.52747523854471,0.505871320724727,0.49385267722467,0.712952776984287
0.291632712793725,0.0562662833259091,0.053993515530547,-0.0700051042490585
1.58423942521574,1.16441620532573,0.622827657667944,0.163403993858724
1.2750939022678,1.15788088706306,0.947182361549669,0.816083815062078
1.46564764856147,1.45448767221359,1.21211746581874,0.934650642600536
0.000400714459187435,0.25681640125623,0.200485280338337,0.207839364953258
1.24881903338939,0.771771243098587,0.348355475131053,0.108873644878804
0.403196308030035,0.402655787091479,0.232209546935969,0.382587783251336
0.947547618965674,0.825366257318336,0.596248175401142,0.640216244462721
0.103365469613039,0.076408460839009,-0.0926632101577037,0.0237312308892678
0.702516005245939,0.221142390645579,0.062870868026821,-0.135986995912517
1.15713871503418,0.905207172670656,0.760157164295106,0.600285026068976
0.457242189470856,0.620839918316964,0.544333241566419,0.534039289910253
0.934936085631634,0.442087001523765,0.147983050595748,0.163216812566807
0.911958866208908,0.772713867681597,0.582654873643052,0.510233777412689
1.36682811849874,1.28111194374532,1.13056961041904,1.03987828328717
1.73979718641025,1.44899752288725,1.12994274609551,0.973136100393774
1.61323262021885,1.05941217816586,0.594132889346015,0.330571857212699
1.08454170170635,0.798024521909998,0.390285580865877,0.473754226250016
0.812103001562182,0.39164034635076,0.0658004778190455,-0.15696469149793
0.176894455022324,0.38307490017827,0.360398638431041,0.376146755217615
0.483913342614215,0.404840173601952,0.155012025078678,0.318878972927941
0.121767588161337,0.0459333255825055,-0.0764744431812044,-0.0699054326192111
0.662770984034647,0.513159031110324,0.417878310262608,0.556074694991006
1.90651958409404,1.45059066746696,1.03506114414504,0.801570942958997
0.871309317670273,0.689574005019894,0.483459194036993,0.321835339941528
1.57522481333937,1.11281739276306,0.707411019756405,0.443232750974187
0.132126753310573,-0.176980445061019,-0.287290898934146,-0.462198741062533
-0.245986085900892,-0.0163916087590847,-0.117425473608986,-0.292277669233975
0.151338928175878,-0.0968406221500986,-0.15100999994127,-0.279477407985925
-0.03763533363704,-0.19784641889151,-0.19615178789896,-0.282786513048263
0.640838343121486,0.581080317085173,0.392112468831356,0.311605562606067
0.844798742692071,0.54300272635565,0.204148085641054,0.217553368293282
0.929707871794102,0.785394577578892,0.601261609140338,0.517671385057183
0.754202079718643,0.820979108906041,0.765752794735354,0.745585272902357
1.84773179739754,1.61717573091895,1.39381010954132,1.21813084911825
1.09773879300703,0.696126228902626,0.287857213158283,0.291556826643704
0.210142739764583,-0.0364155036627748,-0.167957593251701,-0.0550526594249847
1.06440181069659,0.700740358053897,0.39861660349057,0.180246604343334
1.70115040623563,1.19331651388506,0.761477180779973,0.543658594082817
0.431969312944948,0.0602576222683598,-0.23907533059813,-0.379169303291269
1.25736565644336,0.920925820171103,0.613960609890654,0.396018908048596
1.33818267821039,1.20402900945179,0.97303103651814,0.852225882367059
0.244384237534557,-0.0108495628964798,-0.0495599698751596,-0.177133590914245
0.4961212148832,0.192591462931289,-0.0593483766935161,-0.236452618990956
1.70871265996255,1.20920359626398,0.800883784469412,0.541024601554665
0.151294808486353,-0.478658829413317,-0.885419072968506,-1.15568085025417
2.20475312123542,2.0068657424277,1.52477195403331,1.03647749126355
1.50915798081733,1.42836695900077,1.16962415323004,1.31495551327804
0.510324304506544,0.491625228708397,0.338526605696717,0.275204626073481
0.356464769758255,0.135468890795777,0.1239064226547,-0.00250904237909619
1.36130497422936,0.904576901392275,0.466268076950266,0.473704940734079
1.69568951885444,1.21095758618462,0.800858637990823,0.602960800347132
1.76297395678544,1.41078924715356,1.14719310139012,1.04028920151861
0.19611689941106,0.163504800621708,0.142665895698511,0.332448740221553
0.974415686637275,1.12573680407536,1.0837288819857,1.08322371128285
0.42537576653028,0.230032308928381,0.119244103049977,0.236696464201228
2.11298962136219,1.91774958867239,1.53798109934963,1.16021960301807
1.80195116347439,1.8044503473474,1.52244892793243,1.19843829437398
1.64370548524,1.42951305570247,1.02813286245161,1.20780579577924
0.29391694071092,-0.0042053665483911,-0.0646787939611825,-0.196067713898779
1.36740380129047,0.95172642597166,0.537936933862193,0.290399305076807
0.962667748396159,0.766979277324121,0.525763685261337,0.414203807717203
1.13200603771894,0.982949279493645,0.836101538498567,0.712857829331815
0.292522862943014,0.270316383089388,0.146492255977222,0.0901406534154219
2.62535691614857,2.06929953718371,1.57761339444201,1.2659188899748
0.523937471267597,0.177241537034606,-0.0182901722454774,0.0509421780931263
0.215668853224173,0.108651371878332,-0.0195386555271883,-0.120825085082402
0.936637507798007,1.00091538859013,0.898688584109069,0.855537621094292
1.12984553377091,1.43878092448866,1.18052704690977,0.838690119162813
0.808366606388403,0.812829893037052,0.637807883953526,0.798170878429042
1.06001545284708,1.04549561566211,0.841131960697618,1.0082716351846
1.14311888204623,0.73223821187692,0.39148097755453,0.220990985562661
0.936988131919446,0.540529412667079,0.270363072997903,0.187012475824069
0.969441623495235,0.710795737398293,0.362477720107742,0.393918603150125
0.861388789558763,0.787821558826295,0.472577095958123,0.168483092358241
1.5479351309716,1.32991439419129,1.08891804395539,0.95579849674999
0.608590127221612,0.438494326045456,0.187853217702645,0.256151579023185
0.742617235379509,0.729725345498856,0.447725853804568,0.142717704675917
1.30999704683733,0.95639146499147,0.731832075768624,0.77834073850846
0.577454325429859,0.306320752856422,0.228576396101607,0.0783301889172808
1.21639060637113,0.81708874408036,0.457219166467377,0.302687602101035
1.08834969860879,1.1712718707615,0.823701794742014,0.440172908994802
1.06591281289759,0.479458365889711,0.12757242058764,0.0314035248759185
-0.36239236537823,-0.315483878409741,-0.286698000124305,-0.0927929503136857
0.813160801440014,0.386775994446669,0.174193205681121,-0.0408365769170489
0.560324371452503,0.308619749563242,-0.0569270770153114,0.0812338239520509
0.745082705827181,0.186828501696439,-0.1573043161839,-0.271539002393188
1.76034183801296,1.45196209293772,1.18171837460451,0.973944946163511
1.72012218924688,1.31891188625704,0.941751450021675,0.761104057367233
1.3287787492503,1.45994400061958,1.33357904080915,1.14330019607213
0.579023855477977,0.140817333701279,-0.108982164468265,-0.32416818205598
1.96378488383738,1.70297785132865,1.45987809449128,1.25805735829891
2.13186737896926,1.28220261974948,0.660925350424899,0.31735093920047
0.792472638923324,0.728880240264951,0.593196403453897,0.487355188799733
1.17121704056345,1.05422953644779,0.883584902737353,0.741539133775985
0.408041752897141,0.425516279793297,0.260734049732874,0.42222814959812
1.77527059317846,1.36923135911614,1.00784174894587,0.805214525089912
0.416926798880457,0.218756255141331,0.00306607953484472,-0.148046655576482
1.27636463846337,0.878238433525612,0.545396098341544,0.29938600005283
0.297646116612537,0.250822034031454,0.218330211035025,0.312043072775246
0.850951509678195,0.6821966435087,0.481829254238902,0.361153840791017
1.17109249466936,0.890545119305992,0.531800757911466,0.598000699816225
1.9571391614652,1.52901361748417,1.17159455830085,0.920824465524797
0.541216768974344,0.360514231360389,0.162548107211199,0.0293529055494295
0.229053847812478,-0.0872358175998959,-0.209612237915276,-0.372780388793058
0.517404196444208,0.714144419156836,0.728882130201151,0.76303252081099
1.24424524817731,0.876350183393359,0.63316770904976,0.675612151750395
0.484237267262836,0.188940660558542,-0.195073838206543,-0.524224628217596
0.218905408597297,0.436804388413375,0.486653835821458,0.543325639850264
0.823534361738028,0.501840439658198,0.227392610088274,0.0860198766676605
0.659828809451235,0.555421561980741,0.181167739201467,-0.170189700337642
0.824284058002446,0.576370509916938,0.344845386641253,0.180238007517019
2.06413900587511,1.37624965307664,0.836778156695202,0.585791700988181
0.671056252190799,0.334037317694118,0.1227644879928,0.149596641749234
0.904785445863455,0.629821388034784,0.31577991702495,0.19220550788349
0.599469067045508,0.299369474538954,0.0909019991321085,0.0721265783531853
0.535130137746421,0.648675158241785,0.550754558074102,0.75409627903381
0.495311455247241,0.108412380862363,-0.0670154385203321,-0.264124586961108
0.50605790466864,0.169313692807147,0.125052896468785,-0.0286320041382593
1.34489463873017,0.963389731948782,0.611332828782754,0.391811643599963
1.15606010424644,0.971541961792019,0.644642086303358,0.727013118595813
1.94421706277724,1.16028189149062,0.563399369705217,0.192331736486864
1.88890884706959,1.66222097148446,1.1083427147222,0.596497507506708
0.342881281326854,-0.031669810505101,-0.325083722444711,-0.528816007102313
0.0498768887429665,0.0797021199016945,0.0991857017687452,0.28645987029256
-0.144238333174256,-0.365281698764797,-0.416766157605249,-0.518900769859003
0.808584523546665,0.348311541106282,0.0120268102733985,-0.20070964004444
1.48696554564722,0.772953644050064,0.256242975089011,0.0365059530649787
0.987050282654443,0.739326164272721,0.496872173251345,0.357041300693281
1.03240047512622,0.858014404190734,0.623198898407141,0.474917073949394
0.858737302681368,0.5716504971928,0.323457543821606,0.146450876001739
0.60888576134087,0.160400800225968,-0.107729525807522,-0.0789918028997766
0.832175862909868,0.599702623909568,0.31638467077396,0.189840186726471
1.69048022898159,1.06391595789545,0.576583655708753,0.284548836540528
0.894616838062219,0.929496171743328,0.646696292837834,0.324428469321413
0.566412570354334,0.0246712445173506,-0.176674445701977,-0.395964278842417
1.23377644846273,0.883643567454893,0.407434915660046,0.00503597472406009
1.44359624666912,1.03202039209919,0.662779939670891,0.418797993288035
1.01596429737449,0.728267537516205,0.438887221361243,0.300776365384607
0.615118640872399,0.480898014634289,0.389777052214263,0.456669387452745
0.27512956664857,-0.154653290580702,-0.296199644320668,-0.478377440146839
0.689952634329763,0.515091030950762,0.296906892698757,0.175540746280879
0.796070136185719,0.580783957393745,0.303014279884107,0.16213625293319
0.228570156114088,0.0272220195456333,-0.0935848093758304,0.0120302088099645
0.664251383888816,0.379547671449002,0.0678457607318777,0.10916571918132
1.00735587688606,0.448019406490297,0.100956508416964,-0.00659353170161009
0.622297609857983,0.273879273066299,0.0805601159017762,0.21301397403907
0.72512159847845,0.976607518509509,0.85537200106613,0.654518603822377
0.273450997044462,-0.155557500058234,-0.432993497297263,-0.57053008586489
1.67346853919288,1.14252976427897,0.685603681516824,0.360470588905185
0.0112686714693339,-0.368586770767654,-0.523863754599689,-0.660724985784885
0.963422311755717,0.876928450523889,0.568170411443833,0.25075748876865
0.378692694041606,0.26512936415057,0.20023225763105,0.368662470626748
1.58863259033541,1.24477508342561,0.872518520658363,0.677463209110666
1.18358346433368,0.961987332513227,0.579564140362958,0.683304513915036
1.18202450995639,0.897270996113862,0.377928701656944,-0.065602660373747
0.339655674066424,0.209594487061294,0.226585245915454,0.140739087538827
0.578567398241027,0.527027631695697,0.275616628891811,0.448174522774739
0.63799702482715,0.709147412153769,0.605486968774908,0.566874018498596
1.09604506073906,0.683251592815887,0.366600777037897,0.210568018239994
0.576649570345653,0.582916879982577,0.372389029213257,0.583263384337403
1.06263285367289,0.85654702626034,0.602882156160956,0.594943254386274
2.17537611546236,1.80345840802872,1.41198468475206,1.24827471242088
0.851289712250167,0.585142450554716,0.401426382211713,0.372291196023709
2.17914348319789,1.51152295490618,0.973615342374688,0.662115183738091
0.612033372849097,0.339924679769653,0.11131537890588,-0.0460577644705191
0.741571887164821,0.466776776992992,0.404286256920818,0.266686607267208
1.55643832154635,1.59198370953637,1.16426109164637,0.702508650033047
1.55762024874115,1.57951618576675,1.20804506720977,0.808432192699677
0.024599373915991,0.174880213822642,0.198108142994489,0.198337213415347
0.875822951615244,0.659650467640877,0.457026635092592,0.303624847528101
-0.143655234568765,-0.286492729162423,-0.42178445202152,-0.514747702510436
0.116023282741742,-0.040799879266052,-0.279645219678795,-0.165167839164017
1.01314376163548,0.605327590825252,0.346157728370423,0.30989163358143
0.810134130555809,0.620747943917327,0.437009674530714,0.298396483490276
0.971011094832831,0.785222499088139,0.585246574196736,0.418212123477444
0.362753771701026,0.0276710771197125,-0.0697677459222765,-0.233520902260065
0.899395248920337,0.851550639287192,0.528642098204578,0.199740928444099
0.822192170112834,0.350758812075966,0.00902160076808145,-0.199959781131557
1.74511422195903,1.2938404105488,0.880137776621836,0.636281555262478
0.359249476418536,0.542011796386897,0.49915193617154,0.502755197465682
0.134947269892757,-0.218275366350067,-0.354406665855828,-0.526854449868104
1.73927685434777,1.49211460587246,1.14609034054893,0.813912309809873
0.655492458905746,0.153454156202191,-0.0868996110801065,-0.316661386619071
1.24230679683814,0.78360015351475,0.375367918403104,0.146563577536692
0.858398910684565,0.877352176170657,0.760135653106161,0.704583880701859
1.32689619373725,0.827333497050922,0.290161772626542,-0.119364130017783
0.919863780339549,0.635478262169325,0.36540558752557,0.214401781123062
0.41353036834141,0.558242952525893,0.435064761266163,0.404073352840259
1.47137896290856,1.03221842195193,0.664819348999724,0.441223459167974
-0.0204599069255951,-0.198968251808436,-0.248223619756172,-0.347718334072009
1.03857304616939,0.490161835109168,0.00918844733654667,-0.0141945603652354
0.664273364471865,0.531120821957066,0.299787093561917,0.191032697830171
0.938910225826362,0.738225683021942,0.395940514278907,0.0727444199280321
-0.245071674232003,-0.416668472330243,-0.394710868537267,-0.486028338634733
1.34933104204865,1.31739080695877,1.29712559440127,1.56207067020904
0.404283013019369,0.185772043619834,0.0507068895541273,0.190364299990029
0.604126666327893,0.403182845605957,0.207849271237575,0.0671720792444511
0.0984121683172209,-0.112434604258029,-0.237072639025891,-0.168205057929516
-0.0708822971361415,0.0925982496971141,-0.00846280410259551,-0.156551723509006
0.178511238448561,-0.0611783227041872,-0.192219081565935,-0.0536439805500779
1.41673003088721,1.1827760222184,0.874540962731656,0.690500207788155
1.14222643989093,0.900067079422058,0.673037326864594,0.485529398926853
1.44997127792042,0.797042123897163,0.346251201273658,0.184083989338917
0.921537820118217,0.248393861777967,-0.140476394773948,-0.479728600977712
0.564232857253736,0.669552260126758,0.622027613210577,0.613061647854877
0.669477857751958,0.432778324326398,0.313029940228786,0.549584379289414
1.06124618405263,0.604024272966357,0.180407273821021,-0.0493895476078359
1.58421184459095,1.10540918290246,0.712278963214865,0.519595425617212
0.721229878223664,0.619033997223672,0.395728302727747,0.309455549312065
0.648451425205711,0.287920421566142,-0.0456378586962587,-0.301932117116716
-0.0251271679213086,-0.219653269272602,-0.247655072738993,-0.352977637922523
0.73001093296022,0.134262532267192,-0.0680065052747267,-0.290752950406935
1.61304379450771,1.36454574371673,1.00654421331767,1.07521545657889
0.352501991904152,0.231477993650976,0.0535747083688573,-0.0624033950768314
1.57869646375561,1.15861986027957,0.7248338487412,0.732126770395326
1.10535021510533,0.755142980158566,0.521551122544115,0.518350757267789
0.884515773632122,0.429322772233777,0.142360321963072,0.111723715408232
0.344758295980719,0.115048287093075,-0.0975141440885848,-0.248827671634661
0.378126671361306,0.333012005316154,0.15273649323181,0.0639979759292488
0.542121246189711,0.299024764015933,0.258347979826885,0.127220625133761
-0.0995150756781127,0.199194245692517,0.253825535357042,0.314213106021323
0.738123232922078,0.714131258430042,0.396283625056732,0.0760551188231117
0.989944222887541,0.909622819401535,0.700182283446319,0.591146346779183
0.654096109964547,0.433323891733133,0.181890787235494,0.0722484162739215
0.597044278063648,0.578566098405979,0.30485570411002,0.0214981257562918
0.480653976448986,0.266845397959886,0.17863506804598,0.0573435800392958
1.1342574384603,1.08953144897162,0.771274633360741,0.433997485589481
0.685902020013214,0.377028138534644,0.233446934798941,0.0737863827869949
0.0775377789950661,0.258971758190116,0.268395232479502,0.219249691933491
0.43560179594621,0.387054992521182,0.260002362772009,0.12350421729949
0.853633333659832,0.191572428336168,-0.18712149551684,-0.257684045443608
0.627491996076265,0.397854565371517,0.144939703761921,0.0380190475497235
0.746319503333766,0.39344234559091,0.264215289820388,0.0794447581503984
1.51572394083794,1.3367992239749,1.02070299933006,0.863559866088272
0.455746540586269,0.273973510816872,-0.0740577195749637,-0.373710814453309
0.474129044725873,0.341325752092187,0.112644456155567,0.0152607738400193
0.68091650079862,0.202210614778312,-0.0684140554982122,-0.305589386018831
1.33897892324768,1.34436477521738,1.19511502682822,1.12419452857345
1.88903529604827,1.62408648929638,1.31100974753949,1.11762244432087
0.848353137109141,0.574551050680463,0.327496533763232,0.197865869614293
0.778613193780469,0.601690896035671,0.373006766840528,0.352200278007628
1.20528982517605,0.907140091961137,0.570943383900411,0.392969532524494
0.462784105670566,-0.185313250339559,-0.357729818535504,-0.553599271114716
0.969520028423122,0.839716262177978,0.682314530807671,0.561258845839449
0.807304884696637,0.925162611851949,0.899578577216893,0.902814729329817
0.737024919809713,0.539539151370497,0.337091990196806,0.199778113437564
0.593917793932741,0.486728032237182,0.342773570319085,0.225226186152229
0.842717008519138,0.583557058021178,0.368416791210663,0.195464732393811
1.28234905127869,1.02363752596906,0.605647330032295,0.241297973685184
1.28692159282917,1.21543696165318,0.92955744906913,1.12375134628712
1.16230643174617,1.33909990845874,1.29207407216622,1.29237056155634
0.9219160956073,0.592605496594198,0.24324862083132,0.0900371997696482
-0.04180586494191,-0.364769450634123,-0.397877701001789,-0.549245834641076
0.919088402097172,0.3935388775084,0.101666412459769,-0.157338943987635
1.24176533770503,1.36235022648462,1.22401266354853,1.02010035370076
0.74434503637315,0.288049154551189,0.139482236231715,-0.0674991906162214
0.0337080635860187,-0.436271440187952,-0.644248336899239,-0.805957110248055
-0.358716519004153,-0.439724750416369,-0.361742289641315,-0.425070692036632
0.985156023413529,0.55953640202923,0.0876383900903422,0.124964376042925
0.755872638246945,0.286932189958104,0.152258889683217,-0.0749495029628121
0.42819255957788,0.433409497129482,0.437574817718202,0.639338830479875
0.334011113864872,0.665317478610799,0.614840640087733,0.632005229420505
0.974545053411711,0.733203274065965,0.43943851383825,0.46808097337634
1.1390765358399,1.20513734804305,1.17137062671474,1.13155344117501
0.983207700619858,0.936654793862769,0.749502717615639,0.648567768607318
0.143856879074152,-0.0625061123507913,-0.186761936507849,-0.110462920684996
1.37694680206469,0.972284925312867,0.722856989220856,0.759758349842599
0.832239683797483,0.596362095216542,0.379674490382464,0.23045633613758
1.09692827247426,1.01073961751161,0.711374447496606,0.410120866442932
-0.0288040936942599,-0.249043128813653,-0.171074004714572,-0.288540537704197
1.14195574402935,1.06263190758402,0.849300200128978,0.738178440825468
0.379518318278354,0.191017596738881,0.0190367466117909,-0.112703201391678
1.25605884767225,1.02259602994206,0.738563484545949,0.589698038821652
0.467248448083369,0.276861161170639,0.0915184666605378,-0.0219287648992602
0.719492692257301,0.296114647202418,0.177183071392428,-0.0287363047013818
0.500133855895897,0.391634632262559,0.199258446376872,0.252989724775643
1.19431689125929,0.62732757931612,0.210972496421848,-0.0664230906487654
0.677007818430408,0.347270177461174,0.036661896154027,-0.00435963699729786
0.88635255643771,0.805916674634718,0.506629502772307,0.20878938894246
0.322783699800048,0.516265230347765,0.493888218331559,0.508299322464315
1.18360234653786,0.599201357018029,0.149846238740848,-0.157429015816702
-0.428783351469457,-0.228944094791489,-0.125700984279681,-0.0573579542756281
1.97581622173713,1.96834486761909,1.85070261860912,1.77875569554606
0.318562988237792,0.228956222869753,0.0925636090835132,0.015682859246226
1.00249175308664,1.04197959631038,0.836910335270287,1.05727289663436
1.17148152787955,0.631035102247951,0.285503851506346,0.0878682051532551
1.32184091366651,1.18117586807937,1.08578628693447,1.22771472315233
-0.228282756875448,-0.345553920201652,-0.50194758704206,-0.609088711658098
-0.228087221756797,-0.140717630572403,-0.174465988968284,-0.151501637736117
0.509536563409799,0.0401823316805907,-0.432054413716286,-0.785015425854613
0.0370595702979823,-0.0844133897055781,-0.259986142252729,-0.315458992726877
0.191332332059144,0.106397717854616,0.0489086720869548,0.197732458478171
-0.0156678964487295,0.141411525361527,0.0090081871540369,-0.168580585802976
0.566845590928795,0.84834250257033,0.910753827913238,0.985351126874215
0.984439208818249,0.580829294424982,0.251181116028965,0.0729239555809837
0.20552871100343,0.0131959240016468,-0.0603553911195416,-0.162322745891733
1.08284687675263,0.631714901545559,0.256918852944336,0.0328201344447355
0.751357087307064,0.717536887786287,0.353185324380123,0.0110421087828433
0.551536401829866,0.656987066208456,0.667977605422947,0.662925688669831
1.33934715499007,1.34043743368374,1.08921580991238,0.80644772616309
1.40599228056237,0.743540846535262,0.256175370059443,0.0475867362996659
2.05254864624258,1.43195101876112,0.937656582883992,0.662577159510053
1.03353639877174,0.453755399235784,0.172131436618003,-0.0964853623708181
0.981714776702843,0.706183057016054,0.298964603572411,-0.0727599749225352
0.887934134219251,0.621090396683674,0.339213095456994,0.175115854457035
0.73625127094203,0.447400557406599,0.15604430899309,-0.0166526480339159
0.875213776412914,0.706794565850335,0.610852585174321,0.743729070953923
0.586818381864643,0.235841562059671,-0.0418727194558956,-0.215016362477995
1.11262458387773,0.971261054891,0.796080590564789,0.70478210845344
0.526977410007562,0.83916513804062,0.931414114136739,1.03203293956758
1.19137564324867,0.986861377774391,0.740861698039045,0.622088358545373
0.766191032553039,0.630445956947576,0.369119612192606,0.456826698522243
1.58059427827402,1.63641665344778,1.55856164333742,1.559198679171
1.21814044809226,0.678729874284945,0.454182596528741,0.193371413634437
1.03349283097652,1.0013735046129,0.839975961417776,0.761012388451438
0.447943433140609,0.348517690550231,0.283423378351203,0.439720066357467
0.283206652017956,-0.0312905273314775,-0.231360218476696,-0.266217378610912
0.356298519801342,0.498990241937801,0.37281502652531,0.185414401764369
1.14538573083938,0.732410097432309,0.375653643743395,0.157008065764404
-0.0397373807411852,-0.15293882621956,-0.292831466106396,-0.390648180675846
0.937848049282697,0.656763486677359,0.377466433010304,0.289841925357393
0.645456843726469,0.0183734475380803,-0.243687749166869,-0.528415075986014
0.0150107484516828,-0.058412959479979,-0.00526370194690273,-0.0590249817844745
0.36774707786042,0.228873772732164,0.0367503848450165,-0.0265333638598056
0.530949384877064,0.614053425358683,0.535701468303385,0.509736672582432
1.7800340944784,1.34731091583229,0.982044175067026,0.710613120056139
1.16295657759327,0.990015318824357,0.868925097897569,0.955472967275517
1.12995851320465,0.902295612429926,0.745152102617891,0.821292208500245
1.46872051059218,1.28641949254744,1.05194717552677,0.950198398294004
0.83629778682733,0.711050808267421,0.2786095294314,-0.118858835634673
-0.0652260930796839,-0.317406685866442,-0.322705807717116,-0.437023155092246
0.924050243344075,0.744398640454494,0.493182169020631,0.506222202307802
0.490149360229398,0.136969520253371,0.0651719362974332,-0.0935036953523448
1.28939682272199,1.29711135937189,1.11793512080329,1.26902005665399
0.708414707305507,0.341999161211887,0.194149386813836,0.0145950097891807
1.22665568769526,1.25992457137388,1.09698263460931,1.02478417146918
0.987299071385921,0.651946354403369,0.262546608644468,0.32602101354021
2.72794233983955,2.48773212296585,2.08523940864532,1.69661122898498
0.346201407814517,0.291736916779207,0.255909083963449,0.382411310043787
0.846257794370566,0.680967685249129,0.461792931468099,0.343099597327178
0.549714009973583,0.300811472573124,0.0321958653962523,-0.00857451661490066
1.61846264976649,1.23406667984004,0.685554138735998,0.219431871107533
0.702197119101368,0.503551292084085,0.249072474001664,0.251780515466305
0.927740973371561,0.395986842335882,-0.00334754133355758,-0.266033877531925
0.596352848644481,0.124286065008285,-0.241629938466498,-0.480441883688286
1.14713275074808,0.868628620309276,0.551232820929465,0.367230365349423
0.491067335905273,0.24696366507352,0.0966857368811939,0.130463044309005
0.755315221067766,0.459903837101319,0.254460649621698,0.216827372640517
0.681582772933667,0.233060567990879,0.0853334443249669,-0.116337476468536
1.11282141264447,1.18613952594999,0.933309778003759,0.638580218153673
1.29599218239913,0.85032147334942,0.484365431079167,0.312437646128578
-0.43936169473493,-0.514321712911119,-0.621853110603218,-0.699954271563793
0.515570678688979,0.170800326935015,-0.172727387137682,-0.254588156232612
1.11437010121783,0.806357473003007,0.509049053726408,0.35480410813949
0.481754812233945,0.424306507224422,0.277847147257822,0.334803608648115
0.737988866954492,0.593327460647158,0.583796166276655,0.497462833243677
1.79194010310227,1.37151175830816,1.15100994141913,0.919072589385599
0.638298830652111,0.268034911867932,-0.0388505297092029,-0.220555706247489
1.24797548802514,1.00983675009989,0.646444164525658,0.760866658946104
0.768210451736387,0.597934961478843,0.475362169041388,0.480129943611511
1.26715243705189,0.696200881355798,0.366914942578429,0.366780176905397
1.14620822532205,0.858438196963763,0.34553729394472,-0.0993273540296432
1.86926440125671,1.50532300690899,1.17047069848198,0.96666517310702
-0.0922924806994506,0.0868984184430411,0.0443581460702359,0.0479269642393242
0.638950627040277,0.399939958224459,0.0878363160425255,0.185627571804764
1.46529413533008,1.37346989247125,1.03950101594784,0.70274620147487
1.04010391448361,0.783671266452333,0.540004773222701,0.424308350472102
1.39768891531306,1.13655648462972,0.83425458635947,0.832941067626356
-0.0717667056730016,0.0401173559745072,0.0220955564603129,-0.00709127260198839
1.21999888943753,1.00379177774887,0.509573160767528,0.0663703151590892
1.03917267862996,0.667637824155657,0.477927775148068,0.260465568269526
0.231775268371237,0.0770333771305332,-0.108840161517388,-0.247590541132653
0.117075574708967,-0.0126480588300847,-0.222839654392972,-0.335978697190422
1.52997850293497,1.19072313449775,0.884516606921874,0.678523670793827
1.93043974013992,1.84633928273817,1.60920872287227,1.48165598410664
0.391170028185921,0.359676932814948,0.200453820668328,0.308239581825455
0.281200445419795,0.278305420885013,0.184157039836084,0.165259365505273
0.519340882325009,0.113383266736522,0.0286178557302847,-0.141567034811485
1.21826474395617,1.13789609508658,0.855333142617839,0.554115951681833
-0.115896448639199,-0.283004459854912,-0.379389368068163,-0.292678991912706
1.13801323662314,0.765959377140131,0.466888060564751,0.270014006683614
0.413423089510791,-0.067175108484147,-0.317736328258666,-0.519821701823112
1.19059355664029,0.905747257762192,0.532573126493266,0.59620466619594
1.62473661871986,1.3755399273789,1.02968286639769,0.70745962317873
1.10815122814731,0.595404942160852,0.337125920672407,0.0910824530836362
0.827648846190013,0.810605719713537,0.800547664038301,1.01632921611093
0.0975220461190719,-0.040296823634418,-0.0294805797949584,-0.11857264643714
0.235366894715179,0.33991664164902,0.312494183135542,0.312818568120366
0.954014318664804,0.721968825506779,0.575528062637412,0.636027818607333
0.074198312143717,-0.12654821472951,-0.347594935893222,-0.503460876126682
0.138743143767587,0.127288809791174,0.120245084875405,0.306653963010931
0.855695644541785,0.728951294611466,0.487726762373645,0.569525078245564
1.04339572516052,0.687603902565123,0.36575705478075,0.261214943179757
1.22590896659968,0.721979069391692,0.425261120089237,0.454445241616551
1.10103049188047,0.869971333314649,0.449261510700945,0.0559052634020545
0.618646925704663,0.51746254815321,0.376732218759891,0.277440026908494
0.504234843347705,0.00851157332603254,-0.274157131901732,-0.50487249172973
1.18424826560902,0.362056399032027,-0.0244491318214366,-0.319699135326826
1.11142465485316,0.81908902183091,0.629272308852788,0.670316057927126
0.309414654890171,0.112993889436298,0.0154933430431238,-0.103824333005001
1.19274347703367,1.09585582058634,0.937979901931398,0.865227143371551
0.959137620223321,0.805230207750572,0.605311836525803,0.454171650647095
-0.152632093175104,-0.58307419809647,-0.741161986124677,-0.91836463802248
0.97941685917773,1.0370943651459,0.79806614751227,0.5216915524666
0.460200297645178,0.426649821161046,0.264287003683609,0.376239012290036
1.32227759094929,1.15160758940024,0.770634733890452,0.392828008437502
0.424720355394531,0.433755177351359,0.383666790968986,0.331560584230429
0.956433708261193,0.552037510592756,0.13841886119841,0.185808317318909
2.42675502872769,1.89120048790371,1.42454401669349,1.20046126470541
0.501401665192388,0.134471107556962,-0.0776832125391235,-0.0622442423209
1.11480829299018,0.703233498125603,0.345448045013541,0.137457806599305
1.16449521084008,1.19384213080511,1.21648116840036,1.40687654924475
0.188004563902186,0.0819889863806217,-0.102120751475126,-0.201846086907134
0.967377526099988,0.952961901115061,0.865214552535081,0.832744849313188
1.0671433723802,0.533818990265903,0.147718015239,-0.0723837290824232
0.592982744716525,0.347914514566927,0.115526792888588,-0.0412881140410087
0.795060649284319,0.968961884193035,0.932038770731107,0.937254905295024
0.910811862640454,0.471965764007636,0.204674826061489,0.189392645919686
0.205299874511035,0.0537767486347892,-0.152256980122142,-0.256297832127769
0.534169767919464,0.13141816227977,0.0228980758954178,-0.146920930927799
0.659919562254406,0.119287897127333,-0.265074145659935,-0.512425720890018
0.0589267534654279,-0.290733306774551,-0.368958837805269,-0.514187944701649
1.23523515904229,0.740821313241494,0.34908720927642,0.0990324010783767
0.407825046416564,0.259220327823326,0.0451519830008084,-0.0656190601478021
0.228374955279741,-0.244051277527523,-0.564742439900757,-0.740312685379718
0.434294224715899,0.212871580705536,0.0127015010589912,-0.123844389333396
0.675143427451495,0.516807341563362,0.312220550963704,0.173017206567792
1.20950078075928,0.900733280952378,0.450277719559083,0.0559289875305012
1.60527267784029,1.28349921470901,0.864711902154927,0.928030511190192
-0.140752123586132,-0.358447879009163,-0.357289283042055,-0.459495341487958
0.763228266786664,0.515855594937103,0.289953259531748,0.118937990808902
-0.281473477723767,-0.224055516969208,-0.18711442969315,-0.0102547237704346
0.184665704694342,0.229470716236004,0.151143296916879,0.151565882511144
0.449735371183172,0.213864835546078,0.0648957177331273,0.108298144369275
0.617763737822817,0.468512377460721,0.219090438611961,0.27808371920258
-0.542415118152407,-0.454383410281354,-0.401959137530368,-0.21157982572655
-0.0265144793688939,-0.225435210022574,-0.255263448404138,-0.369050450819453
1.14313539201834,0.989743475164513,0.539797491823302,0.102870205493598
0.838557423590213,0.809826622009779,0.690698750420042,0.665505874838072
0.968215859931341,0.714618828845647,0.464829673341677,0.344967086583817
1.65235366928973,1.1051945501515,0.664686563390416,0.39887624129131
0.590956101250668,0.260149182055557,0.126167373593157,-0.0488687314336578
0.0120436436637095,-0.229984908130956,-0.295550747444205,-0.422682252774353
1.02770176449701,0.844589674202215,0.631126683758777,0.511813145968344
1.18658756167369,1.18051459992618,1.00120187677204,0.911574869334442
0.557280008795095,0.379419243736622,0.189416908902772,0.050847898281472
0.125158437133455,0.0577437465224803,0.130698461357616,0.0765111991584068
0.927003542049961,0.693477771827762,0.415069505363709,0.401951878666109
1.08309162855925,1.03274684541676,0.814482499175026,0.942679436385803
0.456042339463073,0.301124464604589,0.122833523292599,-0.00798152484077191
0.66692965721009,0.585244638061462,0.452729090800879,0.389336711818105
0.959970276797422,0.638233325489382,0.286899711067041,0.240086834497404
0.167504726480999,-0.0613234284099835,-0.0952486893681349,-0.204616150336717
0.386157180584924,0.404012130620299,0.229870899032431,0.402822854954147
1.70309097877161,1.16508716144429,0.671584449645397,0.289107390748112
1.37641503211793,1.37242291576107,1.18420165584614,1.09618161573354
0.120707660529275,-0.348503545741994,-0.549102787344329,-0.76395504589949
1.43141766752177,1.2487098872961,1.06111902429758,0.912953115700997
1.05061795079428,1.2079637996449,1.01933319277315,0.77236960827855
0.0793235886815856,-0.166923880216358,-0.382005705048855,-0.475391177535905
0.627887627687918,0.208007974940824,-0.0423973360205847,-0.0206969773189726
1.40931284945669,1.03649362699453,0.524676507304196,0.0862493141690807
0.675544172825061,0.488816902036735,0.269268382950058,0.13074046935436
1.34738675108675,1.43741832539775,1.35618263777628,1.32831498734382
1.13001577674241,0.97102788211865,0.816308199853109,0.710503366816034
-0.265092441913695,-0.496971488943646,-0.499092767595921,-0.612038892968421
0.91599001686996,0.833886893747481,0.699790948007297,0.699023421992444
0.586548091186835,0.548157489465254,0.521636893831292,0.668341200136212
1.22116064769979,0.703380410276419,0.320800929385287,0.0686494578063018
-0.0424841721923424,-0.0442617141011202,-0.0448760693865336,0.0936040088890268
-0.0271616129086936,0.0636399021951468,0.0269388112772228,0.0217297291603454
0.94761456770208,0.792404990863856,0.520407753841204,0.396961973744959
-0.676849467540533,-0.538096495360623,-0.516592214445194,-0.486781439653871
0.648147792011447,0.303716077327512,0.0211869811650658,-0.139629337615359
0.758450031090812,0.336632019424107,0.00912819548677429,-0.197434865679745
0.35967793647755,0.313000056463959,0.282534240148852,0.481914125752196
-0.053745913392385,-0.164984854010757,-0.413953753403364,-0.248187589908569
0.669024212032618,0.230902726360898,0.0847781436825105,-0.109472528056981
1.41586040318803,0.968438502762248,0.60790415891786,0.439376672659494
1.83871597560472,1.36265826350814,0.963158946600142,0.779407705601697
0.963078816157786,1.29921549680321,1.05419635016241,0.722662114211338
1.35242557866816,1.10427801625078,0.616543463744883,0.20496500989021
0.390732900169341,0.353848675375645,0.120739041452914,-0.145235544344803
1.08557822351241,0.784665517720375,0.441428887730548,0.466515189878639
1.09130293015048,0.923168636731342,0.625754886598084,0.728687919150511
1.27340012916293,1.40317625726706,1.41369036450003,1.46720661663384
1.34609583305024,1.11588091938408,0.869529807448788,0.748200734307657
0.861326565025892,0.810073026861255,0.693237248393979,0.604187367049886
1.6423513105542,0.944819992224881,0.443551960625813,0.112318048770815
0.234382057609441,-0.395917855832877,-0.692429065588616,-0.944948712203174
0.500307640386031,0.416475256949594,0.281672926757257,0.178085890185769
0.985340202704815,0.551836005448935,0.195432063766419,0.00382798915723381
0.9767608878807,0.723457006396053,0.533516082227555,0.488069712969488
1.81833399531509,1.15636057697827,0.673858396880023,0.365593661363117
1.48761620998618,1.0893837206623,0.752443127043277,0.503179330202442
0.753212372973508,0.578068533935688,0.387100235030755,0.233241225398644
0.0398424855188662,-0.236501881906516,-0.296808233430718,-0.420848668714743
1.7837967146385,1.2977533512567,0.841376921299343,0.533674714159555
0.839733792122218,0.593692624779815,0.361774671245844,0.234092292673899
1.41672824234238,0.703938250345338,0.188629939198083,-0.068281077910487
1.81742417614625,1.20701963365214,0.730310035679389,0.418142839758405
1.98239689541362,1.63922680853352,1.32876614074565,1.09236585694857
0.764638764087198,0.747258413449464,0.50815945330332,0.245166568782221
-0.00999960349729345,-0.0384582421734271,-0.194996557813142,-0.250952135512935
0.73322303206322,0.679916249331083,0.314307377529704,-0.0493306340472091
0.116708657527368,-0.0934665251585073,-0.230402529534338,-0.170112733479816
0.730571578562398,0.449590900012113,0.285690499836091,0.38262187364496
1.02090214797293,1.09905985586598,0.976188160679783,0.933544984150348
0.995131066218319,0.874783650407108,0.69101030776341,0.608781021930506
0.497896256198328,0.689940540294853,0.624122638712468,0.619036598741538
0.733530285950915,0.147797738499844,-0.0982886530994509,-0.314177376568406
0.560936244921075,0.294028400844865,0.0402869042252275,-0.0567620311083371
0.789881093169766,0.572435254931006,0.204721646207574,0.426651395106196
0.352061701411725,-0.0583072528787593,-0.370087308026644,-0.572891921577828
0.572992590177003,0.265094161261276,0.00225598052486811,-0.192577807073952
0.0786621985482261,-0.230502937358182,-0.299239277809817,-0.432494156367667
1.71732264438285,1.23669799009686,0.752247176224562,0.784110817283514
0.944956488176455,0.677061950493441,0.340317216423408,0.397583445198665
1.42721708715403,1.17131166919198,0.89811155340525,0.822089612922919
1.05454076537835,0.873195273257329,0.610420606997586,0.475826580862546
1.13898760932026,1.01539095008499,0.831074919378141,0.702101647737427
0.780500240283058,0.765935991111404,0.644254896064656,0.728052090974408
-0.0287501934841332,-0.0490524043551882,-0.0636203656092887,0.0196595742843409
0.723835433212878,0.712016335668846,0.647834548687659,0.588269371668958
1.51636696401083,0.918168204933165,0.421193485435701,0.403612892949099
0.0419798683150828,-0.256463449157026,-0.28322317375922,-0.438868893311892
1.03581609360796,0.986460925792399,0.861213523605488,0.818631484075645
1.20942010308249,0.968673574154625,0.639471255281931,0.693261648366084
1.8097823440961,1.88904867956654,1.90731992502265,1.94546987768692
1.13288508077633,1.00552983563061,0.815867630732919,0.701349291475658
1.20398639271776,1.15771085450881,0.981383032224909,1.06441036938722
1.71560633544261,1.6574874545163,1.27466419214015,0.879814440383582
0.0715666370563837,-0.115668588400141,-0.237824063562006,-0.11359359488045
-0.322730949806348,-0.314172365558204,-0.368438636911934,-0.415228501211822
0.759800665393994,0.342740050295234,0.153030534173465,-0.0734976405602323
-0.0322215458167635,-0.303019502337324,-0.356527852216821,-0.490407405689793
-0.0360960415438418,0.051146152408141,-0.0317159277725383,0.12865467347131
1.38776247125426,1.12141862069079,0.824139019559394,0.700636051610514
1.21593399674724,0.842917442670008,0.482990031636765,0.271087889708266
1.69655767721613,1.43962067265828,1.14362071175251,1.01719772945367
0.0293057227249619,0.0170045405846966,-0.025344219047373,-0.0643093744780724
0.95276424560539,0.908472974087552,0.715806857192948,0.62789556200964
1.72067239081968,1.11811893140333,0.399352833168075,-0.173317281086532
1.57517882621183,1.29249517153313,0.990380104375172,0.845079277019807
1.15237883520406,0.6227157706925,0.206138121513175,0.00297054851763623
-0.106060277214102,-0.0539818868395375,0.164398633884079,0.140098129223037
1.02459953491613,0.877045785732028,0.613981583677354,0.358800161960154
0.287720773525673,0.295686895962157,0.221497466019084,0.183390356072679
0.590523408314932,0.268365169261466,-0.0183293410259487,-0.217426279728283
0.425949624013354,0.00755244216205309,-0.287624661143043,-0.470574030783198
1.63277801586696,1.15711281047269,0.751722824953899,0.527284790344459
0.647034439877724,0.508093724267863,0.240436372416779,0.119681273986606
0.00681713173480492,0.0266604658335524,-0.024731536506593,-0.0278283668839695
0.533894492605362,0.14453005232658,-0.165794448239969,-0.378613373751596
0.035859276262841,0.0129189814757534,0.000523417771541079,0.173254867392732
0.505264796568295,0.646317985857909,0.442477654755715,0.18134599807763
1.02644258049632,0.541602423120646,0.308786095257489,0.0980237701977529
1.60622748068455,1.22214535812645,0.883899023452412,0.693758271285204
0.510931438795135,0.723658516391167,0.697622850135885,0.712690646038673
0.968598440785633,0.601994779390783,0.422382051733314,0.224378039085595
1.03060287803987,0.881540532108979,0.776153233802477,0.877617958938963
0.646316177576561,0.391897477679805,0.148859269959445,-0.0276578265617822
